1.0756, -0.3701, 1.5021, 0.0207, -0.0238, 0.1234
1.0745, -0.3719, 1.5088, 0.0205, -0.0234, 0.1233
1.0740, -0.3726, 1.5138, 0.0205, -0.0231, 0.1231
1.0741, -0.3719, 1.5166, 0.0207, -0.0231, 0.1230
1.0757, -0.3698, 1.5215, 0.0211, -0.0232, 0.1228
1.0743, -0.3684, 1.5300, 0.0213, -0.0228, 0.1226
1.0674, -0.3705, 1.5369, 0.0206, -0.0212, 0.1224
1.0563, -0.3751, 1.5355, 0.0196, -0.0191, 0.1222
1.0427, -0.3791, 1.5242, 0.0188, -0.0166, 0.1220
1.0311, -0.3793, 1.5109, 0.0187, -0.0146, 0.1218
1.0267, -0.3754, 1.5026, 0.0192, -0.0139, 0.1215
1.0283, -0.3690, 1.4981, 0.0202, -0.0142, 0.1211
1.0286, -0.3642, 1.4943, 0.0207, -0.0143, 0.1209
1.0271, -0.3625, 1.4921, 0.0206, -0.0141, 0.1206
1.0282, -0.3616, 1.4949, 0.0202, -0.0143, 0.1204
1.0319, -0.3586, 1.5017, 0.0201, -0.0150, 0.1202
1.0371, -0.3532, 1.5078, 0.0204, -0.0159, 0.1200
1.0424, -0.3497, 1.5093, 0.0204, -0.0170, 0.1198
1.0457, -0.3521, 1.5068, 0.0194, -0.0178, 0.1196
1.0482, -0.3552, 1.5039, 0.0183, -0.0185, 0.1194
1.0495, -0.3545, 1.5006, 0.0179, -0.0190, 0.1192
1.0467, -0.3541, 1.4941, 0.0174, -0.0189, 0.1189
1.0427, -0.3571, 1.4858, 0.0165, -0.0186, 0.1186
1.0416, -0.3604, 1.4783, 0.0155, -0.0188, 0.1183
1.0418, -0.3629, 1.4705, 0.0146, -0.0191, 0.1179
1.0422, -0.3663, 1.4604, 0.0137, -0.0196, 0.1176
1.0434, -0.3694, 1.4486, 0.0128, -0.0202, 0.1172
1.0462, -0.3671, 1.4364, 0.0129, -0.0212, 0.1168
1.0517, -0.3558, 1.4270, 0.0146, -0.0227, 0.1163
1.0575, -0.3408, 1.4209, 0.0168, -0.0243, 0.1157
1.0624, -0.3266, 1.4164, 0.0188, -0.0256, 0.1151
1.0687, -0.3130, 1.4125, 0.0208, -0.0273, 0.1144
1.0757, -0.3029, 1.4062, 0.0223, -0.0292, 0.1139
1.0798, -0.2974, 1.3959, 0.0230, -0.0307, 0.1133
1.0825, -0.2932, 1.3846, 0.0235, -0.0319, 0.1127
1.0878, -0.2876, 1.3762, 0.0243, -0.0335, 0.1121
1.0952, -0.2803, 1.3735, 0.0254, -0.0355, 0.1115
1.1017, -0.2742, 1.3735, 0.0261, -0.0372, 0.1109
1.1083, -0.2702, 1.3728, 0.0266, -0.0390, 0.1103
1.1170, -0.2663, 1.3716, 0.0271, -0.0411, 0.1098
1.1255, -0.2652, 1.3681, 0.0272, -0.0432, 0.1093
1.1304, -0.2682, 1.3602, 0.0267, -0.0447, 0.1089
1.1317, -0.2729, 1.3506, 0.0258, -0.0454, 0.1085
1.1302, -0.2780, 1.3413, 0.0249, -0.0456, 0.1081
1.1269, -0.2816, 1.3332, 0.0241, -0.0454, 0.1078
1.1243, -0.2831, 1.3257, 0.0238, -0.0454, 0.1075
1.1242, -0.2826, 1.3163, 0.0238, -0.0458, 0.1073
1.1260, -0.2810, 1.3052, 0.0241, -0.0467, 0.1070
1.1309, -0.2783, 1.2962, 0.0246, -0.0480, 0.1067
1.1386, -0.2737, 1.2900, 0.0254, -0.0498, 0.1064
1.1463, -0.2683, 1.2832, 0.0263, -0.0517, 0.1062
1.1533, -0.2621, 1.2752, 0.0273, -0.0534, 0.1060
1.1593, -0.2558, 1.2690, 0.0283, -0.0549, 0.1057
1.1606, -0.2522, 1.2637, 0.0288, -0.0555, 0.1055
1.1560, -0.2532, 1.2566, 0.0283, -0.0550, 0.1053
1.1483, -0.2587, 1.2475, 0.0271, -0.0539, 0.1052
1.1397, -0.2654, 1.2356, 0.0257, -0.0527, 0.1051
1.1326, -0.2680, 1.2236, 0.0250, -0.0518, 0.1049
1.1280, -0.2637, 1.2162, 0.0254, -0.0514, 0.1047
1.1251, -0.2552, 1.2111, 0.0265, -0.0513, 0.1044
1.1249, -0.2467, 1.2065, 0.0278, -0.0517, 0.1041
1.1275, -0.2392, 1.2021, 0.0289, -0.0525, 0.1038
1.1309, -0.2319, 1.1954, 0.0300, -0.0536, 0.1035
1.1345, -0.2259, 1.1850, 0.0310, -0.0548, 0.1032
1.1366, -0.2237, 1.1731, 0.0313, -0.0558, 0.1029
1.1361, -0.2264, 1.1607, 0.0308, -0.0562, 0.1026
1.1354, -0.2329, 1.1479, 0.0297, -0.0565, 0.1024
1.1373, -0.2402, 1.1369, 0.0285, -0.0573, 0.1022
1.1412, -0.2459, 1.1284, 0.0275, -0.0584, 0.1019
1.1435, -0.2501, 1.1217, 0.0267, -0.0592, 0.1015
1.1456, -0.2524, 1.1168, 0.0263, -0.0598, 0.1011
1.1500, -0.2527, 1.1138, 0.0262, -0.0609, 0.1008
1.1542, -0.2530, 1.1111, 0.0261, -0.0619, 0.1004
1.1575, -0.2538, 1.1085, 0.0259, -0.0627, 0.1000
1.1617, -0.2531, 1.1065, 0.0260, -0.0636, 0.0996
1.1657, -0.2516, 1.1026, 0.0262, -0.0646, 0.0993
1.1690, -0.2520, 1.0983, 0.0261, -0.0654, 0.0990
1.1714, -0.2527, 1.0964, 0.0259, -0.0660, 0.0986
1.1713, -0.2508, 1.0951, 0.0261, -0.0660, 0.0983
1.1685, -0.2481, 1.0931, 0.0264, -0.0656, 0.0980
1.1643, -0.2479, 1.0901, 0.0264, -0.0649, 0.0977
1.1619, -0.2470, 1.0865, 0.0265, -0.0644, 0.0973
1.1641, -0.2417, 1.0846, 0.0274, -0.0648, 0.0969
1.1691, -0.2369, 1.0837, 0.0283, -0.0656, 0.0966
1.1758, -0.2347, 1.0818, 0.0288, -0.0668, 0.0962
1.1848, -0.2318, 1.0794, 0.0295, -0.0684, 0.0959
1.1922, -0.2297, 1.0760, 0.0300, -0.0697, 0.0955
1.1942, -0.2305, 1.0713, 0.0299, -0.0701, 0.0952
1.1916, -0.2349, 1.0674, 0.0291, -0.0696, 0.0949
1.1847, -0.2441, 1.0633, 0.0274, -0.0684, 0.0947
1.1775, -0.2543, 1.0598, 0.0255, -0.0670, 0.0945
1.1732, -0.2601, 1.0588, 0.0244, -0.0662, 0.0943
1.1699, -0.2610, 1.0549, 0.0243, -0.0657, 0.0939
1.1699, -0.2578, 1.0478, 0.0249, -0.0658, 0.0936
1.1739, -0.2528, 1.0422, 0.0260, -0.0667, 0.0932
1.1789, -0.2486, 1.0398, 0.0268, -0.0678, 0.0929
1.1837, -0.2452, 1.0421, 0.0274, -0.0686, 0.0925
1.1878, -0.2437, 1.0456, 0.0275, -0.0693, 0.0922
1.1897, -0.2448, 1.0459, 0.0273, -0.0697, 0.0920
1.1885, -0.2473, 1.0447, 0.0268, -0.0695, 0.0919
1.1849, -0.2492, 1.0410, 0.0263, -0.0689, 0.0918
1.1803, -0.2516, 1.0325, 0.0258, -0.0683, 0.0917
1.1769, -0.2559, 1.0228, 0.0250, -0.0680, 0.0917
1.1755, -0.2594, 1.0148, 0.0244, -0.0679, 0.0916
1.1727, -0.2595, 1.0052, 0.0243, -0.0676, 0.0914
1.1685, -0.2548, 0.9947, 0.0251, -0.0672, 0.0912
1.1647, -0.2484, 0.9886, 0.0260, -0.0667, 0.0910
1.1612, -0.2425, 0.9875, 0.0268, -0.0661, 0.0907
1.1602, -0.2363, 0.9893, 0.0276, -0.0659, 0.0905
1.1633, -0.2301, 0.9931, 0.0285, -0.0664, 0.0903
1.1683, -0.2261, 0.9973, 0.0290, -0.0672, 0.0901
1.1726, -0.2253, 1.0004, 0.0289, -0.0679, 0.0899
1.1768, -0.2254, 1.0041, 0.0287, -0.0686, 0.0897
1.1814, -0.2245, 1.0091, 0.0286, -0.0694, 0.0895
1.1878, -0.2219, 1.0138, 0.0289, -0.0705, 0.0894
1.1986, -0.2184, 1.0191, 0.0293, -0.0724, 0.0893
1.2111, -0.2161, 1.0261, 0.0296, -0.0746, 0.0892
1.2206, -0.2165, 1.0313, 0.0295, -0.0762, 0.0891
1.2257, -0.2181, 1.0329, 0.0293, -0.0771, 0.0890
1.2289, -0.2169, 1.0326, 0.0296, -0.0777, 0.0889
1.2297, -0.2132, 1.0295, 0.0304, -0.0779, 0.0889
1.2264, -0.2093, 1.0229, 0.0312, -0.0775, 0.0888
1.2224, -0.2056, 1.0175, 0.0319, -0.0769, 0.0888
1.2204, -0.2031, 1.0153, 0.0324, -0.0766, 0.0888
1.2212, -0.2023, 1.0136, 0.0328, -0.0769, 0.0888
1.2243, -0.2025, 1.0126, 0.0329, -0.0776, 0.0888
1.2282, -0.2020, 1.0156, 0.0331, -0.0783, 0.0888
1.2308, -0.2006, 1.0207, 0.0334, -0.0788, 0.0887
1.2302, -0.2015, 1.0236, 0.0334, -0.0788, 0.0886
1.2279, -0.2051, 1.0234, 0.0328, -0.0785, 0.0886
1.2248, -0.2104, 1.0215, 0.0320, -0.0781, 0.0886
1.2185, -0.2172, 1.0194, 0.0308, -0.0771, 0.0886
1.2092, -0.2233, 1.0156, 0.0297, -0.0755, 0.0886
1.1998, -0.2277, 1.0110, 0.0289, -0.0740, 0.0887
1.1903, -0.2315, 1.0072, 0.0282, -0.0724, 0.0887
1.1804, -0.2351, 1.0034, 0.0276, -0.0706, 0.0887
1.1721, -0.2376, 1.0001, 0.0272, -0.0692, 0.0887
1.1684, -0.2375, 0.9987, 0.0273, -0.0685, 0.0886
1.1724, -0.2333, 0.9995, 0.0281, -0.0691, 0.0885
1.1817, -0.2262, 1.0014, 0.0295, -0.0708, 0.0885
1.1925, -0.2181, 1.0055, 0.0310, -0.0727, 0.0884
1.2029, -0.2096, 1.0098, 0.0325, -0.0744, 0.0883
1.2098, -0.2047, 1.0104, 0.0335, -0.0756, 0.0882
1.2123, -0.2050, 1.0069, 0.0336, -0.0760, 0.0881
1.2123, -0.2064, 1.0020, 0.0334, -0.0760, 0.0881
1.2111, -0.2063, 0.9979, 0.0335, -0.0757, 0.0879
1.2093, -0.2042, 0.9954, 0.0339, -0.0753, 0.0878
1.2079, -0.2006, 0.9944, 0.0345, -0.0749, 0.0876
1.2078, -0.1956, 0.9954, 0.0352, -0.0748, 0.0875
1.2097, -0.1905, 0.9983, 0.0358, -0.0749, 0.0874
1.2114, -0.1904, 1.0005, 0.0356, -0.0750, 0.0874
1.2091, -0.1972, 0.9995, 0.0342, -0.0745, 0.0874
1.2056, -0.2063, 0.9963, 0.0324, -0.0738, 0.0876
1.2049, -0.2148, 0.9931, 0.0308, -0.0736, 0.0876
1.2042, -0.2231, 0.9917, 0.0292, -0.0735, 0.0877
1.2015, -0.2296, 0.9934, 0.0279, -0.0729, 0.0878
1.1993, -0.2314, 0.9961, 0.0275, -0.0724, 0.0878
1.1992, -0.2284, 0.9975, 0.0280, -0.0723, 0.0877
1.1994, -0.2215, 0.9971, 0.0292, -0.0724, 0.0875
1.1986, -0.2133, 0.9955, 0.0306, -0.0723, 0.0874
1.1961, -0.2067, 0.9930, 0.0318, -0.0719, 0.0873
1.1917, -0.2003, 0.9897, 0.0330, -0.0712, 0.0871
1.1858, -0.1933, 0.9863, 0.0342, -0.0701, 0.0870
1.1796, -0.1886, 0.9824, 0.0351, -0.0690, 0.0869
1.1759, -0.1867, 0.9789, 0.0356, -0.0683, 0.0868
1.1749, -0.1873, 0.9747, 0.0358, -0.0681, 0.0866
1.1766, -0.1897, 0.9695, 0.0358, -0.0683, 0.0865
1.1810, -0.1938, 0.9676, 0.0354, -0.0691, 0.0864
1.1856, -0.1986, 0.9691, 0.0348, -0.0698, 0.0863
1.1898, -0.2010, 0.9708, 0.0346, -0.0705, 0.0862
1.1934, -0.2025, 0.9711, 0.0346, -0.0711, 0.0860
1.1946, -0.2064, 0.9700, 0.0342, -0.0714, 0.0859
1.1956, -0.2104, 0.9701, 0.0338, -0.0716, 0.0859
1.1968, -0.2097, 0.9704, 0.0342, -0.0718, 0.0857
1.1964, -0.2036, 0.9676, 0.0356, -0.0719, 0.0856
1.1938, -0.1967, 0.9631, 0.0370, -0.0715, 0.0854
1.1906, -0.1907, 0.9593, 0.0383, -0.0710, 0.0852
1.1930, -0.1815, 0.9577, 0.0401, -0.0715, 0.0850
1.2003, -0.1714, 0.9579, 0.0421, -0.0729, 0.0847
1.2049, -0.1663, 0.9558, 0.0433, -0.0737, 0.0844
1.2026, -0.1656, 0.9486, 0.0436, -0.0734, 0.0843
1.1964, -0.1651, 0.9384, 0.0439, -0.0725, 0.0843
1.1938, -0.1648, 0.9314, 0.0442, -0.0722, 0.0842
1.1964, -0.1660, 0.9291, 0.0441, -0.0728, 0.0843
1.1995, -0.1671, 0.9278, 0.0439, -0.0734, 0.0843
1.2015, -0.1676, 0.9264, 0.0438, -0.0740, 0.0844
1.2013, -0.1677, 0.9248, 0.0438, -0.0741, 0.0846
1.1989, -0.1668, 0.9235, 0.0438, -0.0739, 0.0847
1.1957, -0.1650, 0.9247, 0.0439, -0.0736, 0.0849
1.1940, -0.1659, 0.9291, 0.0435, -0.0734, 0.0851
1.1946, -0.1703, 0.9346, 0.0425, -0.0735, 0.0853
1.1948, -0.1748, 0.9375, 0.0416, -0.0736, 0.0854
1.1927, -0.1770, 0.9368, 0.0411, -0.0734, 0.0855
1.1890, -0.1774, 0.9351, 0.0410, -0.0729, 0.0856
1.1863, -0.1790, 0.9336, 0.0408, -0.0724, 0.0856
1.1848, -0.1800, 0.9296, 0.0407, -0.0723, 0.0855
1.1822, -0.1788, 0.9239, 0.0410, -0.0720, 0.0855
1.1771, -0.1803, 0.9200, 0.0407, -0.0711, 0.0855
1.1696, -0.1859, 0.9173, 0.0397, -0.0697, 0.0855
1.1610, -0.1915, 0.9110, 0.0387, -0.0681, 0.0855
1.1529, -0.1931, 0.9016, 0.0386, -0.0667, 0.0854
1.1472, -0.1919, 0.8943, 0.0389, -0.0658, 0.0854
1.1476, -0.1909, 0.8911, 0.0391, -0.0659, 0.0853
1.1538, -0.1916, 0.8914, 0.0391, -0.0670, 0.0852
1.1610, -0.1944, 0.8922, 0.0388, -0.0683, 0.0851
1.1668, -0.1970, 0.8928, 0.0384, -0.0694, 0.0851
1.1704, -0.1971, 0.8953, 0.0384, -0.0700, 0.0850
1.1730, -0.1956, 0.9013, 0.0385, -0.0704, 0.0849
1.1777, -0.1928, 0.9090, 0.0389, -0.0712, 0.0848
1.1854, -0.1883, 0.9159, 0.0396, -0.0726, 0.0847
1.1936, -0.1841, 0.9219, 0.0403, -0.0741, 0.0846
1.2011, -0.1818, 0.9283, 0.0407, -0.0755, 0.0845
1.2097, -0.1813, 0.9347, 0.0407, -0.0771, 0.0845
1.2195, -0.1810, 0.9389, 0.0408, -0.0789, 0.0845
1.2288, -0.1791, 0.9412, 0.0411, -0.0807, 0.0844
1.2352, -0.1778, 0.9425, 0.0414, -0.0819, 0.0844
1.2383, -0.1793, 0.9425, 0.0411, -0.0826, 0.0844
1.2405, -0.1824, 0.9425, 0.0405, -0.0830, 0.0846
1.2453, -0.1843, 0.9449, 0.0401, -0.0839, 0.0847
1.2543, -0.1833, 0.9521, 0.0402, -0.0855, 0.0849
1.2651, -0.1804, 0.9624, 0.0406, -0.0873, 0.0850
1.2716, -0.1778, 0.9694, 0.0410, -0.0885, 0.0851
1.2718, -0.1760, 0.9715, 0.0411, -0.0886, 0.0851
1.2695, -0.1751, 0.9720, 0.0412, -0.0882, 0.0852
1.2666, -0.1747, 0.9711, 0.0411, -0.0878, 0.0853
1.2638, -0.1745, 0.9679, 0.0410, -0.0875, 0.0854
1.2590, -0.1743, 0.9632, 0.0409, -0.0868, 0.0855
1.2516, -0.1731, 0.9593, 0.0409, -0.0856, 0.0855
1.2467, -0.1688, 0.9586, 0.0414, -0.0847, 0.0856
1.2468, -0.1627, 0.9617, 0.0422, -0.0847, 0.0856
1.2493, -0.1579, 0.9661, 0.0429, -0.0851, 0.0855
1.2515, -0.1556, 0.9717, 0.0433, -0.0854, 0.0854
1.2516, -0.1566, 0.9788, 0.0430, -0.0852, 0.0853
1.2487, -0.1591, 0.9848, 0.0424, -0.0843, 0.0852
1.2446, -0.1606, 0.9889, 0.0420, -0.0833, 0.0851
1.2423, -0.1617, 0.9928, 0.0417, -0.0826, 0.0849
1.2442, -0.1601, 0.9993, 0.0420, -0.0827, 0.0847
1.2479, -0.1536, 1.0073, 0.0430, -0.0831, 0.0845
1.2484, -0.1458, 1.0117, 0.0444, -0.0830, 0.0843
1.2439, -0.1424, 1.0126, 0.0450, -0.0820, 0.0842
1.2386, -0.1436, 1.0136, 0.0447, -0.0809, 0.0841
1.2361, -0.1450, 1.0171, 0.0445, -0.0803, 0.0840
1.2361, -0.1463, 1.0216, 0.0443, -0.0801, 0.0839
1.2374, -0.1493, 1.0228, 0.0439, -0.0802, 0.0838
1.2367, -0.1543, 1.0185, 0.0432, -0.0801, 0.0837
1.2310, -0.1597, 1.0080, 0.0424, -0.0793, 0.0836
1.2226, -0.1637, 0.9956, 0.0418, -0.0780, 0.0835
1.2132, -0.1685, 0.9850, 0.0410, -0.0765, 0.0834
1.2017, -0.1755, 0.9743, 0.0398, -0.0746, 0.0833
1.1925, -0.1799, 0.9636, 0.0392, -0.0731, 0.0831
1.1887, -0.1797, 0.9553, 0.0393, -0.0726, 0.0830
1.1883, -0.1793, 0.9506, 0.0394, -0.0727, 0.0829
1.1897, -0.1803, 0.9478, 0.0392, -0.0731, 0.0828
1.1909, -0.1805, 0.9477, 0.0392, -0.0734, 0.0828
1.1900, -0.1808, 0.9514, 0.0390, -0.0732, 0.0827
1.1871, -0.1841, 0.9532, 0.0384, -0.0727, 0.0827
1.1836, -0.1888, 0.9495, 0.0377, -0.0721, 0.0827
1.1796, -0.1930, 0.9442, 0.0370, -0.0715, 0.0827
1.1750, -0.1951, 0.9414, 0.0367, -0.0707, 0.0827
1.1714, -0.1940, 0.9403, 0.0369, -0.0700, 0.0827
1.1693, -0.1927, 0.9383, 0.0371, -0.0697, 0.0827
1.1669, -0.1923, 0.9352, 0.0372, -0.0693, 0.0827
1.1655, -0.1902, 0.9330, 0.0375, -0.0691, 0.0827
1.1675, -0.1876, 0.9321, 0.0378, -0.0695, 0.0828
1.1712, -0.1880, 0.9320, 0.0377, -0.0703, 0.0829
1.1736, -0.1903, 0.9314, 0.0372, -0.0708, 0.0832
1.1756, -0.1926, 0.9306, 0.0368, -0.0712, 0.0834
1.1802, -0.1979, 0.9315, 0.0358, -0.0720, 0.0837
1.1867, -0.2080, 0.9337, 0.0341, -0.0731, 0.0841
1.1936, -0.2201, 0.9373, 0.0320, -0.0742, 0.0844
1.2017, -0.2285, 0.9424, 0.0305, -0.0756, 0.0847
1.2096, -0.2300, 0.9479, 0.0301, -0.0770, 0.0850
1.2148, -0.2271, 0.9524, 0.0304, -0.0780, 0.0852
1.2202, -0.2221, 0.9555, 0.0311, -0.0790, 0.0854
1.2283, -0.2138, 0.9580, 0.0324, -0.0806, 0.0856
1.2339, -0.2057, 0.9597, 0.0336, -0.0818, 0.0858
1.2337, -0.2017, 0.9588, 0.0342, -0.0820, 0.0860
1.2293, -0.2017, 0.9538, 0.0340, -0.0814, 0.0862
1.2220, -0.2026, 0.9477, 0.0336, -0.0803, 0.0864
1.2160, -0.2008, 0.9453, 0.0337, -0.0794, 0.0866
1.2141, -0.1957, 0.9479, 0.0343, -0.0791, 0.0867
1.2124, -0.1876, 0.9522, 0.0355, -0.0788, 0.0868
1.2087, -0.1793, 0.9524, 0.0367, -0.0782, 0.0869
1.2058, -0.1734, 0.9477, 0.0376, -0.0778, 0.0870
1.2041, -0.1702, 0.9416, 0.0381, -0.0777, 0.0871
1.2017, -0.1696, 0.9358, 0.0382, -0.0775, 0.0872
1.1987, -0.1686, 0.9315, 0.0384, -0.0770, 0.0872
1.1979, -0.1666, 0.9295, 0.0388, -0.0770, 0.0872
1.2000, -0.1670, 0.9291, 0.0388, -0.0774, 0.0872
1.2031, -0.1720, 0.9276, 0.0380, -0.0779, 0.0872
1.2052, -0.1791, 0.9245, 0.0368, -0.0784, 0.0873
1.2064, -0.1847, 0.9238, 0.0359, -0.0786, 0.0874
1.2074, -0.1878, 0.9258, 0.0354, -0.0786, 0.0875
1.2075, -0.1895, 0.9290, 0.0351, -0.0786, 0.0875
1.2067, -0.1919, 0.9329, 0.0346, -0.0783, 0.0875
1.2054, -0.1975, 0.9349, 0.0336, -0.0779, 0.0876
1.2047, -0.2043, 0.9358, 0.0324, -0.0777, 0.0876
1.2053, -0.2082, 0.9388, 0.0318, -0.0777, 0.0876
1.2080, -0.2065, 0.9439, 0.0321, -0.0780, 0.0875
1.2130, -0.2004, 0.9511, 0.0333, -0.0787, 0.0874
1.2208, -0.1908, 0.9594, 0.0351, -0.0800, 0.0871
1.2294, -0.1793, 0.9674, 0.0373, -0.0814, 0.0869
1.2319, -0.1710, 0.9724, 0.0388, -0.0817, 0.0867
1.2271, -0.1671, 0.9723, 0.0395, -0.0808, 0.0865
1.2221, -0.1640, 0.9705, 0.0401, -0.0800, 0.0864
1.2185, -0.1601, 0.9686, 0.0409, -0.0794, 0.0862
1.2124, -0.1573, 0.9664, 0.0414, -0.0784, 0.0861
1.2036, -0.1583, 0.9641, 0.0412, -0.0769, 0.0860
1.1956, -0.1625, 0.9607, 0.0405, -0.0755, 0.0859
1.1914, -0.1674, 0.9570, 0.0398, -0.0748, 0.0857
1.1909, -0.1729, 0.9537, 0.0390, -0.0747, 0.0856
1.1921, -0.1779, 0.9497, 0.0385, -0.0750, 0.0853
1.1910, -0.1817, 0.9443, 0.0381, -0.0748, 0.0851
1.1868, -0.1857, 0.9379, 0.0377, -0.0740, 0.0848
1.1866, -0.1889, 0.9347, 0.0373, -0.0739, 0.0846
1.1926, -0.1913, 0.9369, 0.0371, -0.0749, 0.0843
1.1992, -0.1927, 0.9396, 0.0371, -0.0759, 0.0840
1.2034, -0.1935, 0.9369, 0.0372, -0.0766, 0.0838
1.2068, -0.1952, 0.9290, 0.0372, -0.0773, 0.0836
1.2096, -0.1962, 0.9194, 0.0374, -0.0780, 0.0834
1.2106, -0.1957, 0.9138, 0.0377, -0.0783, 0.0832
1.2094, -0.1961, 0.9142, 0.0377, -0.0781, 0.0831
1.2066, -0.1995, 0.9178, 0.0370, -0.0775, 0.0830
1.2038, -0.2034, 0.9237, 0.0361, -0.0768, 0.0829
1.2003, -0.2036, 0.9295, 0.0359, -0.0759, 0.0828
1.1969, -0.1994, 0.9356, 0.0363, -0.0751, 0.0827
1.1943, -0.1932, 0.9423, 0.0371, -0.0745, 0.0827
1.1907, -0.1894, 0.9474, 0.0375, -0.0736, 0.0827
1.1856, -0.1914, 0.9512, 0.0368, -0.0725, 0.0827
1.1775, -0.1993, 0.9514, 0.0352, -0.0709, 0.0829
1.1674, -0.2063, 0.9474, 0.0337, -0.0690, 0.0830
1.1598, -0.2066, 0.9444, 0.0335, -0.0676, 0.0830
1.1570, -0.2028, 0.9457, 0.0341, -0.0670, 0.0830
1.1586, -0.1988, 0.9499, 0.0347, -0.0672, 0.0830
1.1619, -0.1944, 0.9541, 0.0353, -0.0677, 0.0829
1.1645, -0.1915, 0.9539, 0.0358, -0.0682, 0.0829
1.1641, -0.1918, 0.9471, 0.0359, -0.0683, 0.0829
1.1608, -0.1919, 0.9377, 0.0360, -0.0679, 0.0830
1.1596, -0.1867, 0.9309, 0.0370, -0.0679, 0.0830
1.1645, -0.1773, 0.9310, 0.0387, -0.0688, 0.0829
1.1735, -0.1673, 0.9384, 0.0404, -0.0704, 0.0828
1.1835, -0.1564, 0.9487, 0.0423, -0.0721, 0.0826
1.1913, -0.1466, 0.9575, 0.0439, -0.0734, 0.0824
1.1956, -0.1430, 0.9636, 0.0445, -0.0741, 0.0822
1.2007, -0.1445, 0.9675, 0.0442, -0.0749, 0.0822
1.2086, -0.1471, 0.9720, 0.0439, -0.0762, 0.0821
1.2169, -0.1503, 0.9808, 0.0432, -0.0774, 0.0820
1.2232, -0.1542, 0.9909, 0.0424, -0.0783, 0.0820
1.2254, -0.1578, 0.9954, 0.0417, -0.0785, 0.0820
1.2248, -0.1612, 0.9933, 0.0410, -0.0784, 0.0820
1.2250, -0.1648, 0.9903, 0.0404, -0.0784, 0.0820
1.2267, -0.1699, 0.9881, 0.0394, -0.0787, 0.0821
1.2277, -0.1766, 0.9838, 0.0382, -0.0790, 0.0822
1.2286, -0.1831, 0.9802, 0.0370, -0.0792, 0.0823
1.2315, -0.1862, 0.9817, 0.0363, -0.0797, 0.0823
1.2327, -0.1860, 0.9846, 0.0361, -0.0799, 0.0823
1.2298, -0.1882, 0.9862, 0.0355, -0.0793, 0.0823
1.2278, -0.1933, 0.9872, 0.0345, -0.0789, 0.0824
1.2291, -0.1964, 0.9849, 0.0339, -0.0792, 0.0824
1.2305, -0.1966, 0.9804, 0.0339, -0.0796, 0.0824
1.2285, -0.1962, 0.9755, 0.0339, -0.0795, 0.0824
1.2232, -0.1985, 0.9710, 0.0334, -0.0787, 0.0824
1.2192, -0.2026, 0.9716, 0.0325, -0.0780, 0.0824
1.2185, -0.2058, 0.9753, 0.0318, -0.0779, 0.0824
1.2195, -0.2069, 0.9761, 0.0315, -0.0781, 0.0825
1.2205, -0.2055, 0.9745, 0.0316, -0.0784, 0.0825
1.2199, -0.2035, 0.9726, 0.0319, -0.0784, 0.0824
1.2165, -0.2012, 0.9699, 0.0322, -0.0779, 0.0824
1.2112, -0.1993, 0.9669, 0.0325, -0.0771, 0.0824
1.2069, -0.1972, 0.9652, 0.0329, -0.0765, 0.0823
1.2064, -0.1936, 0.9645, 0.0337, -0.0765, 0.0821
1.2108, -0.1887, 0.9650, 0.0347, -0.0774, 0.0819
1.2199, -0.1837, 0.9685, 0.0359, -0.0791, 0.0817
1.2298, -0.1803, 0.9738, 0.0367, -0.0809, 0.0815
1.2352, -0.1774, 0.9781, 0.0373, -0.0819, 0.0813
1.2363, -0.1740, 0.9827, 0.0379, -0.0820, 0.0811
1.2362, -0.1722, 0.9863, 0.0382, -0.0819, 0.0810
1.2333, -0.1737, 0.9856, 0.0380, -0.0813, 0.0810
1.2272, -0.1760, 0.9809, 0.0377, -0.0803, 0.0810
1.2209, -0.1759, 0.9746, 0.0378, -0.0792, 0.0811
1.2155, -0.1741, 0.9689, 0.0382, -0.0782, 0.0811
1.2113, -0.1747, 0.9612, 0.0383, -0.0776, 0.0811
1.2089, -0.1778, 0.9515, 0.0380, -0.0773, 0.0812
1.2077, -0.1799, 0.9433, 0.0379, -0.0772, 0.0813
1.2074, -0.1828, 0.9365, 0.0376, -0.0773, 0.0814
1.2058, -0.1895, 0.9307, 0.0366, -0.0771, 0.0815
1.2024, -0.1977, 0.9259, 0.0352, -0.0766, 0.0817
1.2015, -0.2043, 0.9240, 0.0342, -0.0765, 0.0818
1.2044, -0.2082, 0.9259, 0.0336, -0.0769, 0.0819
1.2086, -0.2103, 0.9305, 0.0334, -0.0776, 0.0819
1.2120, -0.2115, 0.9363, 0.0332, -0.0780, 0.0819
1.2158, -0.2111, 0.9430, 0.0332, -0.0785, 0.0819
1.2210, -0.2096, 0.9497, 0.0335, -0.0792, 0.0819
1.2251, -0.2095, 0.9531, 0.0335, -0.0798, 0.0819
1.2274, -0.2092, 0.9538, 0.0336, -0.0802, 0.0819
1.2301, -0.2082, 0.9554, 0.0338, -0.0807, 0.0819
1.2325, -0.2097, 0.9574, 0.0336, -0.0810, 0.0820
1.2345, -0.2110, 0.9601, 0.0334, -0.0813, 0.0820
1.2371, -0.2079, 0.9647, 0.0340, -0.0817, 0.0821
1.2392, -0.2037, 0.9684, 0.0346, -0.0820, 0.0821
1.2406, -0.2014, 0.9688, 0.0350, -0.0822, 0.0823
1.2392, -0.2028, 0.9647, 0.0348, -0.0819, 0.0824
1.2341, -0.2098, 0.9578, 0.0336, -0.0811, 0.0827
1.2285, -0.2193, 0.9524, 0.0320, -0.0801, 0.0829
1.2214, -0.2294, 0.9488, 0.0302, -0.0788, 0.0831
1.2133, -0.2405, 0.9458, 0.0282, -0.0773, 0.0833
1.2075, -0.2504, 0.9441, 0.0263, -0.0763, 0.0836
1.2034, -0.2564, 0.9441, 0.0251, -0.0755, 0.0838
1.1985, -0.2592, 0.9441, 0.0245, -0.0747, 0.0840
1.1927, -0.2602, 0.9426, 0.0242, -0.0736, 0.0841
1.1881, -0.2598, 0.9411, 0.0242, -0.0728, 0.0842
1.1864, -0.2567, 0.9423, 0.0247, -0.0725, 0.0843
1.1857, -0.2489, 0.9443, 0.0260, -0.0723, 0.0842
1.1846, -0.2374, 0.9426, 0.0279, -0.0721, 0.0842
1.1843, -0.2248, 0.9391, 0.0301, -0.0722, 0.0842
1.1838, -0.2153, 0.9375, 0.0318, -0.0721, 0.0841
1.1828, -0.2107, 0.9372, 0.0325, -0.0719, 0.0842
1.1813, -0.2099, 0.9365, 0.0326, -0.0715, 0.0842
1.1780, -0.2106, 0.9360, 0.0324, -0.0708, 0.0844
1.1750, -0.2120, 0.9369, 0.0320, -0.0702, 0.0845
1.1726, -0.2162, 0.9381, 0.0311, -0.0696, 0.0847
1.1675, -0.2239, 0.9372, 0.0296, -0.0687, 0.0849
1.1607, -0.2319, 0.9309, 0.0281, -0.0675, 0.0851
1.1547, -0.2380, 0.9196, 0.0270, -0.0666, 0.0853
1.1496, -0.2425, 0.9103, 0.0262, -0.0659, 0.0855
1.1448, -0.2446, 0.9067, 0.0257, -0.0651, 0.0856
1.1392, -0.2445, 0.9056, 0.0256, -0.0641, 0.0857
1.1332, -0.2430, 0.9055, 0.0257, -0.0631, 0.0857
1.1298, -0.2394, 0.9076, 0.0262, -0.0624, 0.0858
1.1284, -0.2349, 0.9114, 0.0268, -0.0621, 0.0858
1.1266, -0.2303, 0.9158, 0.0275, -0.0616, 0.0858
1.1285, -0.2249, 0.9213, 0.0283, -0.0618, 0.0857
1.1394, -0.2204, 0.9288, 0.0290, -0.0636, 0.0856
1.1570, -0.2170, 0.9368, 0.0297, -0.0666, 0.0855
1.1762, -0.2103, 0.9440, 0.0310, -0.0699, 0.0853
1.1922, -0.2004, 0.9498, 0.0329, -0.0727, 0.0850
1.2023, -0.1917, 0.9552, 0.0345, -0.0744, 0.0848
1.2091, -0.1864, 0.9629, 0.0355, -0.0755, 0.0845
1.2151, -0.1859, 0.9732, 0.0356, -0.0763, 0.0843
1.2199, -0.1875, 0.9844, 0.0353, -0.0768, 0.0842
1.2240, -0.1873, 0.9933, 0.0354, -0.0773, 0.0840
1.2285, -0.1874, 0.9981, 0.0355, -0.0780, 0.0839
1.2338, -0.1875, 0.9983, 0.0357, -0.0789, 0.0837
1.2409, -0.1841, 0.9959, 0.0367, -0.0802, 0.0836
1.2489, -0.1788, 0.9951, 0.0379, -0.0817, 0.0835
1.2556, -0.1728, 0.9976, 0.0391, -0.0830, 0.0834
1.2598, -0.1661, 1.0022, 0.0404, -0.0837, 0.0833
1.2617, -0.1602, 1.0090, 0.0414, -0.0840, 0.0832
1.2600, -0.1556, 1.0146, 0.0421, -0.0836, 0.0831
1.2547, -0.1512, 1.0176, 0.0428, -0.0826, 0.0831
1.2516, -0.1452, 1.0216, 0.0438, -0.0821, 0.0830
1.2527, -0.1379, 1.0278, 0.0450, -0.0823, 0.0828
1.2553, -0.1285, 1.0351, 0.0466, -0.0828, 0.0827
1.2588, -0.1174, 1.0402, 0.0486, -0.0835, 0.0825
1.2620, -0.1094, 1.0418, 0.0500, -0.0841, 0.0824
1.2640, -0.1073, 1.0397, 0.0505, -0.0846, 0.0823
1.2623, -0.1120, 1.0318, 0.0498, -0.0844, 0.0824
1.2545, -0.1235, 1.0216, 0.0478, -0.0831, 0.0825
1.2447, -0.1343, 1.0135, 0.0459, -0.0814, 0.0826
1.2372, -0.1382, 1.0052, 0.0452, -0.0802, 0.0827
1.2307, -0.1407, 0.9935, 0.0449, -0.0793, 0.0828
1.2232, -0.1465, 0.9797, 0.0440, -0.0782, 0.0829
1.2144, -0.1527, 0.9684, 0.0429, -0.0768, 0.0830
1.2055, -0.1588, 0.9603, 0.0418, -0.0753, 0.0831
1.1980, -0.1654, 0.9528, 0.0407, -0.0740, 0.0831
1.1930, -0.1711, 0.9467, 0.0397, -0.0731, 0.0832
1.1898, -0.1776, 0.9444, 0.0384, -0.0725, 0.0833
1.1877, -0.1840, 0.9442, 0.0372, -0.0720, 0.0834
1.1854, -0.1889, 0.9429, 0.0362, -0.0715, 0.0835
1.1821, -0.1949, 0.9407, 0.0350, -0.0708, 0.0836
1.1797, -0.2008, 0.9382, 0.0340, -0.0703, 0.0836
1.1792, -0.2039, 0.9339, 0.0335, -0.0702, 0.0836
1.1813, -0.2041, 0.9304, 0.0336, -0.0707, 0.0834
1.1853, -0.2040, 0.9293, 0.0338, -0.0713, 0.0832
1.1881, -0.2048, 0.9303, 0.0338, -0.0718, 0.0831
1.1884, -0.2039, 0.9344, 0.0340, -0.0717, 0.0829
1.1865, -0.2001, 0.9387, 0.0346, -0.0712, 0.0827
1.1854, -0.1965, 0.9426, 0.0353, -0.0709, 0.0824
1.1856, -0.1947, 0.9479, 0.0356, -0.0708, 0.0822
1.1874, -0.1935, 0.9530, 0.0359, -0.0710, 0.0819
1.1911, -0.1937, 0.9567, 0.0360, -0.0716, 0.0817
1.1934, -0.1983, 0.9588, 0.0353, -0.0719, 0.0815
1.1925, -0.2057, 0.9576, 0.0342, -0.0717, 0.0815
1.1915, -0.2118, 0.9547, 0.0333, -0.0715, 0.0814
1.1917, -0.2174, 0.9541, 0.0325, -0.0715, 0.0813
1.1902, -0.2247, 0.9552, 0.0314, -0.0711, 0.0812
1.1852, -0.2316, 0.9571, 0.0302, -0.0700, 0.0812
1.1778, -0.2349, 0.9569, 0.0297, -0.0685, 0.0811
1.1699, -0.2339, 0.9525, 0.0300, -0.0670, 0.0810
1.1641, -0.2314, 0.9479, 0.0305, -0.0660, 0.0809
1.1621, -0.2286, 0.9448, 0.0312, -0.0656, 0.0808
1.1616, -0.2253, 0.9412, 0.0320, -0.0656, 0.0808
1.1608, -0.2214, 0.9371, 0.0328, -0.0655, 0.0807
1.1604, -0.2136, 0.9338, 0.0342, -0.0656, 0.0808
1.1598, -0.2040, 0.9311, 0.0359, -0.0657, 0.0808
1.1589, -0.1992, 0.9291, 0.0367, -0.0658, 0.0809
1.1574, -0.2009, 0.9287, 0.0363, -0.0656, 0.0811
1.1543, -0.2073, 0.9272, 0.0350, -0.0652, 0.0813
1.1489, -0.2158, 0.9216, 0.0335, -0.0643, 0.0816
1.1425, -0.2249, 0.9140, 0.0318, -0.0633, 0.0818
1.1378, -0.2334, 0.9100, 0.0303, -0.0625, 0.0819
1.1350, -0.2385, 0.9127, 0.0292, -0.0619, 0.0820
1.1348, -0.2395, 0.9195, 0.0288, -0.0617, 0.0820
1.1401, -0.2386, 0.9274, 0.0289, -0.0625, 0.0820
1.1504, -0.2363, 0.9364, 0.0293, -0.0641, 0.0819
1.1626, -0.2303, 0.9457, 0.0304, -0.0662, 0.0818
1.1728, -0.2236, 0.9546, 0.0316, -0.0679, 0.0817
1.1793, -0.2202, 0.9639, 0.0322, -0.0689, 0.0816
1.1846, -0.2179, 0.9740, 0.0326, -0.0697, 0.0815
1.1890, -0.2141, 0.9832, 0.0332, -0.0703, 0.0814
1.1907, -0.2089, 0.9889, 0.0341, -0.0706, 0.0813
1.1912, -0.2045, 0.9935, 0.0349, -0.0706, 0.0812
1.1906, -0.2006, 0.9998, 0.0354, -0.0705, 0.0811
1.1900, -0.1950, 1.0063, 0.0363, -0.0703, 0.0811
1.1909, -0.1884, 1.0110, 0.0373, -0.0706, 0.0810
1.1900, -0.1811, 1.0121, 0.0385, -0.0706, 0.0810
1.1876, -0.1746, 1.0085, 0.0396, -0.0704, 0.0810
1.1879, -0.1704, 1.0027, 0.0404, -0.0708, 0.0810
1.1917, -0.1681, 0.9980, 0.0409, -0.0717, 0.0810
1.1975, -0.1659, 0.9952, 0.0413, -0.0730, 0.0811
1.2020, -0.1637, 0.9938, 0.0418, -0.0741, 0.0812
1.2030, -0.1631, 0.9947, 0.0418, -0.0744, 0.0813
1.2043, -0.1621, 0.9979, 0.0418, -0.0747, 0.0814
1.2088, -0.1586, 1.0021, 0.0423, -0.0755, 0.0815
1.2137, -0.1544, 1.0057, 0.0430, -0.0764, 0.0816
1.2195, -0.1505, 1.0087, 0.0436, -0.0775, 0.0816
1.2273, -0.1471, 1.0118, 0.0442, -0.0789, 0.0817
1.2335, -0.1468, 1.0137, 0.0443, -0.0800, 0.0817
1.2386, -0.1502, 1.0126, 0.0437, -0.0809, 0.0818
1.2452, -0.1544, 1.0079, 0.0431, -0.0822, 0.0819
1.2517, -0.1592, 1.0030, 0.0424, -0.0835, 0.0820
1.2540, -0.1658, 0.9995, 0.0412, -0.0840, 0.0821
1.2503, -0.1702, 0.9948, 0.0403, -0.0835, 0.0821
1.2410, -0.1735, 0.9858, 0.0396, -0.0820, 0.0821
1.2254, -0.1811, 0.9714, 0.0381, -0.0794, 0.0822
1.2087, -0.1905, 0.9580, 0.0362, -0.0766, 0.0823
1.1988, -0.1973, 0.9533, 0.0348, -0.0748, 0.0825
1.1945, -0.2024, 0.9534, 0.0336, -0.0739, 0.0826
1.1889, -0.2074, 0.9492, 0.0325, -0.0729, 0.0828
1.1823, -0.2102, 0.9426, 0.0319, -0.0718, 0.0830
1.1795, -0.2093, 0.9406, 0.0319, -0.0713, 0.0832
1.1790, -0.2089, 0.9417, 0.0319, -0.0713, 0.0833
1.1754, -0.2126, 0.9396, 0.0312, -0.0708, 0.0834
1.1706, -0.2172, 0.9334, 0.0304, -0.0701, 0.0836
1.1700, -0.2193, 0.9293, 0.0301, -0.0702, 0.0838
1.1739, -0.2187, 0.9323, 0.0303, -0.0709, 0.0839
1.1792, -0.2154, 0.9412, 0.0308, -0.0717, 0.0839
1.1833, -0.2117, 0.9520, 0.0313, -0.0723, 0.0840
1.1870, -0.2082, 0.9628, 0.0318, -0.0728, 0.0840
1.1918, -0.2046, 0.9707, 0.0324, -0.0736, 0.0840
1.1964, -0.2029, 0.9747, 0.0328, -0.0744, 0.0840
1.2004, -0.2015, 0.9788, 0.0332, -0.0750, 0.0840
1.2056, -0.1979, 0.9843, 0.0339, -0.0759, 0.0840
1.2095, -0.1934, 0.9862, 0.0348, -0.0766, 0.0839
1.2064, -0.1915, 0.9836, 0.0352, -0.0761, 0.0838
1.1991, -0.1936, 0.9800, 0.0349, -0.0748, 0.0838
1.1939, -0.1972, 0.9755, 0.0343, -0.0739, 0.0839
1.1933, -0.1987, 0.9715, 0.0342, -0.0739, 0.0839
1.1968, -0.1975, 0.9693, 0.0345, -0.0746, 0.0838
1.2013, -0.1962, 0.9676, 0.0349, -0.0754, 0.0838
1.2050, -0.1963, 0.9683, 0.0349, -0.0759, 0.0839
1.2084, -0.1952, 0.9722, 0.0350, -0.0764, 0.0839
1.2108, -0.1921, 0.9765, 0.0355, -0.0766, 0.0839
1.2124, -0.1888, 0.9807, 0.0361, -0.0767, 0.0840
1.2136, -0.1882, 0.9867, 0.0361, -0.0767, 0.0840
1.2136, -0.1889, 0.9965, 0.0358, -0.0764, 0.0841
1.2132, -0.1893, 1.0083, 0.0356, -0.0759, 0.0841
1.2145, -0.1920, 1.0179, 0.0349, -0.0759, 0.0842
1.2184, -0.1969, 1.0227, 0.0340, -0.0764, 0.0843
1.2211, -0.2021, 1.0218, 0.0331, -0.0768, 0.0844
1.2187, -0.2080, 1.0177, 0.0321, -0.0765, 0.0845
1.2143, -0.2130, 1.0123, 0.0311, -0.0757, 0.0846
1.2099, -0.2146, 1.0068, 0.0308, -0.0750, 0.0846
1.2047, -0.2142, 1.0048, 0.0307, -0.0740, 0.0847
1.2017, -0.2138, 1.0043, 0.0306, -0.0734, 0.0846
1.2031, -0.2142, 0.9992, 0.0306, -0.0737, 0.0847
1.2050, -0.2167, 0.9902, 0.0303, -0.0742, 0.0847
1.2028, -0.2197, 0.9810, 0.0299, -0.0740, 0.0847
1.1967, -0.2195, 0.9709, 0.0301, -0.0732, 0.0847
1.1896, -0.2171, 0.9584, 0.0307, -0.0723, 0.0847
1.1836, -0.2139, 0.9453, 0.0315, -0.0717, 0.0847
1.1769, -0.2089, 0.9339, 0.0325, -0.0709, 0.0847
1.1673, -0.2030, 0.9233, 0.0336, -0.0696, 0.0848
1.1582, -0.1991, 0.9155, 0.0343, -0.0682, 0.0848
1.1533, -0.1964, 0.9153, 0.0348, -0.0674, 0.0849
1.1507, -0.1904, 0.9190, 0.0358, -0.0669, 0.0848
1.1478, -0.1830, 0.9191, 0.0371, -0.0664, 0.0847
1.1450, -0.1805, 0.9176, 0.0376, -0.0659, 0.0847
1.1440, -0.1825, 0.9188, 0.0373, -0.0656, 0.0847
1.1458, -0.1854, 0.9232, 0.0368, -0.0658, 0.0848
1.1506, -0.1890, 0.9285, 0.0362, -0.0664, 0.0850
1.1568, -0.1936, 0.9317, 0.0355, -0.0674, 0.0851
1.1634, -0.1969, 0.9346, 0.0352, -0.0684, 0.0852
1.1701, -0.1978, 0.9394, 0.0352, -0.0695, 0.0853
1.1752, -0.1986, 0.9417, 0.0353, -0.0703, 0.0853
1.1787, -0.1985, 0.9381, 0.0355, -0.0709, 0.0854
1.1832, -0.1963, 0.9307, 0.0362, -0.0718, 0.0854
1.1888, -0.1927, 0.9248, 0.0371, -0.0728, 0.0854
1.1945, -0.1906, 0.9244, 0.0376, -0.0737, 0.0853
1.1983, -0.1926, 0.9285, 0.0373, -0.0741, 0.0853
1.1998, -0.1967, 0.9362, 0.0365, -0.0740, 0.0852
1.2008, -0.1978, 0.9455, 0.0362, -0.0738, 0.0850
1.1992, -0.1937, 0.9520, 0.0369, -0.0733, 0.0849
1.1946, -0.1872, 0.9568, 0.0380, -0.0723, 0.0847
1.1916, -0.1810, 0.9614, 0.0391, -0.0716, 0.0845
1.1905, -0.1759, 0.9629, 0.0401, -0.0714, 0.0843
1.1881, -0.1725, 0.9609, 0.0409, -0.0711, 0.0841
1.1843, -0.1708, 0.9587, 0.0415, -0.0705, 0.0839
1.1809, -0.1708, 0.9568, 0.0417, -0.0700, 0.0838
1.1775, -0.1748, 0.9561, 0.0412, -0.0694, 0.0837
1.1752, -0.1818, 0.9584, 0.0402, -0.0690, 0.0835
1.1743, -0.1889, 0.9608, 0.0392, -0.0688, 0.0834
1.1720, -0.1971, 0.9600, 0.0380, -0.0684, 0.0834
1.1661, -0.2068, 0.9568, 0.0365, -0.0674, 0.0833
1.1573, -0.2159, 0.9552, 0.0349, -0.0657, 0.0832
1.1497, -0.2231, 0.9584, 0.0337, -0.0642, 0.0831
1.1430, -0.2282, 0.9634, 0.0328, -0.0628, 0.0830
1.1351, -0.2310, 0.9661, 0.0322, -0.0612, 0.0829
1.1298, -0.2311, 0.9680, 0.0323, -0.0601, 0.0828
1.1264, -0.2301, 0.9699, 0.0325, -0.0594, 0.0827
1.1223, -0.2306, 0.9702, 0.0325, -0.0586, 0.0826
1.1185, -0.2332, 0.9686, 0.0321, -0.0579, 0.0825
1.1147, -0.2358, 0.9643, 0.0318, -0.0572, 0.0825
1.1120, -0.2365, 0.9588, 0.0318, -0.0568, 0.0825
1.1111, -0.2346, 0.9538, 0.0322, -0.0567, 0.0824
1.1124, -0.2290, 0.9514, 0.0332, -0.0570, 0.0824
1.1151, -0.2213, 0.9514, 0.0346, -0.0576, 0.0823
1.1162, -0.2150, 0.9498, 0.0356, -0.0579, 0.0824
1.1169, -0.2127, 0.9498, 0.0359, -0.0581, 0.0825
1.1203, -0.2116, 0.9541, 0.0358, -0.0586, 0.0827
1.1273, -0.2089, 0.9589, 0.0361, -0.0598, 0.0828
1.1354, -0.2088, 0.9627, 0.0360, -0.0612, 0.0830
1.1420, -0.2119, 0.9666, 0.0354, -0.0624, 0.0832
1.1461, -0.2142, 0.9698, 0.0348, -0.0631, 0.0834
1.1487, -0.2162, 0.9728, 0.0343, -0.0636, 0.0836
1.1535, -0.2154, 0.9787, 0.0342, -0.0643, 0.0837
1.1600, -0.2100, 0.9865, 0.0348, -0.0654, 0.0839
1.1649, -0.2041, 0.9907, 0.0357, -0.0662, 0.0841
1.1682, -0.1992, 0.9912, 0.0365, -0.0668, 0.0842
1.1709, -0.1954, 0.9880, 0.0372, -0.0673, 0.0843
1.1723, -0.1948, 0.9797, 0.0375, -0.0678, 0.0845
1.1727, -0.1978, 0.9713, 0.0372, -0.0680, 0.0847
1.1731, -0.2025, 0.9677, 0.0365, -0.0682, 0.0848
1.1730, -0.2064, 0.9672, 0.0359, -0.0682, 0.0850
1.1733, -0.2083, 0.9683, 0.0356, -0.0683, 0.0852
1.1760, -0.2065, 0.9711, 0.0359, -0.0688, 0.0853
1.1789, -0.2035, 0.9749, 0.0365, -0.0694, 0.0853
1.1794, -0.2047, 0.9792, 0.0364, -0.0694, 0.0853
1.1770, -0.2101, 0.9813, 0.0355, -0.0689, 0.0854
1.1723, -0.2158, 0.9780, 0.0346, -0.0681, 0.0854
1.1708, -0.2187, 0.9731, 0.0344, -0.0679, 0.0852
1.1742, -0.2181, 0.9720, 0.0348, -0.0686, 0.0851
1.1783, -0.2136, 0.9739, 0.0358, -0.0693, 0.0848
1.1790, -0.2048, 0.9740, 0.0375, -0.0695, 0.0846
1.1753, -0.1936, 0.9707, 0.0396, -0.0691, 0.0844
1.1683, -0.1829, 0.9668, 0.0415, -0.0680, 0.0842
1.1603, -0.1742, 0.9617, 0.0432, -0.0668, 0.0840
1.1555, -0.1670, 0.9556, 0.0446, -0.0661, 0.0838
1.1545, -0.1610, 0.9504, 0.0459, -0.0660, 0.0837
1.1544, -0.1574, 0.9469, 0.0467, -0.0661, 0.0835
1.1534, -0.1580, 0.9454, 0.0467, -0.0659, 0.0835
1.1533, -0.1601, 0.9453, 0.0464, -0.0659, 0.0834
1.1571, -0.1596, 0.9460, 0.0465, -0.0666, 0.0833
1.1622, -0.1586, 0.9470, 0.0467, -0.0675, 0.0832
1.1639, -0.1586, 0.9481, 0.0467, -0.0677, 0.0831
1.1627, -0.1565, 0.9489, 0.0470, -0.0674, 0.0830
1.1603, -0.1514, 0.9488, 0.0478, -0.0669, 0.0829
1.1577, -0.1471, 0.9474, 0.0485, -0.0665, 0.0828
1.1571, -0.1478, 0.9452, 0.0483, -0.0665, 0.0828
1.1597, -0.1548, 0.9439, 0.0471, -0.0670, 0.0829
1.1637, -0.1636, 0.9453, 0.0455, -0.0676, 0.0830
1.1663, -0.1711, 0.9484, 0.0441, -0.0680, 0.0831
1.1653, -0.1772, 0.9488, 0.0429, -0.0678, 0.0832
1.1593, -0.1807, 0.9451, 0.0421, -0.0668, 0.0833
1.1509, -0.1838, 0.9407, 0.0414, -0.0653, 0.0834
1.1436, -0.1892, 0.9378, 0.0402, -0.0640, 0.0836
1.1400, -0.1941, 0.9345, 0.0392, -0.0635, 0.0837
1.1370, -0.1976, 0.9302, 0.0384, -0.0631, 0.0839
1.1314, -0.2008, 0.9273, 0.0376, -0.0621, 0.0841
1.1264, -0.2019, 0.9237, 0.0372, -0.0613, 0.0843
1.1254, -0.1999, 0.9190, 0.0375, -0.0613, 0.0845
1.1266, -0.1959, 0.9171, 0.0382, -0.0616, 0.0846
1.1270, -0.1918, 0.9165, 0.0389, -0.0617, 0.0847
1.1263, -0.1899, 0.9157, 0.0392, -0.0617, 0.0848
1.1267, -0.1902, 0.9177, 0.0391, -0.0618, 0.0849
1.1276, -0.1921, 0.9202, 0.0386, -0.0620, 0.0850
1.1270, -0.1967, 0.9206, 0.0378, -0.0620, 0.0852
1.1268, -0.2029, 0.9229, 0.0366, -0.0619, 0.0854
1.1291, -0.2098, 0.9281, 0.0353, -0.0622, 0.0856
1.1337, -0.2146, 0.9337, 0.0344, -0.0630, 0.0858
1.1394, -0.2153, 0.9392, 0.0343, -0.0640, 0.0858
1.1428, -0.2142, 0.9420, 0.0345, -0.0646, 0.0858
1.1418, -0.2120, 0.9396, 0.0349, -0.0646, 0.0858
1.1361, -0.2074, 0.9347, 0.0356, -0.0637, 0.0858
1.1289, -0.2000, 0.9322, 0.0368, -0.0625, 0.0857
1.1227, -0.1939, 0.9321, 0.0378, -0.0615, 0.0856
1.1170, -0.1943, 0.9319, 0.0377, -0.0604, 0.0856
1.1141, -0.1982, 0.9329, 0.0371, -0.0599, 0.0855
1.1160, -0.2006, 0.9372, 0.0367, -0.0601, 0.0855
1.1204, -0.2017, 0.9413, 0.0366, -0.0609, 0.0854
1.1259, -0.2020, 0.9424, 0.0366, -0.0618, 0.0854
1.1327, -0.2022, 0.9421, 0.0366, -0.0631, 0.0853
1.1377, -0.2038, 0.9403, 0.0365, -0.0640, 0.0853
1.1381, -0.2065, 0.9366, 0.0361, -0.0642, 0.0852
1.1353, -0.2112, 0.9345, 0.0353, -0.0638, 0.0852
1.1336, -0.2168, 0.9369, 0.0342, -0.0634, 0.0853
1.1334, -0.2215, 0.9416, 0.0333, -0.0633, 0.0853
1.1328, -0.2257, 0.9453, 0.0324, -0.0632, 0.0853
1.1295, -0.2304, 0.9465, 0.0315, -0.0627, 0.0854
1.1243, -0.2349, 0.9454, 0.0305, -0.0618, 0.0855
1.1219, -0.2388, 0.9429, 0.0298, -0.0615, 0.0855
1.1241, -0.2412, 0.9410, 0.0293, -0.0620, 0.0856
1.1275, -0.2393, 0.9409, 0.0296, -0.0627, 0.0855
1.1276, -0.2334, 0.9410, 0.0306, -0.0628, 0.0854
1.1274, -0.2273, 0.9410, 0.0316, -0.0629, 0.0853
1.1298, -0.2222, 0.9434, 0.0324, -0.0634, 0.0851
1.1298, -0.2181, 0.9477, 0.0331, -0.0635, 0.0850
1.1268, -0.2148, 0.9536, 0.0335, -0.0630, 0.0848
1.1254, -0.2098, 0.9602, 0.0342, -0.0628, 0.0847
1.1258, -0.2035, 0.9637, 0.0353, -0.0630, 0.0845
1.1255, -0.2005, 0.9639, 0.0358, -0.0631, 0.0844
1.1259, -0.1992, 0.9640, 0.0361, -0.0632, 0.0843
1.1283, -0.1953, 0.9652, 0.0368, -0.0637, 0.0841
1.1298, -0.1921, 0.9674, 0.0375, -0.0640, 0.0840
1.1301, -0.1916, 0.9705, 0.0376, -0.0640, 0.0840
1.1294, -0.1921, 0.9729, 0.0375, -0.0639, 0.0841
1.1273, -0.1944, 0.9718, 0.0370, -0.0635, 0.0842
1.1253, -0.1981, 0.9670, 0.0364, -0.0632, 0.0843
1.1255, -0.2022, 0.9611, 0.0358, -0.0633, 0.0844
1.1269, -0.2064, 0.9549, 0.0351, -0.0637, 0.0846
1.1276, -0.2095, 0.9492, 0.0346, -0.0639, 0.0848
1.1278, -0.2111, 0.9443, 0.0344, -0.0640, 0.0849
1.1276, -0.2112, 0.9404, 0.0344, -0.0641, 0.0851
1.1288, -0.2091, 0.9404, 0.0347, -0.0643, 0.0853
1.1330, -0.2061, 0.9425, 0.0351, -0.0650, 0.0854
1.1386, -0.2044, 0.9408, 0.0355, -0.0660, 0.0856
1.1439, -0.2056, 0.9354, 0.0353, -0.0670, 0.0858
1.1505, -0.2073, 0.9322, 0.0351, -0.0683, 0.0860
1.1574, -0.2082, 0.9343, 0.0349, -0.0694, 0.0861
1.1608, -0.2107, 0.9378, 0.0344, -0.0700, 0.0862
1.1630, -0.2143, 0.9424, 0.0336, -0.0702, 0.0864
1.1658, -0.2179, 0.9490, 0.0328, -0.0706, 0.0866
1.1676, -0.2202, 0.9549, 0.0322, -0.0707, 0.0867
1.1674, -0.2194, 0.9579, 0.0323, -0.0706, 0.0868
1.1660, -0.2169, 0.9586, 0.0326, -0.0703, 0.0868
1.1653, -0.2149, 0.9606, 0.0329, -0.0701, 0.0869
1.1649, -0.2141, 0.9634, 0.0330, -0.0698, 0.0869
1.1634, -0.2130, 0.9622, 0.0332, -0.0695, 0.0869
1.1606, -0.2102, 0.9570, 0.0337, -0.0690, 0.0870
1.1588, -0.2081, 0.9520, 0.0342, -0.0686, 0.0870
1.1598, -0.2081, 0.9510, 0.0343, -0.0687, 0.0870
1.1640, -0.2095, 0.9548, 0.0342, -0.0692, 0.0870
1.1695, -0.2117, 0.9597, 0.0339, -0.0699, 0.0871
1.1724, -0.2124, 0.9619, 0.0339, -0.0702, 0.0871
1.1690, -0.2123, 0.9627, 0.0340, -0.0694, 0.0870
1.1612, -0.2150, 0.9641, 0.0335, -0.0678, 0.0870
1.1559, -0.2166, 0.9666, 0.0332, -0.0666, 0.0870
1.1541, -0.2145, 0.9705, 0.0336, -0.0661, 0.0870
1.1524, -0.2141, 0.9749, 0.0337, -0.0655, 0.0870
1.1513, -0.2140, 0.9781, 0.0338, -0.0651, 0.0869
1.1527, -0.2095, 0.9794, 0.0347, -0.0652, 0.0869
1.1551, -0.2043, 0.9772, 0.0358, -0.0656, 0.0868
1.1565, -0.2010, 0.9720, 0.0366, -0.0659, 0.0867
1.1581, -0.1977, 0.9681, 0.0374, -0.0662, 0.0867
1.1600, -0.1950, 0.9662, 0.0379, -0.0665, 0.0867
1.1614, -0.1957, 0.9635, 0.0379, -0.0668, 0.0868
1.1618, -0.1997, 0.9611, 0.0373, -0.0669, 0.0868
1.1615, -0.2049, 0.9621, 0.0364, -0.0668, 0.0869
1.1604, -0.2106, 0.9669, 0.0353, -0.0664, 0.0870
1.1584, -0.2187, 0.9748, 0.0338, -0.0658, 0.0871
1.1554, -0.2272, 0.9816, 0.0322, -0.0651, 0.0871
1.1525, -0.2301, 0.9837, 0.0317, -0.0645, 0.0872
1.1535, -0.2278, 0.9826, 0.0322, -0.0647, 0.0872
1.1569, -0.2248, 0.9793, 0.0330, -0.0654, 0.0873
1.1569, -0.2226, 0.9719, 0.0336, -0.0656, 0.0873
1.1544, -0.2207, 0.9613, 0.0342, -0.0654, 0.0872
1.1538, -0.2171, 0.9527, 0.0350, -0.0656, 0.0872
1.1553, -0.2109, 0.9480, 0.0363, -0.0660, 0.0871
1.1543, -0.2062, 0.9449, 0.0372, -0.0660, 0.0870
1.1473, -0.2058, 0.9422, 0.0372, -0.0649, 0.0870
1.1398, -0.2071, 0.9404, 0.0370, -0.0636, 0.0870
1.1338, -0.2089, 0.9378, 0.0366, -0.0626, 0.0870
1.1277, -0.2100, 0.9346, 0.0364, -0.0616, 0.0869
1.1249, -0.2069, 0.9350, 0.0370, -0.0612, 0.0867
1.1255, -0.2010, 0.9386, 0.0380, -0.0613, 0.0865
1.1254, -0.1963, 0.9413, 0.0389, -0.0612, 0.0863
1.1219, -0.1957, 0.9408, 0.0389, -0.0604, 0.0861
1.1161, -0.1997, 0.9386, 0.0382, -0.0593, 0.0860
1.1121, -0.2030, 0.9375, 0.0376, -0.0584, 0.0859
1.1104, -0.2011, 0.9370, 0.0379, -0.0580, 0.0858
1.1081, -0.1972, 0.9356, 0.0384, -0.0575, 0.0857
1.1064, -0.1950, 0.9334, 0.0387, -0.0571, 0.0856
1.1086, -0.1921, 0.9312, 0.0391, -0.0574, 0.0855
1.1132, -0.1853, 0.9287, 0.0402, -0.0583, 0.0854
1.1186, -0.1762, 0.9260, 0.0418, -0.0593, 0.0852
1.1257, -0.1686, 0.9255, 0.0432, -0.0607, 0.0851
1.1311, -0.1652, 0.9279, 0.0437, -0.0616, 0.0850
1.1302, -0.1662, 0.9322, 0.0433, -0.0613, 0.0850
1.1272, -0.1691, 0.9391, 0.0424, -0.0605, 0.0850
1.1259, -0.1705, 0.9470, 0.0419, -0.0601, 0.0849
1.1249, -0.1692, 0.9530, 0.0419, -0.0598, 0.0849
1.1265, -0.1658, 0.9579, 0.0424, -0.0600, 0.0848
1.1324, -0.1616, 0.9629, 0.0431, -0.0610, 0.0847
1.1414, -0.1589, 0.9700, 0.0436, -0.0625, 0.0846
1.1499, -0.1579, 0.9795, 0.0437, -0.0639, 0.0845
1.1548, -0.1578, 0.9871, 0.0435, -0.0646, 0.0844
1.1575, -0.1563, 0.9922, 0.0436, -0.0649, 0.0844
1.1599, -0.1546, 0.9981, 0.0438, -0.0651, 0.0844
1.1610, -0.1567, 1.0033, 0.0433, -0.0651, 0.0844
1.1587, -0.1632, 1.0035, 0.0421, -0.0646, 0.0845
1.1532, -0.1726, 1.0005, 0.0405, -0.0635, 0.0846
1.1468, -0.1833, 0.9998, 0.0386, -0.0622, 0.0847
1.1399, -0.1943, 1.0013, 0.0367, -0.0608, 0.0848
1.1344, -0.2033, 1.0022, 0.0351, -0.0597, 0.0850
1.1320, -0.2110, 1.0000, 0.0339, -0.0592, 0.0851
1.1293, -0.2204, 0.9924, 0.0325, -0.0588, 0.0852
1.1237, -0.2308, 0.9798, 0.0310, -0.0580, 0.0854
1.1187, -0.2372, 0.9677, 0.0302, -0.0573, 0.0855
1.1169, -0.2387, 0.9591, 0.0302, -0.0571, 0.0856
1.1164, -0.2399, 0.9525, 0.0302, -0.0572, 0.0856
1.1186, -0.2392, 0.9514, 0.0305, -0.0576, 0.0857
1.1276, -0.2346, 0.9582, 0.0313, -0.0591, 0.0856
1.1385, -0.2331, 0.9664, 0.0317, -0.0609, 0.0856
1.1438, -0.2358, 0.9693, 0.0313, -0.0619, 0.0857
1.1449, -0.2385, 0.9672, 0.0308, -0.0621, 0.0859
1.1447, -0.2394, 0.9641, 0.0307, -0.0622, 0.0860
1.1423, -0.2387, 0.9609, 0.0308, -0.0620, 0.0861
1.1388, -0.2384, 0.9591, 0.0308, -0.0615, 0.0862
1.1363, -0.2383, 0.9608, 0.0306, -0.0611, 0.0864
1.1327, -0.2374, 0.9645, 0.0306, -0.0605, 0.0865
1.1252, -0.2369, 0.9658, 0.0304, -0.0592, 0.0867
1.1180, -0.2365, 0.9650, 0.0302, -0.0581, 0.0868
1.1155, -0.2345, 0.9647, 0.0304, -0.0578, 0.0869
1.1170, -0.2299, 0.9644, 0.0311, -0.0582, 0.0870
1.1232, -0.2222, 0.9654, 0.0324, -0.0595, 0.0870
1.1328, -0.2130, 0.9663, 0.0339, -0.0614, 0.0870
1.1429, -0.2035, 0.9659, 0.0355, -0.0635, 0.0871
1.1521, -0.1938, 0.9671, 0.0371, -0.0653, 0.0871
1.1595, -0.1845, 0.9692, 0.0387, -0.0669, 0.0871
1.1670, -0.1753, 0.9705, 0.0403, -0.0684, 0.0871
1.1745, -0.1677, 0.9716, 0.0417, -0.0699, 0.0871
1.1798, -0.1631, 0.9739, 0.0426, -0.0709, 0.0871
1.1820, -0.1619, 0.9770, 0.0428, -0.0713, 0.0870
1.1824, -0.1646, 0.9788, 0.0423, -0.0712, 0.0870
1.1840, -0.1691, 0.9801, 0.0415, -0.0714, 0.0870
1.1872, -0.1734, 0.9818, 0.0408, -0.0718, 0.0870
1.1878, -0.1806, 0.9799, 0.0396, -0.0718, 0.0871
1.1834, -0.1909, 0.9736, 0.0379, -0.0710, 0.0872
1.1759, -0.1968, 0.9678, 0.0369, -0.0696, 0.0872
1.1669, -0.1961, 0.9629, 0.0369, -0.0679, 0.0873
1.1572, -0.1940, 0.9580, 0.0372, -0.0661, 0.0873
1.1500, -0.1933, 0.9551, 0.0372, -0.0647, 0.0873
1.1467, -0.1956, 0.9550, 0.0368, -0.0640, 0.0874
1.1478, -0.1986, 0.9586, 0.0362, -0.0640, 0.0874
1.1531, -0.1974, 0.9635, 0.0364, -0.0648, 0.0874
1.1565, -0.1952, 0.9654, 0.0369, -0.0653, 0.0874
1.1544, -0.1972, 0.9647, 0.0366, -0.0649, 0.0873
1.1504, -0.2009, 0.9640, 0.0359, -0.0641, 0.0874
1.1459, -0.2027, 0.9630, 0.0356, -0.0632, 0.0873
1.1401, -0.2023, 0.9610, 0.0357, -0.0621, 0.0873
1.1332, -0.2008, 0.9574, 0.0360, -0.0609, 0.0872
1.1260, -0.1993, 0.9525, 0.0363, -0.0598, 0.0872
1.1186, -0.1973, 0.9475, 0.0367, -0.0586, 0.0871
1.1118, -0.1927, 0.9438, 0.0375, -0.0575, 0.0871
1.1062, -0.1874, 0.9428, 0.0383, -0.0566, 0.0870
1.1009, -0.1864, 0.9446, 0.0383, -0.0557, 0.0870
1.0969, -0.1915, 0.9487, 0.0372, -0.0549, 0.0871
1.0957, -0.2000, 0.9547, 0.0355, -0.0544, 0.0871
1.0973, -0.2069, 0.9623, 0.0341, -0.0545, 0.0871
1.1009, -0.2112, 0.9694, 0.0333, -0.0549, 0.0871
1.1049, -0.2126, 0.9757, 0.0329, -0.0555, 0.0870
1.1096, -0.2109, 0.9807, 0.0332, -0.0562, 0.0869
1.1123, -0.2102, 0.9808, 0.0334, -0.0567, 0.0868
1.1114, -0.2150, 0.9787, 0.0326, -0.0566, 0.0867
1.1086, -0.2230, 0.9776, 0.0312, -0.0561, 0.0867
1.1070, -0.2273, 0.9759, 0.0305, -0.0558, 0.0867
1.1073, -0.2260, 0.9752, 0.0307, -0.0560, 0.0868
1.1078, -0.2238, 0.9741, 0.0311, -0.0561, 0.0868
1.1062, -0.2247, 0.9703, 0.0309, -0.0560, 0.0869
1.1011, -0.2287, 0.9666, 0.0302, -0.0552, 0.0869
1.0964, -0.2316, 0.9640, 0.0296, -0.0544, 0.0870
1.0949, -0.2300, 0.9627, 0.0298, -0.0542, 0.0870
1.0930, -0.2270, 0.9632, 0.0302, -0.0538, 0.0870
1.0917, -0.2239, 0.9655, 0.0305, -0.0536, 0.0870
1.0939, -0.2187, 0.9699, 0.0313, -0.0539, 0.0870
1.0985, -0.2124, 0.9730, 0.0322, -0.0548, 0.0871
1.1056, -0.2068, 0.9726, 0.0332, -0.0561, 0.0871
1.1170, -0.2029, 0.9711, 0.0339, -0.0583, 0.0871
1.1310, -0.2023, 0.9678, 0.0341, -0.0611, 0.0873
1.1442, -0.2031, 0.9611, 0.0341, -0.0638, 0.0875
1.1534, -0.2034, 0.9541, 0.0341, -0.0658, 0.0876
1.1582, -0.2044, 0.9513, 0.0338, -0.0669, 0.0878
1.1622, -0.2043, 0.9530, 0.0336, -0.0678, 0.0879
1.1682, -0.2016, 0.9560, 0.0339, -0.0690, 0.0881
1.1749, -0.1950, 0.9584, 0.0349, -0.0704, 0.0881
1.1809, -0.1843, 0.9612, 0.0367, -0.0717, 0.0882
1.1851, -0.1749, 0.9670, 0.0381, -0.0725, 0.0883
1.1844, -0.1715, 0.9734, 0.0385, -0.0724, 0.0883
1.1782, -0.1735, 0.9746, 0.0379, -0.0712, 0.0884
1.1701, -0.1781, 0.9707, 0.0371, -0.0698, 0.0885
1.1623, -0.1832, 0.9667, 0.0361, -0.0685, 0.0887
1.1568, -0.1881, 0.9664, 0.0351, -0.0674, 0.0888
1.1556, -0.1925, 0.9684, 0.0343, -0.0671, 0.0889
1.1587, -0.1974, 0.9698, 0.0334, -0.0676, 0.0890
1.1628, -0.2055, 0.9700, 0.0321, -0.0683, 0.0891
1.1623, -0.2156, 0.9671, 0.0303, -0.0683, 0.0893
1.1574, -0.2217, 0.9617, 0.0292, -0.0676, 0.0894
1.1528, -0.2224, 0.9583, 0.0290, -0.0669, 0.0894
1.1512, -0.2208, 0.9583, 0.0292, -0.0666, 0.0894
1.1523, -0.2166, 0.9604, 0.0298, -0.0668, 0.0894
1.1553, -0.2095, 0.9637, 0.0311, -0.0673, 0.0892
1.1589, -0.2024, 0.9678, 0.0324, -0.0679, 0.0890
1.1624, -0.1979, 0.9706, 0.0332, -0.0685, 0.0888
1.1657, -0.1963, 0.9693, 0.0337, -0.0691, 0.0887
1.1671, -0.1965, 0.9656, 0.0338, -0.0694, 0.0885
1.1664, -0.1969, 0.9628, 0.0339, -0.0693, 0.0883
1.1632, -0.1977, 0.9593, 0.0339, -0.0687, 0.0881
1.1545, -0.2010, 0.9516, 0.0335, -0.0672, 0.0879
1.1432, -0.2065, 0.9432, 0.0327, -0.0652, 0.0877
1.1369, -0.2111, 0.9404, 0.0321, -0.0639, 0.0875
1.1363, -0.2126, 0.9406, 0.0320, -0.0637, 0.0873
1.1362, -0.2105, 0.9394, 0.0326, -0.0635, 0.0871
1.1339, -0.2072, 0.9348, 0.0334, -0.0631, 0.0869
1.1322, -0.2059, 0.9302, 0.0339, -0.0627, 0.0867
1.1327, -0.2091, 0.9290, 0.0336, -0.0626, 0.0865
1.1313, -0.2163, 0.9295, 0.0326, -0.0621, 0.0864
1.1294, -0.2227, 0.9319, 0.0316, -0.0614, 0.0862
1.1306, -0.2258, 0.9358, 0.0311, -0.0613, 0.0861
1.1327, -0.2274, 0.9376, 0.0310, -0.0614, 0.0859
1.1348, -0.2267, 0.9368, 0.0313, -0.0616, 0.0858
1.1390, -0.2223, 0.9370, 0.0322, -0.0622, 0.0856
1.1453, -0.2153, 0.9408, 0.0337, -0.0631, 0.0854
1.1503, -0.2081, 0.9448, 0.0351, -0.0638, 0.0852
1.1511, -0.2029, 0.9452, 0.0361, -0.0639, 0.0850
1.1483, -0.1991, 0.9427, 0.0369, -0.0633, 0.0848
1.1437, -0.1951, 0.9395, 0.0378, -0.0625, 0.0846
1.1384, -0.1918, 0.9358, 0.0385, -0.0615, 0.0845
1.1323, -0.1913, 0.9315, 0.0387, -0.0604, 0.0844
1.1262, -0.1926, 0.9292, 0.0384, -0.0593, 0.0844
1.1242, -0.1935, 0.9305, 0.0382, -0.0589, 0.0844
1.1273, -0.1952, 0.9342, 0.0378, -0.0593, 0.0844
1.1309, -0.2000, 0.9386, 0.0368, -0.0599, 0.0846
1.1333, -0.2061, 0.9439, 0.0355, -0.0602, 0.0847
1.1335, -0.2114, 0.9514, 0.0343, -0.0601, 0.0848
1.1309, -0.2165, 0.9592, 0.0331, -0.0594, 0.0850
1.1290, -0.2197, 0.9655, 0.0323, -0.0590, 0.0851
1.1323, -0.2189, 0.9705, 0.0323, -0.0595, 0.0851
1.1387, -0.2163, 0.9721, 0.0328, -0.0607, 0.0851
1.1419, -0.2136, 0.9691, 0.0333, -0.0614, 0.0851
1.1396, -0.2095, 0.9648, 0.0340, -0.0611, 0.0852
1.1349, -0.2053, 0.9619, 0.0346, -0.0604, 0.0852
1.1314, -0.2021, 0.9597, 0.0350, -0.0599, 0.0853
1.1310, -0.1983, 0.9583, 0.0357, -0.0599, 0.0853
1.1317, -0.1912, 0.9578, 0.0369, -0.0602, 0.0852
1.1290, -0.1817, 0.9563, 0.0386, -0.0598, 0.0851
1.1244, -0.1741, 0.9546, 0.0399, -0.0591, 0.0850
1.1224, -0.1680, 0.9549, 0.0410, -0.0588, 0.0850
1.1242, -0.1616, 0.9584, 0.0421, -0.0591, 0.0849
1.1283, -0.1577, 0.9634, 0.0428, -0.0598, 0.0848
1.1313, -0.1569, 0.9652, 0.0430, -0.0603, 0.0849
1.1341, -0.1570, 0.9641, 0.0431, -0.0608, 0.0850
1.1376, -0.1569, 0.9635, 0.0433, -0.0614, 0.0850
1.1402, -0.1578, 0.9639, 0.0432, -0.0618, 0.0851
1.1393, -0.1638, 0.9634, 0.0422, -0.0616, 0.0854
1.1345, -0.1775, 0.9612, 0.0399, -0.0606, 0.0856
1.1278, -0.1946, 0.9569, 0.0369, -0.0593, 0.0859
1.1206, -0.2087, 0.9514, 0.0345, -0.0579, 0.0860
1.1141, -0.2201, 0.9480, 0.0325, -0.0567, 0.0861
1.1098, -0.2306, 0.9473, 0.0306, -0.0558, 0.0863
1.1079, -0.2388, 0.9478, 0.0291, -0.0554, 0.0864
1.1098, -0.2420, 0.9513, 0.0285, -0.0556, 0.0864
1.1159, -0.2397, 0.9591, 0.0288, -0.0565, 0.0863
1.1248, -0.2346, 0.9684, 0.0296, -0.0579, 0.0862
1.1343, -0.2296, 0.9762, 0.0304, -0.0595, 0.0862
1.1428, -0.2232, 0.9831, 0.0314, -0.0609, 0.0861
1.1491, -0.2128, 0.9867, 0.0333, -0.0621, 0.0861
1.1529, -0.2017, 0.9854, 0.0353, -0.0629, 0.0861
1.1518, -0.1947, 0.9794, 0.0366, -0.0629, 0.0861
1.1447, -0.1904, 0.9702, 0.0374, -0.0619, 0.0861
1.1378, -0.1867, 0.9633, 0.0380, -0.0609, 0.0861
1.1358, -0.1840, 0.9609, 0.0385, -0.0606, 0.0860
1.1351, -0.1830, 0.9598, 0.0387, -0.0605, 0.0860
1.1310, -0.1819, 0.9579, 0.0389, -0.0598, 0.0860
1.1225, -0.1803, 0.9555, 0.0390, -0.0583, 0.0861
1.1134, -0.1780, 0.9538, 0.0392, -0.0566, 0.0861
1.1104, -0.1759, 0.9547, 0.0394, -0.0560, 0.0862
1.1133, -0.1785, 0.9559, 0.0390, -0.0564, 0.0862
1.1165, -0.1872, 0.9565, 0.0375, -0.0568, 0.0863
1.1177, -0.1965, 0.9585, 0.0358, -0.0568, 0.0863
1.1183, -0.2032, 0.9621, 0.0346, -0.0567, 0.0864
1.1201, -0.2074, 0.9670, 0.0337, -0.0568, 0.0865
1.1259, -0.2078, 0.9737, 0.0336, -0.0577, 0.0866
1.1348, -0.2072, 0.9819, 0.0336, -0.0591, 0.0866
1.1418, -0.2098, 0.9896, 0.0331, -0.0601, 0.0866
1.1464, -0.2151, 0.9947, 0.0321, -0.0608, 0.0867
1.1498, -0.2196, 0.9974, 0.0312, -0.0612, 0.0868
1.1530, -0.2223, 0.9997, 0.0306, -0.0617, 0.0868
1.1591, -0.2251, 1.0022, 0.0301, -0.0627, 0.0868
1.1679, -0.2281, 1.0061, 0.0295, -0.0641, 0.0868
1.1737, -0.2315, 1.0102, 0.0288, -0.0649, 0.0868
1.1742, -0.2344, 1.0102, 0.0282, -0.0649, 0.0868
1.1715, -0.2359, 1.0055, 0.0279, -0.0645, 0.0867
1.1671, -0.2370, 0.9979, 0.0277, -0.0638, 0.0867
1.1637, -0.2369, 0.9888, 0.0278, -0.0634, 0.0867
1.1628, -0.2344, 0.9808, 0.0284, -0.0634, 0.0866
1.1634, -0.2298, 0.9764, 0.0292, -0.0636, 0.0866
1.1629, -0.2260, 0.9742, 0.0299, -0.0636, 0.0865
1.1588, -0.2232, 0.9718, 0.0303, -0.0630, 0.0865
1.1519, -0.2214, 0.9653, 0.0305, -0.0620, 0.0866
1.1444, -0.2223, 0.9560, 0.0303, -0.0610, 0.0866
1.1363, -0.2251, 0.9490, 0.0298, -0.0598, 0.0867
1.1276, -0.2283, 0.9443, 0.0291, -0.0585, 0.0867
1.1211, -0.2298, 0.9415, 0.0287, -0.0575, 0.0868
1.1175, -0.2288, 0.9410, 0.0287, -0.0571, 0.0868
1.1159, -0.2279, 0.9422, 0.0288, -0.0570, 0.0868
1.1154, -0.2277, 0.9446, 0.0286, -0.0570, 0.0868
1.1153, -0.2264, 0.9478, 0.0287, -0.0571, 0.0868
1.1158, -0.2232, 0.9534, 0.0291, -0.0572, 0.0867
1.1187, -0.2184, 0.9615, 0.0298, -0.0576, 0.0866
1.1236, -0.2132, 0.9689, 0.0307, -0.0584, 0.0865
1.1300, -0.2077, 0.9762, 0.0316, -0.0594, 0.0865
1.1374, -0.2015, 0.9838, 0.0327, -0.0607, 0.0864
1.1425, -0.1958, 0.9892, 0.0338, -0.0615, 0.0863
1.1444, -0.1918, 0.9916, 0.0347, -0.0618, 0.0862
1.1456, -0.1898, 0.9904, 0.0353, -0.0621, 0.0862
1.1459, -0.1891, 0.9860, 0.0356, -0.0622, 0.0862
1.1426, -0.1893, 0.9800, 0.0358, -0.0618, 0.0861
1.1367, -0.1914, 0.9728, 0.0357, -0.0609, 0.0861
1.1333, -0.1935, 0.9664, 0.0357, -0.0604, 0.0861
1.1360, -0.1921, 0.9621, 0.0363, -0.0611, 0.0860
1.1401, -0.1894, 0.9595, 0.0371, -0.0620, 0.0859
1.1408, -0.1881, 0.9591, 0.0376, -0.0623, 0.0858
1.1378, -0.1879, 0.9572, 0.0378, -0.0618, 0.0858
1.1306, -0.1891, 0.9497, 0.0378, -0.0608, 0.0858
1.1228, -0.1911, 0.9414, 0.0376, -0.0596, 0.0857
1.1187, -0.1935, 0.9379, 0.0374, -0.0590, 0.0857
1.1176, -0.1965, 0.9364, 0.0370, -0.0589, 0.0857
1.1184, -0.1973, 0.9362, 0.0369, -0.0592, 0.0857
1.1190, -0.1942, 0.9395, 0.0374, -0.0593, 0.0857
1.1167, -0.1893, 0.9426, 0.0381, -0.0589, 0.0856
1.1133, -0.1853, 0.9433, 0.0387, -0.0583, 0.0855
1.1111, -0.1853, 0.9439, 0.0387, -0.0579, 0.0855
1.1092, -0.1903, 0.9447, 0.0378, -0.0576, 0.0855
1.1067, -0.1977, 0.9438, 0.0365, -0.0571, 0.0855
1.1036, -0.2042, 0.9419, 0.0353, -0.0565, 0.0855
1.1004, -0.2086, 0.9424, 0.0344, -0.0558, 0.0855
1.0965, -0.2115, 0.9439, 0.0337, -0.0550, 0.0854
1.0909, -0.2150, 0.9425, 0.0329, -0.0540, 0.0854
1.0849, -0.2181, 0.9406, 0.0321, -0.0529, 0.0855
1.0821, -0.2167, 0.9431, 0.0321, -0.0523, 0.0855
1.0836, -0.2138, 0.9475, 0.0325, -0.0525, 0.0856
1.0866, -0.2166, 0.9477, 0.0320, -0.0530, 0.0856
1.0890, -0.2231, 0.9442, 0.0310, -0.0535, 0.0857
1.0928, -0.2272, 0.9428, 0.0304, -0.0541, 0.0858
1.0998, -0.2289, 0.9456, 0.0302, -0.0553, 0.0858
1.1078, -0.2331, 0.9480, 0.0296, -0.0567, 0.0858
1.1141, -0.2399, 0.9475, 0.0285, -0.0578, 0.0859
1.1163, -0.2447, 0.9451, 0.0277, -0.0582, 0.0859
1.1150, -0.2462, 0.9435, 0.0274, -0.0579, 0.0859
1.1127, -0.2469, 0.9434, 0.0272, -0.0575, 0.0859
1.1115, -0.2472, 0.9458, 0.0271, -0.0572, 0.0859
1.1116, -0.2450, 0.9492, 0.0273, -0.0572, 0.0858
1.1129, -0.2407, 0.9507, 0.0280, -0.0574, 0.0857
1.1146, -0.2348, 0.9503, 0.0290, -0.0579, 0.0856
1.1152, -0.2278, 0.9493, 0.0302, -0.0582, 0.0855
1.1118, -0.2219, 0.9467, 0.0312, -0.0577, 0.0854
1.1047, -0.2182, 0.9423, 0.0318, -0.0566, 0.0853
1.0963, -0.2142, 0.9392, 0.0324, -0.0552, 0.0852
1.0884, -0.2093, 0.9358, 0.0333, -0.0539, 0.0851
1.0807, -0.2065, 0.9295, 0.0338, -0.0527, 0.0850
1.0755, -0.2046, 0.9241, 0.0342, -0.0520, 0.0850
1.0766, -0.2005, 0.9239, 0.0349, -0.0523, 0.0849
1.0823, -0.1959, 0.9271, 0.0357, -0.0534, 0.0848
1.0881, -0.1927, 0.9304, 0.0363, -0.0545, 0.0848
1.0916, -0.1896, 0.9332, 0.0368, -0.0551, 0.0848
1.0944, -0.1858, 0.9347, 0.0374, -0.0557, 0.0848
1.0986, -0.1845, 0.9358, 0.0376, -0.0566, 0.0849
1.1026, -0.1855, 0.9363, 0.0374, -0.0573, 0.0850
1.1056, -0.1838, 0.9361, 0.0377, -0.0579, 0.0850
1.1079, -0.1818, 0.9394, 0.0379, -0.0583, 0.0851
1.1101, -0.1840, 0.9475, 0.0373, -0.0586, 0.0852
1.1102, -0.1898, 0.9536, 0.0361, -0.0585, 0.0854
1.1063, -0.1961, 0.9542, 0.0349, -0.0578, 0.0855
1.1003, -0.2012, 0.9531, 0.0338, -0.0567, 0.0857
1.0924, -0.2040, 0.9519, 0.0331, -0.0553, 0.0858
1.0834, -0.2067, 0.9503, 0.0325, -0.0537, 0.0860
1.0777, -0.2116, 0.9491, 0.0315, -0.0526, 0.0861
1.0783, -0.2177, 0.9505, 0.0303, -0.0527, 0.0863
1.0835, -0.2243, 0.9557, 0.0291, -0.0535, 0.0865
1.0912, -0.2301, 0.9619, 0.0280, -0.0547, 0.0867
1.1008, -0.2337, 0.9668, 0.0274, -0.0563, 0.0868
1.1102, -0.2340, 0.9694, 0.0275, -0.0581, 0.0869
1.1190, -0.2300, 0.9704, 0.0283, -0.0597, 0.0869
1.1276, -0.2251, 0.9726, 0.0292, -0.0614, 0.0870
1.1365, -0.2210, 0.9764, 0.0299, -0.0630, 0.0870
1.1476, -0.2161, 0.9812, 0.0308, -0.0650, 0.0871
1.1600, -0.2109, 0.9870, 0.0317, -0.0673, 0.0871
1.1724, -0.2061, 0.9907, 0.0327, -0.0695, 0.0870
1.1852, -0.2020, 0.9893, 0.0336, -0.0720, 0.0870
1.1964, -0.1981, 0.9838, 0.0346, -0.0742, 0.0869
1.2047, -0.1937, 0.9782, 0.0356, -0.0759, 0.0869
1.2089, -0.1891, 0.9763, 0.0366, -0.0768, 0.0868
1.2079, -0.1865, 0.9772, 0.0370, -0.0767, 0.0867
1.2058, -0.1866, 0.9774, 0.0370, -0.0763, 0.0867
1.2053, -0.1868, 0.9766, 0.0370, -0.0763, 0.0866
1.2032, -0.1887, 0.9748, 0.0367, -0.0759, 0.0866
1.1977, -0.1933, 0.9704, 0.0359, -0.0751, 0.0866
1.1898, -0.1969, 0.9646, 0.0353, -0.0737, 0.0867
1.1813, -0.1965, 0.9612, 0.0353, -0.0723, 0.0867
1.1732, -0.1949, 0.9594, 0.0355, -0.0709, 0.0867
1.1651, -0.1971, 0.9553, 0.0351, -0.0695, 0.0867
1.1585, -0.2011, 0.9489, 0.0345, -0.0684, 0.0868
1.1543, -0.2015, 0.9431, 0.0346, -0.0678, 0.0867
1.1524, -0.1984, 0.9394, 0.0352, -0.0675, 0.0866
1.1523, -0.1964, 0.9358, 0.0358, -0.0675, 0.0866
1.1527, -0.1953, 0.9294, 0.0363, -0.0677, 0.0865
1.1513, -0.1930, 0.9222, 0.0369, -0.0676, 0.0864
1.1487, -0.1917, 0.9187, 0.0372, -0.0671, 0.0863
1.1488, -0.1913, 0.9214, 0.0373, -0.0669, 0.0862
1.1528, -0.1897, 0.9289, 0.0376, -0.0674, 0.0861
1.1591, -0.1879, 0.9390, 0.0378, -0.0682, 0.0860
1.1660, -0.1880, 0.9499, 0.0377, -0.0691, 0.0859
1.1703, -0.1905, 0.9585, 0.0372, -0.0695, 0.0860
1.1713, -0.1917, 0.9634, 0.0368, -0.0694, 0.0860
1.1704, -0.1892, 0.9652, 0.0372, -0.0691, 0.0861
1.1688, -0.1862, 0.9647, 0.0378, -0.0688, 0.0861
1.1669, -0.1870, 0.9639, 0.0377, -0.0683, 0.0861
1.1653, -0.1906, 0.9617, 0.0373, -0.0679, 0.0861
1.1661, -0.1920, 0.9552, 0.0373, -0.0681, 0.0861
1.1702, -0.1914, 0.9468, 0.0377, -0.0689, 0.0861
1.1755, -0.1916, 0.9437, 0.0379, -0.0699, 0.0861
1.1813, -0.1904, 0.9500, 0.0381, -0.0708, 0.0861
1.1861, -0.1860, 0.9616, 0.0387, -0.0714, 0.0861
1.1843, -0.1811, 0.9702, 0.0394, -0.0709, 0.0861
1.1760, -0.1783, 0.9727, 0.0396, -0.0693, 0.0861
1.1676, -0.1786, 0.9699, 0.0395, -0.0678, 0.0862
1.1598, -0.1806, 0.9633, 0.0391, -0.0665, 0.0863
1.1495, -0.1817, 0.9542, 0.0389, -0.0648, 0.0864
1.1394, -0.1820, 0.9452, 0.0387, -0.0632, 0.0865
1.1324, -0.1840, 0.9374, 0.0383, -0.0620, 0.0866
1.1266, -0.1884, 0.9312, 0.0375, -0.0611, 0.0867
1.1235, -0.1920, 0.9290, 0.0368, -0.0605, 0.0867
1.1259, -0.1935, 0.9323, 0.0365, -0.0609, 0.0867
1.1317, -0.1946, 0.9394, 0.0362, -0.0618, 0.0867
1.1381, -0.1964, 0.9467, 0.0358, -0.0627, 0.0866
1.1453, -0.1990, 0.9526, 0.0353, -0.0639, 0.0865
1.1538, -0.2033, 0.9575, 0.0347, -0.0653, 0.0864
1.1609, -0.2111, 0.9620, 0.0334, -0.0665, 0.0863
1.1638, -0.2220, 0.9658, 0.0315, -0.0668, 0.0863
1.1654, -0.2311, 0.9715, 0.0299, -0.0669, 0.0863
1.1701, -0.2328, 0.9811, 0.0295, -0.0675, 0.0861
1.1782, -0.2288, 0.9910, 0.0302, -0.0688, 0.0859
1.1855, -0.2228, 0.9987, 0.0312, -0.0700, 0.0857
1.1908, -0.2140, 1.0047, 0.0328, -0.0709, 0.0855
1.1950, -0.2035, 1.0076, 0.0347, -0.0716, 0.0852
1.1970, -0.1948, 1.0048, 0.0364, -0.0721, 0.0850
1.1960, -0.1875, 0.9993, 0.0378, -0.0721, 0.0849
1.1921, -0.1808, 0.9961, 0.0389, -0.0716, 0.0848
1.1842, -0.1772, 0.9948, 0.0394, -0.0702, 0.0847
1.1734, -0.1762, 0.9926, 0.0395, -0.0683, 0.0847
1.1629, -0.1749, 0.9898, 0.0396, -0.0665, 0.0846
1.1550, -0.1727, 0.9868, 0.0400, -0.0652, 0.0845
1.1494, -0.1733, 0.9831, 0.0399, -0.0643, 0.0845
1.1455, -0.1756, 0.9794, 0.0395, -0.0636, 0.0845
1.1425, -0.1759, 0.9752, 0.0394, -0.0632, 0.0844
1.1391, -0.1770, 0.9714, 0.0392, -0.0626, 0.0845
1.1352, -0.1804, 0.9691, 0.0385, -0.0619, 0.0845
1.1294, -0.1838, 0.9658, 0.0379, -0.0608, 0.0846
1.1239, -0.1878, 0.9636, 0.0371, -0.0597, 0.0846
1.1221, -0.1929, 0.9666, 0.0361, -0.0592, 0.0846
1.1222, -0.1984, 0.9708, 0.0351, -0.0590, 0.0847
1.1234, -0.2049, 0.9722, 0.0340, -0.0590, 0.0848
1.1250, -0.2141, 0.9699, 0.0325, -0.0592, 0.0849
1.1270, -0.2246, 0.9663, 0.0308, -0.0596, 0.0851
1.1301, -0.2331, 0.9646, 0.0294, -0.0601, 0.0853
1.1319, -0.2404, 0.9622, 0.0282, -0.0604, 0.0855
1.1306, -0.2479, 0.9587, 0.0270, -0.0602, 0.0857
1.1287, -0.2526, 0.9591, 0.0261, -0.0597, 0.0859
1.1270, -0.2533, 0.9625, 0.0259, -0.0592, 0.0861
1.1246, -0.2515, 0.9660, 0.0260, -0.0587, 0.0861
1.1243, -0.2478, 0.9684, 0.0266, -0.0585, 0.0861
1.1279, -0.2417, 0.9692, 0.0277, -0.0591, 0.0861
1.1343, -0.2337, 0.9699, 0.0291, -0.0603, 0.0860
1.1403, -0.2256, 0.9714, 0.0305, -0.0615, 0.0860
1.1411, -0.2170, 0.9716, 0.0319, -0.0617, 0.0860
1.1366, -0.2083, 0.9671, 0.0333, -0.0611, 0.0860
1.1305, -0.2025, 0.9575, 0.0343, -0.0604, 0.0860
1.1266, -0.2011, 0.9482, 0.0345, -0.0600, 0.0861
1.1271, -0.2037, 0.9404, 0.0342, -0.0603, 0.0862
1.1300, -0.2088, 0.9334, 0.0335, -0.0610, 0.0863
1.1309, -0.2134, 0.9310, 0.0329, -0.0612, 0.0864
1.1309, -0.2136, 0.9338, 0.0328, -0.0611, 0.0865
1.1330, -0.2070, 0.9374, 0.0340, -0.0614, 0.0865
1.1353, -0.1959, 0.9392, 0.0360, -0.0618, 0.0864
1.1354, -0.1846, 0.9415, 0.0380, -0.0618, 0.0863
1.1329, -0.1752, 0.9458, 0.0396, -0.0613, 0.0862
1.1290, -0.1667, 0.9480, 0.0410, -0.0605, 0.0861
1.1265, -0.1582, 0.9471, 0.0425, -0.0601, 0.0860
1.1265, -0.1527, 0.9453, 0.0436, -0.0601, 0.0859
1.1269, -0.1544, 0.9414, 0.0434, -0.0602, 0.0859
1.1281, -0.1621, 0.9363, 0.0423, -0.0604, 0.0859
1.1335, -0.1684, 0.9363, 0.0413, -0.0613, 0.0860
1.1413, -0.1710, 0.9423, 0.0409, -0.0626, 0.0860
1.1479, -0.1720, 0.9509, 0.0407, -0.0636, 0.0859
1.1531, -0.1737, 0.9609, 0.0403, -0.0642, 0.0859
1.1587, -0.1779, 0.9686, 0.0395, -0.0650, 0.0860
1.1660, -0.1852, 0.9741, 0.0382, -0.0661, 0.0861
1.1727, -0.1961, 0.9806, 0.0362, -0.0670, 0.0862
1.1756, -0.2080, 0.9851, 0.0340, -0.0673, 0.0864
1.1734, -0.2151, 0.9854, 0.0326, -0.0668, 0.0865
1.1665, -0.2158, 0.9831, 0.0322, -0.0656, 0.0866
1.1587, -0.2116, 0.9782, 0.0327, -0.0642, 0.0866
1.1532, -0.2042, 0.9728, 0.0338, -0.0634, 0.0867
1.1505, -0.1955, 0.9723, 0.0350, -0.0630, 0.0867
1.1525, -0.1853, 0.9771, 0.0365, -0.0633, 0.0867
1.1588, -0.1731, 0.9838, 0.0385, -0.0644, 0.0866
1.1639, -0.1637, 0.9878, 0.0401, -0.0653, 0.0865
1.1642, -0.1596, 0.9874, 0.0408, -0.0654, 0.0865
1.1629, -0.1594, 0.9875, 0.0407, -0.0652, 0.0866
1.1638, -0.1602, 0.9905, 0.0405, -0.0654, 0.0867
1.1670, -0.1606, 0.9933, 0.0403, -0.0659, 0.0867
1.1707, -0.1630, 0.9934, 0.0399, -0.0667, 0.0867
1.1737, -0.1674, 0.9904, 0.0392, -0.0673, 0.0867
1.1750, -0.1719, 0.9856, 0.0386, -0.0678, 0.0867
1.1739, -0.1774, 0.9808, 0.0377, -0.0677, 0.0867
1.1702, -0.1842, 0.9778, 0.0365, -0.0671, 0.0867
1.1669, -0.1924, 0.9787, 0.0350, -0.0664, 0.0867
1.1664, -0.1978, 0.9828, 0.0340, -0.0662, 0.0866
1.1664, -0.1943, 0.9883, 0.0344, -0.0661, 0.0865
1.1623, -0.1877, 0.9929, 0.0354, -0.0653, 0.0863
1.1543, -0.1856, 0.9942, 0.0356, -0.0638, 0.0863
1.1465, -0.1856, 0.9933, 0.0356, -0.0623, 0.0862
1.1391, -0.1859, 0.9915, 0.0355, -0.0609, 0.0861
1.1307, -0.1897, 0.9880, 0.0349, -0.0594, 0.0860
1.1233, -0.1961, 0.9826, 0.0338, -0.0580, 0.0860
1.1200, -0.2010, 0.9767, 0.0331, -0.0574, 0.0860
1.1203, -0.2034, 0.9705, 0.0329, -0.0576, 0.0860
1.1245, -0.2014, 0.9655, 0.0334, -0.0585, 0.0860
1.1316, -0.1944, 0.9629, 0.0348, -0.0600, 0.0859
1.1355, -0.1879, 0.9589, 0.0361, -0.0609, 0.0857
1.1340, -0.1863, 0.9524, 0.0365, -0.0608, 0.0857
1.1295, -0.1896, 0.9466, 0.0359, -0.0602, 0.0857
1.1211, -0.1980, 0.9392, 0.0345, -0.0588, 0.0857
1.1105, -0.2108, 0.9296, 0.0322, -0.0570, 0.0859
1.1061, -0.2219, 0.9252, 0.0303, -0.0563, 0.0861
1.1107, -0.2263, 0.9294, 0.0295, -0.0571, 0.0862
1.1198, -0.2270, 0.9365, 0.0294, -0.0586, 0.0863
1.1298, -0.2308, 0.9423, 0.0288, -0.0603, 0.0864
1.1381, -0.2397, 0.9456, 0.0274, -0.0617, 0.0865
1.1434, -0.2466, 0.9482, 0.0263, -0.0625, 0.0866
1.1495, -0.2485, 0.9564, 0.0260, -0.0633, 0.0867
1.1575, -0.2470, 0.9717, 0.0262, -0.0644, 0.0867
1.1635, -0.2418, 0.9861, 0.0270, -0.0651, 0.0867
1.1670, -0.2351, 0.9938, 0.0281, -0.0656, 0.0866
1.1708, -0.2285, 0.9953, 0.0294, -0.0662, 0.0866
1.1738, -0.2231, 0.9927, 0.0305, -0.0669, 0.0865
1.1734, -0.2209, 0.9879, 0.0310, -0.0669, 0.0865
1.1749, -0.2204, 0.9853, 0.0313, -0.0673, 0.0865
1.1812, -0.2204, 0.9858, 0.0315, -0.0685, 0.0864
1.1874, -0.2231, 0.9870, 0.0312, -0.0696, 0.0863
1.1914, -0.2287, 0.9894, 0.0303, -0.0703, 0.0863
1.1919, -0.2350, 0.9918, 0.0291, -0.0703, 0.0863
1.1891, -0.2407, 0.9934, 0.0281, -0.0697, 0.0863
1.1862, -0.2469, 0.9932, 0.0270, -0.0693, 0.0863
1.1844, -0.2518, 0.9914, 0.0261, -0.0690, 0.0862
1.1846, -0.2507, 0.9926, 0.0264, -0.0691, 0.0861
1.1868, -0.2450, 0.9960, 0.0274, -0.0696, 0.0859
1.1907, -0.2382, 0.9977, 0.0287, -0.0704, 0.0857
1.1972, -0.2298, 0.9995, 0.0303, -0.0716, 0.0855
1.2024, -0.2203, 0.9997, 0.0321, -0.0727, 0.0853
1.2041, -0.2114, 0.9972, 0.0339, -0.0731, 0.0851
1.2047, -0.2038, 0.9960, 0.0354, -0.0733, 0.0849
1.2032, -0.1980, 0.9940, 0.0365, -0.0731, 0.0848
1.1992, -0.1930, 0.9895, 0.0374, -0.0724, 0.0846
1.1920, -0.1869, 0.9818, 0.0386, -0.0712, 0.0845
1.1827, -0.1803, 0.9728, 0.0398, -0.0697, 0.0844
1.1776, -0.1734, 0.9695, 0.0411, -0.0688, 0.0843
1.1777, -0.1681, 0.9725, 0.0420, -0.0688, 0.0842
1.1784, -0.1669, 0.9765, 0.0422, -0.0688, 0.0842
1.1763, -0.1656, 0.9789, 0.0423, -0.0684, 0.0842
1.1689, -0.1612, 0.9778, 0.0428, -0.0672, 0.0841
1.1578, -0.1588, 0.9718, 0.0431, -0.0653, 0.0841
1.1460, -0.1619, 0.9637, 0.0424, -0.0634, 0.0842
1.1348, -0.1653, 0.9581, 0.0416, -0.0615, 0.0842
1.1254, -0.1657, 0.9556, 0.0413, -0.0600, 0.0843
1.1189, -0.1668, 0.9539, 0.0409, -0.0589, 0.0843
1.1163, -0.1686, 0.9534, 0.0406, -0.0585, 0.0842
1.1175, -0.1685, 0.9526, 0.0406, -0.0588, 0.0842
1.1206, -0.1672, 0.9513, 0.0409, -0.0594, 0.0842
1.1220, -0.1702, 0.9515, 0.0403, -0.0596, 0.0843
1.1217, -0.1787, 0.9505, 0.0387, -0.0595, 0.0844
1.1227, -0.1869, 0.9471, 0.0373, -0.0597, 0.0846
1.1259, -0.1933, 0.9440, 0.0362, -0.0603, 0.0847
1.1308, -0.1992, 0.9429, 0.0352, -0.0613, 0.0849
1.1350, -0.2037, 0.9440, 0.0344, -0.0620, 0.0850
1.1369, -0.2049, 0.9462, 0.0341, -0.0623, 0.0850
1.1369, -0.2047, 0.9474, 0.0342, -0.0622, 0.0850
1.1361, -0.2057, 0.9472, 0.0340, -0.0621, 0.0850
1.1368, -0.2081, 0.9491, 0.0336, -0.0621, 0.0850
1.1405, -0.2130, 0.9547, 0.0328, -0.0626, 0.0850
1.1435, -0.2177, 0.9569, 0.0320, -0.0630, 0.0851
1.1430, -0.2179, 0.9508, 0.0322, -0.0630, 0.0851
1.1402, -0.2139, 0.9413, 0.0330, -0.0627, 0.0850
1.1365, -0.2078, 0.9346, 0.0342, -0.0622, 0.0850
1.1330, -0.2013, 0.9318, 0.0354, -0.0616, 0.0850
1.1294, -0.1956, 0.9312, 0.0364, -0.0610, 0.0850
1.1251, -0.1918, 0.9321, 0.0370, -0.0602, 0.0850
1.1190, -0.1911, 0.9328, 0.0370, -0.0590, 0.0850
1.1110, -0.1929, 0.9321, 0.0367, -0.0575, 0.0850
1.1049, -0.1950, 0.9306, 0.0363, -0.0563, 0.0850
1.1016, -0.1964, 0.9272, 0.0361, -0.0557, 0.0850
1.0991, -0.1991, 0.9217, 0.0358, -0.0552, 0.0850
1.0979, -0.2020, 0.9160, 0.0355, -0.0550, 0.0850
1.0994, -0.2001, 0.9118, 0.0360, -0.0552, 0.0849
1.1028, -0.1948, 0.9106, 0.0371, -0.0558, 0.0849
1.1052, -0.1913, 0.9103, 0.0377, -0.0561, 0.0849
1.1050, -0.1907, 0.9082, 0.0378, -0.0560, 0.0849
1.1041, -0.1942, 0.9061, 0.0372, -0.0558, 0.0850
1.1055, -0.2009, 0.9072, 0.0360, -0.0559, 0.0851
1.1104, -0.2062, 0.9130, 0.0352, -0.0567, 0.0851
1.1168, -0.2093, 0.9215, 0.0346, -0.0577, 0.0852
1.1219, -0.2111, 0.9302, 0.0342, -0.0585, 0.0852
1.1247, -0.2094, 0.9373, 0.0343, -0.0589, 0.0852
1.1263, -0.2058, 0.9421, 0.0348, -0.0592, 0.0852
1.1300, -0.2035, 0.9473, 0.0351, -0.0599, 0.0851
1.1358, -0.2051, 0.9533, 0.0346, -0.0610, 0.0851
1.1402, -0.2130, 0.9542, 0.0332, -0.0618, 0.0852
1.1403, -0.2247, 0.9460, 0.0312, -0.0620, 0.0852
1.1362, -0.2353, 0.9332, 0.0295, -0.0615, 0.0853
1.1317, -0.2457, 0.9234, 0.0277, -0.0609, 0.0854
1.1288, -0.2572, 0.9195, 0.0257, -0.0604, 0.0855
1.1293, -0.2637, 0.9193, 0.0246, -0.0605, 0.0856
1.1314, -0.2628, 0.9202, 0.0247, -0.0609, 0.0856
1.1297, -0.2590, 0.9194, 0.0254, -0.0607, 0.0855
1.1248, -0.2548, 0.9177, 0.0260, -0.0599, 0.0855
1.1213, -0.2490, 0.9190, 0.0269, -0.0592, 0.0854
1.1221, -0.2389, 0.9238, 0.0286, -0.0593, 0.0853
1.1270, -0.2253, 0.9282, 0.0309, -0.0603, 0.0852
1.1319, -0.2130, 0.9310, 0.0331, -0.0612, 0.0851
1.1338, -0.2048, 0.9322, 0.0345, -0.0615, 0.0850
1.1311, -0.2016, 0.9293, 0.0351, -0.0611, 0.0850
1.1249, -0.2027, 0.9245, 0.0348, -0.0600, 0.0851
1.1183, -0.2065, 0.9204, 0.0341, -0.0589, 0.0852
1.1130, -0.2136, 0.9147, 0.0328, -0.0580, 0.0853
1.1080, -0.2253, 0.9085, 0.0306, -0.0571, 0.0855
1.1021, -0.2380, 0.9050, 0.0283, -0.0559, 0.0857
1.0983, -0.2454, 0.9044, 0.0270, -0.0552, 0.0859
1.0986, -0.2458, 0.9069, 0.0269, -0.0551, 0.0859
1.1029, -0.2411, 0.9144, 0.0276, -0.0557, 0.0860
1.1095, -0.2348, 0.9259, 0.0286, -0.0567, 0.0860
1.1142, -0.2278, 0.9376, 0.0296, -0.0573, 0.0859
1.1151, -0.2191, 0.9459, 0.0310, -0.0573, 0.0859
1.1135, -0.2101, 0.9485, 0.0324, -0.0569, 0.0859
1.1115, -0.2028, 0.9488, 0.0335, -0.0566, 0.0860
1.1115, -0.1960, 0.9511, 0.0346, -0.0565, 0.0859
1.1154, -0.1890, 0.9545, 0.0358, -0.0572, 0.0859
1.1219, -0.1845, 0.9571, 0.0368, -0.0583, 0.0859
1.1283, -0.1836, 0.9587, 0.0371, -0.0594, 0.0858
1.1358, -0.1846, 0.9594, 0.0371, -0.0607, 0.0858
1.1450, -0.1840, 0.9596, 0.0374, -0.0623, 0.0858
1.1535, -0.1807, 0.9600, 0.0382, -0.0639, 0.0857
1.1593, -0.1794, 0.9600, 0.0386, -0.0650, 0.0856
1.1619, -0.1806, 0.9611, 0.0385, -0.0655, 0.0856
1.1632, -0.1821, 0.9648, 0.0383, -0.0657, 0.0855
1.1639, -0.1845, 0.9701, 0.0379, -0.0657, 0.0855
1.1639, -0.1854, 0.9766, 0.0376, -0.0656, 0.0855
1.1643, -0.1842, 0.9854, 0.0377, -0.0656, 0.0854
1.1642, -0.1830, 0.9955, 0.0377, -0.0654, 0.0854
1.1615, -0.1828, 1.0015, 0.0376, -0.0648, 0.0854
1.1569, -0.1858, 1.0026, 0.0370, -0.0640, 0.0854
1.1544, -0.1915, 1.0027, 0.0360, -0.0636, 0.0855
1.1553, -0.1968, 1.0031, 0.0350, -0.0638, 0.0856
1.1575, -0.2023, 1.0043, 0.0340, -0.0642, 0.0857
1.1611, -0.2074, 1.0065, 0.0331, -0.0648, 0.0859
1.1661, -0.2105, 1.0068, 0.0325, -0.0658, 0.0860
1.1693, -0.2152, 1.0045, 0.0317, -0.0665, 0.0861
1.1675, -0.2234, 1.0014, 0.0302, -0.0662, 0.0863
1.1598, -0.2327, 0.9967, 0.0285, -0.0648, 0.0864
1.1502, -0.2406, 0.9923, 0.0270, -0.0631, 0.0866
1.1439, -0.2442, 0.9907, 0.0262, -0.0619, 0.0867
1.1400, -0.2433, 0.9889, 0.0262, -0.0612, 0.0868
1.1357, -0.2386, 0.9859, 0.0269, -0.0604, 0.0869
1.1320, -0.2317, 0.9835, 0.0279, -0.0598, 0.0869
1.1311, -0.2234, 0.9813, 0.0293, -0.0597, 0.0870
1.1355, -0.2114, 0.9800, 0.0314, -0.0605, 0.0870
1.1426, -0.1971, 0.9804, 0.0339, -0.0619, 0.0870
1.1461, -0.1874, 0.9813, 0.0356, -0.0625, 0.0870
1.1455, -0.1836, 0.9813, 0.0362, -0.0624, 0.0870
1.1463, -0.1813, 0.9803, 0.0367, -0.0626, 0.0871
1.1492, -0.1796, 0.9785, 0.0371, -0.0631, 0.0871
1.1505, -0.1776, 0.9754, 0.0375, -0.0634, 0.0872
1.1486, -0.1767, 0.9688, 0.0377, -0.0631, 0.0872
1.1442, -0.1806, 0.9592, 0.0372, -0.0624, 0.0873
1.1392, -0.1877, 0.9510, 0.0361, -0.0616, 0.0874
1.1364, -0.1936, 0.9468, 0.0353, -0.0612, 0.0875
1.1373, -0.1951, 0.9444, 0.0353, -0.0615, 0.0875
1.1389, -0.1950, 0.9425, 0.0355, -0.0619, 0.0875
1.1408, -0.1966, 0.9434, 0.0353, -0.0623, 0.0875
1.1443, -0.1982, 0.9475, 0.0351, -0.0630, 0.0875
1.1479, -0.1998, 0.9532, 0.0348, -0.0636, 0.0876
1.1511, -0.2031, 0.9595, 0.0342, -0.0641, 0.0876
1.1549, -0.2078, 0.9652, 0.0334, -0.0647, 0.0877
1.1583, -0.2117, 0.9705, 0.0327, -0.0652, 0.0878
1.1583, -0.2137, 0.9748, 0.0323, -0.0652, 0.0879
1.1533, -0.2151, 0.9770, 0.0319, -0.0642, 0.0879
1.1475, -0.2169, 0.9780, 0.0314, -0.0631, 0.0879
1.1472, -0.2173, 0.9802, 0.0314, -0.0630, 0.0879
1.1537, -0.2156, 0.9860, 0.0317, -0.0641, 0.0878
1.1615, -0.2149, 0.9918, 0.0319, -0.0654, 0.0876
1.1646, -0.2147, 0.9932, 0.0320, -0.0660, 0.0875
1.1652, -0.2108, 0.9915, 0.0328, -0.0662, 0.0873
1.1667, -0.2063, 0.9895, 0.0337, -0.0666, 0.0871
1.1658, -0.2054, 0.9871, 0.0340, -0.0665, 0.0869
1.1624, -0.2040, 0.9831, 0.0344, -0.0660, 0.0867
1.1606, -0.1985, 0.9789, 0.0354, -0.0658, 0.0865
1.1617, -0.1900, 0.9777, 0.0369, -0.0661, 0.0864
1.1629, -0.1826, 0.9782, 0.0381, -0.0664, 0.0862
1.1627, -0.1786, 0.9775, 0.0387, -0.0664, 0.0861
1.1609, -0.1766, 0.9749, 0.0390, -0.0662, 0.0860
1.1585, -0.1739, 0.9734, 0.0394, -0.0658, 0.0859
1.1572, -0.1712, 0.9758, 0.0397, -0.0655, 0.0858
1.1563, -0.1722, 0.9810, 0.0393, -0.0652, 0.0857
1.1562, -0.1780, 0.9874, 0.0381, -0.0649, 0.0856
1.1564, -0.1876, 0.9922, 0.0363, -0.0647, 0.0856
1.1552, -0.1976, 0.9926, 0.0346, -0.0642, 0.0856
1.1530, -0.2048, 0.9898, 0.0333, -0.0637, 0.0856
1.1486, -0.2095, 0.9852, 0.0325, -0.0629, 0.0856
1.1435, -0.2137, 0.9785, 0.0319, -0.0620, 0.0856
1.1388, -0.2167, 0.9726, 0.0315, -0.0613, 0.0857
1.1327, -0.2165, 0.9685, 0.0316, -0.0602, 0.0857
1.1271, -0.2138, 0.9638, 0.0321, -0.0593, 0.0857
1.1236, -0.2095, 0.9569, 0.0331, -0.0589, 0.0858
1.1217, -0.2031, 0.9504, 0.0344, -0.0587, 0.0857
1.1241, -0.1963, 0.9508, 0.0356, -0.0592, 0.0857
1.1302, -0.1908, 0.9577, 0.0366, -0.0602, 0.0857
1.1353, -0.1880, 0.9651, 0.0370, -0.0609, 0.0858
1.1364, -0.1905, 0.9701, 0.0366, -0.0610, 0.0858
1.1331, -0.1970, 0.9702, 0.0354, -0.0602, 0.0859
1.1253, -0.2040, 0.9635, 0.0342, -0.0588, 0.0860
1.1154, -0.2091, 0.9537, 0.0332, -0.0571, 0.0861
1.1070, -0.2123, 0.9461, 0.0326, -0.0556, 0.0861
1.1006, -0.2139, 0.9413, 0.0323, -0.0545, 0.0862
1.0962, -0.2150, 0.9392, 0.0321, -0.0537, 0.0862
1.0956, -0.2169, 0.9393, 0.0318, -0.0536, 0.0863
1.0985, -0.2185, 0.9420, 0.0316, -0.0540, 0.0863
1.1016, -0.2185, 0.9461, 0.0316, -0.0545, 0.0864
1.1018, -0.2188, 0.9466, 0.0314, -0.0545, 0.0865
1.1006, -0.2195, 0.9431, 0.0313, -0.0544, 0.0866
1.0993, -0.2182, 0.9370, 0.0314, -0.0544, 0.0868
1.0990, -0.2150, 0.9324, 0.0319, -0.0546, 0.0869
1.1021, -0.2113, 0.9337, 0.0325, -0.0552, 0.0871
1.1097, -0.2083, 0.9398, 0.0329, -0.0566, 0.0872
1.1188, -0.2056, 0.9486, 0.0332, -0.0582, 0.0873
1.1255, -0.2013, 0.9568, 0.0337, -0.0593, 0.0874
1.1273, -0.1969, 0.9596, 0.0343, -0.0597, 0.0876
1.1239, -0.1960, 0.9562, 0.0343, -0.0592, 0.0877
1.1226, -0.1979, 0.9543, 0.0338, -0.0590, 0.0878
1.1294, -0.2000, 0.9599, 0.0334, -0.0602, 0.0879
1.1411, -0.2035, 0.9678, 0.0328, -0.0622, 0.0880
1.1517, -0.2074, 0.9740, 0.0321, -0.0640, 0.0880
1.1571, -0.2110, 0.9777, 0.0316, -0.0650, 0.0881
1.1559, -0.2160, 0.9768, 0.0308, -0.0649, 0.0881
1.1517, -0.2193, 0.9739, 0.0304, -0.0642, 0.0881
1.1520, -0.2187, 0.9747, 0.0306, -0.0643, 0.0881
1.1577, -0.2175, 0.9798, 0.0309, -0.0653, 0.0880
1.1658, -0.2164, 0.9843, 0.0313, -0.0667, 0.0879
1.1745, -0.2124, 0.9878, 0.0321, -0.0682, 0.0878
1.1813, -0.2047, 0.9921, 0.0336, -0.0693, 0.0877
1.1833, -0.1966, 0.9929, 0.0351, -0.0696, 0.0875
1.1816, -0.1901, 0.9904, 0.0363, -0.0693, 0.0874
1.1785, -0.1853, 0.9898, 0.0372, -0.0686, 0.0872
1.1730, -0.1818, 0.9908, 0.0378, -0.0675, 0.0870
1.1652, -0.1798, 0.9898, 0.0381, -0.0660, 0.0870
1.1581, -0.1805, 0.9876, 0.0380, -0.0646, 0.0870
1.1523, -0.1844, 0.9842, 0.0373, -0.0635, 0.0870
1.1462, -0.1898, 0.9794, 0.0364, -0.0624, 0.0871
1.1418, -0.1953, 0.9761, 0.0355, -0.0616, 0.0871
1.1432, -0.2000, 0.9780, 0.0347, -0.0618, 0.0871
1.1484, -0.2010, 0.9833, 0.0344, -0.0626, 0.0871
1.1513, -0.1967, 0.9849, 0.0352, -0.0631, 0.0871
1.1510, -0.1911, 0.9823, 0.0362, -0.0632, 0.0871
1.1488, -0.1897, 0.9788, 0.0366, -0.0628, 0.0872
1.1463, -0.1927, 0.9750, 0.0361, -0.0624, 0.0873
1.1446, -0.1951, 0.9707, 0.0358, -0.0622, 0.0875
1.1426, -0.1923, 0.9656, 0.0363, -0.0619, 0.0877
1.1390, -0.1860, 0.9604, 0.0374, -0.0615, 0.0879
1.1335, -0.1822, 0.9552, 0.0379, -0.0606, 0.0882
1.1267, -0.1831, 0.9499, 0.0376, -0.0596, 0.0885
1.1216, -0.1843, 0.9470, 0.0373, -0.0588, 0.0887
1.1197, -0.1856, 0.9481, 0.0369, -0.0585, 0.0889
1.1198, -0.1892, 0.9504, 0.0361, -0.0585, 0.0892
1.1230, -0.1915, 0.9532, 0.0356, -0.0590, 0.0893
1.1293, -0.1909, 0.9574, 0.0357, -0.0601, 0.0894
1.1328, -0.1909, 0.9609, 0.0356, -0.0606, 0.0894
1.1316, -0.1918, 0.9631, 0.0354, -0.0604, 0.0894
1.1321, -0.1897, 0.9657, 0.0358, -0.0604, 0.0893
1.1362, -0.1857, 0.9667, 0.0366, -0.0612, 0.0892
1.1404, -0.1845, 0.9654, 0.0370, -0.0620, 0.0891
1.1435, -0.1862, 0.9660, 0.0369, -0.0626, 0.0890
1.1450, -0.1874, 0.9680, 0.0367, -0.0628, 0.0889
1.1434, -0.1864, 0.9670, 0.0369, -0.0626, 0.0888
1.1412, -0.1839, 0.9658, 0.0374, -0.0623, 0.0887
1.1408, -0.1829, 0.9684, 0.0376, -0.0622, 0.0886
1.1431, -0.1829, 0.9741, 0.0375, -0.0625, 0.0884
1.1480, -0.1811, 0.9792, 0.0378, -0.0633, 0.0883
1.1526, -0.1785, 0.9805, 0.0384, -0.0642, 0.0881
1.1568, -0.1770, 0.9786, 0.0388, -0.0650, 0.0879
1.1612, -0.1768, 0.9764, 0.0390, -0.0659, 0.0878
1.1628, -0.1788, 0.9745, 0.0388, -0.0663, 0.0877
1.1616, -0.1823, 0.9735, 0.0382, -0.0661, 0.0876
1.1606, -0.1841, 0.9742, 0.0378, -0.0659, 0.0875
1.1590, -0.1856, 0.9740, 0.0375, -0.0656, 0.0875
1.1543, -0.1912, 0.9710, 0.0365, -0.0648, 0.0875
1.1485, -0.2003, 0.9667, 0.0349, -0.0638, 0.0876
1.1454, -0.2077, 0.9639, 0.0337, -0.0633, 0.0877
1.1445, -0.2140, 0.9646, 0.0325, -0.0630, 0.0877
1.1430, -0.2215, 0.9666, 0.0311, -0.0627, 0.0879
1.1387, -0.2293, 0.9663, 0.0296, -0.0618, 0.0880
1.1318, -0.2377, 0.9634, 0.0279, -0.0605, 0.0882
1.1238, -0.2456, 0.9589, 0.0264, -0.0590, 0.0883
1.1170, -0.2491, 0.9539, 0.0257, -0.0577, 0.0883
1.1142, -0.2473, 0.9505, 0.0260, -0.0572, 0.0882
1.1137, -0.2440, 0.9486, 0.0264, -0.0570, 0.0881
1.1126, -0.2402, 0.9485, 0.0269, -0.0567, 0.0881
1.1122, -0.2350, 0.9524, 0.0275, -0.0565, 0.0880
1.1154, -0.2300, 0.9608, 0.0281, -0.0568, 0.0880
1.1210, -0.2254, 0.9695, 0.0287, -0.0576, 0.0880
1.1252, -0.2207, 0.9737, 0.0293, -0.0583, 0.0879
1.1280, -0.2171, 0.9738, 0.0299, -0.0588, 0.0880
1.1314, -0.2152, 0.9729, 0.0302, -0.0594, 0.0881
1.1355, -0.2153, 0.9718, 0.0302, -0.0601, 0.0882
1.1399, -0.2174, 0.9709, 0.0298, -0.0609, 0.0884
1.1437, -0.2192, 0.9733, 0.0295, -0.0616, 0.0885
1.1481, -0.2191, 0.9813, 0.0295, -0.0622, 0.0886
1.1524, -0.2183, 0.9905, 0.0295, -0.0628, 0.0887
1.1522, -0.2211, 0.9975, 0.0289, -0.0626, 0.0887
1.1466, -0.2284, 1.0027, 0.0274, -0.0614, 0.0888
1.1381, -0.2375, 1.0049, 0.0257, -0.0597, 0.0889
1.1285, -0.2471, 1.0015, 0.0239, -0.0579, 0.0890
1.1174, -0.2544, 0.9932, 0.0226, -0.0560, 0.0892
1.1041, -0.2596, 0.9822, 0.0218, -0.0538, 0.0893
1.0905, -0.2624, 0.9734, 0.0213, -0.0515, 0.0894
1.0807, -0.2599, 0.9688, 0.0218, -0.0499, 0.0894
1.0765, -0.2531, 0.9671, 0.0230, -0.0493, 0.0894
1.0763, -0.2439, 0.9684, 0.0247, -0.0494, 0.0893
1.0804, -0.2328, 0.9743, 0.0268, -0.0502, 0.0891
1.0893, -0.2227, 0.9820, 0.0287, -0.0517, 0.0889
1.1000, -0.2153, 0.9857, 0.0303, -0.0538, 0.0887
1.1075, -0.2073, 0.9857, 0.0319, -0.0552, 0.0886
1.1084, -0.1990, 0.9825, 0.0335, -0.0556, 0.0885
1.1055, -0.1948, 0.9767, 0.0343, -0.0553, 0.0884
1.1014, -0.1939, 0.9725, 0.0346, -0.0548, 0.0883
1.0976, -0.1932, 0.9718, 0.0347, -0.0542, 0.0883
1.0961, -0.1903, 0.9762, 0.0351, -0.0539, 0.0882
1.0979, -0.1856, 0.9841, 0.0359, -0.0542, 0.0881
1.1018, -0.1820, 0.9916, 0.0365, -0.0548, 0.0880
1.1049, -0.1810, 0.9963, 0.0366, -0.0552, 0.0879
1.1031, -0.1826, 0.9952, 0.0363, -0.0549, 0.0879
1.0964, -0.1847, 0.9887, 0.0359, -0.0537, 0.0880
1.0887, -0.1886, 0.9799, 0.0352, -0.0524, 0.0881
1.0804, -0.1963, 0.9695, 0.0338, -0.0509, 0.0882
1.0728, -0.2040, 0.9602, 0.0325, -0.0496, 0.0884
1.0694, -0.2098, 0.9536, 0.0314, -0.0490, 0.0885
1.0710, -0.2154, 0.9502, 0.0304, -0.0492, 0.0887
1.0783, -0.2197, 0.9519, 0.0296, -0.0504, 0.0887
1.0894, -0.2217, 0.9596, 0.0292, -0.0521, 0.0888
1.1019, -0.2211, 0.9704, 0.0293, -0.0540, 0.0887
1.1160, -0.2177, 0.9782, 0.0299, -0.0563, 0.0887
1.1305, -0.2135, 0.9812, 0.0308, -0.0587, 0.0886
1.1431, -0.2114, 0.9825, 0.0313, -0.0608, 0.0885
1.1537, -0.2111, 0.9834, 0.0316, -0.0625, 0.0885
1.1623, -0.2119, 0.9863, 0.0315, -0.0637, 0.0885
1.1670, -0.2161, 0.9918, 0.0308, -0.0642, 0.0885
1.1675, -0.2249, 0.9992, 0.0292, -0.0638, 0.0886
1.1667, -0.2341, 1.0119, 0.0275, -0.0632, 0.0886
1.1663, -0.2389, 1.0289, 0.0265, -0.0626, 0.0887
1.1660, -0.2396, 1.0444, 0.0263, -0.0622, 0.0887
1.1662, -0.2391, 1.0569, 0.0264, -0.0619, 0.0887
1.1656, -0.2390, 1.0658, 0.0265, -0.0617, 0.0887
1.1625, -0.2403, 1.0712, 0.0263, -0.0611, 0.0887
1.1570, -0.2430, 1.0763, 0.0259, -0.0601, 0.0887
1.1494, -0.2467, 1.0782, 0.0254, -0.0587, 0.0886
1.1396, -0.2498, 1.0723, 0.0251, -0.0571, 0.0886
1.1303, -0.2490, 1.0642, 0.0255, -0.0556, 0.0885
1.1212, -0.2439, 1.0573, 0.0267, -0.0541, 0.0884
1.1131, -0.2350, 1.0486, 0.0285, -0.0528, 0.0882
1.1074, -0.2227, 1.0379, 0.0310, -0.0521, 0.0879
1.1018, -0.2080, 1.0268, 0.0339, -0.0513, 0.0877
1.0968, -0.1940, 1.0157, 0.0366, -0.0507, 0.0875
1.0925, -0.1834, 1.0056, 0.0387, -0.0502, 0.0874
1.0889, -0.1754, 0.9993, 0.0402, -0.0497, 0.0873
1.0869, -0.1689, 0.9989, 0.0413, -0.0494, 0.0873
1.0829, -0.1638, 1.0004, 0.0421, -0.0487, 0.0873
1.0772, -0.1632, 1.0017, 0.0421, -0.0476, 0.0874
1.0743, -0.1677, 1.0035, 0.0413, -0.0470, 0.0874
1.0752, -0.1723, 1.0040, 0.0406, -0.0471, 0.0874
1.0783, -0.1746, 1.0061, 0.0403, -0.0476, 0.0873
1.0839, -0.1734, 1.0152, 0.0405, -0.0484, 0.0871
1.0899, -0.1713, 1.0289, 0.0407, -0.0492, 0.0870
1.0929, -0.1729, 1.0411, 0.0403, -0.0495, 0.0870
1.0932, -0.1765, 1.0521, 0.0394, -0.0492, 0.0870
1.0936, -0.1802, 1.0641, 0.0385, -0.0489, 0.0870
1.0941, -0.1834, 1.0740, 0.0377, -0.0487, 0.0871
1.0934, -0.1853, 1.0801, 0.0372, -0.0482, 0.0872
1.0920, -0.1872, 1.0834, 0.0367, -0.0477, 0.0874
1.0930, -0.1904, 1.0843, 0.0360, -0.0477, 0.0877
1.0960, -0.1943, 1.0830, 0.0352, -0.0482, 0.0880
1.0965, -0.1985, 1.0786, 0.0344, -0.0482, 0.0883
1.0955, -0.2009, 1.0742, 0.0339, -0.0481, 0.0886
1.0941, -0.2008, 1.0728, 0.0337, -0.0478, 0.0888
1.0912, -0.1994, 1.0720, 0.0337, -0.0472, 0.0891
1.0901, -0.1956, 1.0732, 0.0341, -0.0470, 0.0892
1.0923, -0.1884, 1.0791, 0.0351, -0.0472, 0.0894
1.0974, -0.1812, 1.0868, 0.0360, -0.0480, 0.0895
1.1051, -0.1786, 1.0906, 0.0364, -0.0492, 0.0896
1.1135, -0.1782, 1.0896, 0.0364, -0.0507, 0.0897
1.1214, -0.1792, 1.0873, 0.0362, -0.0521, 0.0899
1.1292, -0.1842, 1.0876, 0.0353, -0.0535, 0.0900
1.1377, -0.1906, 1.0911, 0.0341, -0.0549, 0.0902
1.1459, -0.1938, 1.0954, 0.0335, -0.0563, 0.0903
1.1537, -0.1944, 1.1014, 0.0333, -0.0576, 0.0903
1.1593, -0.1951, 1.1100, 0.0331, -0.0585, 0.0903
1.1596, -0.1975, 1.1149, 0.0326, -0.0585, 0.0904
1.1532, -0.2030, 1.1119, 0.0316, -0.0575, 0.0905
1.1427, -0.2099, 1.1054, 0.0305, -0.0557, 0.0905
1.1335, -0.2163, 1.0984, 0.0294, -0.0542, 0.0906
1.1258, -0.2217, 1.0905, 0.0286, -0.0531, 0.0907
1.1158, -0.2251, 1.0823, 0.0281, -0.0515, 0.0908
1.1047, -0.2261, 1.0748, 0.0280, -0.0497, 0.0907
1.0974, -0.2241, 1.0687, 0.0285, -0.0487, 0.0907
1.0945, -0.2181, 1.0635, 0.0298, -0.0484, 0.0906
1.0944, -0.2083, 1.0610, 0.0318, -0.0486, 0.0903
1.0975, -0.1988, 1.0632, 0.0338, -0.0492, 0.0900
1.1037, -0.1937, 1.0672, 0.0350, -0.0504, 0.0898
1.1118, -0.1914, 1.0713, 0.0357, -0.0519, 0.0896
1.1178, -0.1898, 1.0747, 0.0363, -0.0530, 0.0894
1.1183, -0.1917, 1.0747, 0.0362, -0.0532, 0.0893
1.1154, -0.1982, 1.0723, 0.0353, -0.0527, 0.0893
1.1141, -0.2068, 1.0732, 0.0340, -0.0524, 0.0893
1.1171, -0.2135, 1.0817, 0.0328, -0.0527, 0.0893
1.1239, -0.2138, 1.0951, 0.0327, -0.0536, 0.0892
1.1307, -0.2101, 1.1063, 0.0334, -0.0546, 0.0891
1.1319, -0.2107, 1.1107, 0.0333, -0.0547, 0.0891
1.1270, -0.2155, 1.1102, 0.0323, -0.0538, 0.0891
1.1213, -0.2181, 1.1090, 0.0318, -0.0527, 0.0891
1.1160, -0.2167, 1.1091, 0.0320, -0.0518, 0.0891
1.1098, -0.2144, 1.1082, 0.0324, -0.0507, 0.0891
1.1029, -0.2124, 1.1051, 0.0327, -0.0495, 0.0891
1.0957, -0.2086, 1.1019, 0.0333, -0.0483, 0.0891
1.0884, -0.2045, 1.0962, 0.0339, -0.0471, 0.0892
1.0805, -0.2040, 1.0865, 0.0339, -0.0459, 0.0893
1.0735, -0.2083, 1.0787, 0.0330, -0.0447, 0.0895
1.0696, -0.2133, 1.0764, 0.0320, -0.0440, 0.0897
1.0661, -0.2146, 1.0745, 0.0317, -0.0435, 0.0898
1.0624, -0.2117, 1.0683, 0.0321, -0.0430, 0.0899
1.0616, -0.2072, 1.0591, 0.0330, -0.0432, 0.0899
1.0614, -0.2050, 1.0509, 0.0336, -0.0434, 0.0898
1.0614, -0.2051, 1.0454, 0.0336, -0.0437, 0.0898
1.0635, -0.2043, 1.0419, 0.0339, -0.0442, 0.0898
1.0666, -0.2018, 1.0385, 0.0345, -0.0450, 0.0897
1.0681, -0.1995, 1.0334, 0.0351, -0.0455, 0.0896
1.0698, -0.1984, 1.0286, 0.0355, -0.0460, 0.0895
1.0741, -0.1961, 1.0270, 0.0360, -0.0469, 0.0894
1.0784, -0.1921, 1.0262, 0.0369, -0.0478, 0.0892
1.0824, -0.1883, 1.0243, 0.0378, -0.0487, 0.0889
1.0886, -0.1862, 1.0244, 0.0383, -0.0500, 0.0887
1.0967, -0.1886, 1.0297, 0.0380, -0.0515, 0.0887
1.1045, -0.1941, 1.0395, 0.0371, -0.0528, 0.0887
1.1112, -0.1985, 1.0503, 0.0362, -0.0538, 0.0887
1.1168, -0.2023, 1.0587, 0.0354, -0.0548, 0.0888
1.1204, -0.2072, 1.0646, 0.0345, -0.0554, 0.0889
1.1227, -0.2119, 1.0685, 0.0337, -0.0558, 0.0889
1.1239, -0.2160, 1.0707, 0.0330, -0.0560, 0.0890
1.1215, -0.2198, 1.0699, 0.0323, -0.0556, 0.0892
1.1162, -0.2203, 1.0662, 0.0322, -0.0548, 0.0894
1.1146, -0.2148, 1.0645, 0.0330, -0.0546, 0.0896
1.1192, -0.2075, 1.0673, 0.0342, -0.0554, 0.0897
1.1237, -0.2045, 1.0713, 0.0346, -0.0561, 0.0899
1.1233, -0.2062, 1.0721, 0.0342, -0.0558, 0.0901
1.1210, -0.2085, 1.0692, 0.0336, -0.0553, 0.0904
1.1198, -0.2093, 1.0627, 0.0334, -0.0551, 0.0906
1.1186, -0.2121, 1.0530, 0.0329, -0.0550, 0.0909
1.1171, -0.2178, 1.0412, 0.0319, -0.0549, 0.0913
1.1137, -0.2231, 1.0277, 0.0310, -0.0545, 0.0916
1.1076, -0.2286, 1.0157, 0.0300, -0.0536, 0.0918
1.1030, -0.2344, 1.0088, 0.0290, -0.0529, 0.0920
1.1024, -0.2374, 1.0064, 0.0284, -0.0529, 0.0922
1.1046, -0.2371, 1.0084, 0.0283, -0.0533, 0.0923
1.1088, -0.2341, 1.0140, 0.0286, -0.0541, 0.0925
1.1129, -0.2293, 1.0203, 0.0292, -0.0548, 0.0926
1.1136, -0.2235, 1.0244, 0.0300, -0.0548, 0.0927
1.1096, -0.2181, 1.0258, 0.0307, -0.0541, 0.0928
1.1023, -0.2153, 1.0239, 0.0309, -0.0528, 0.0929
1.0923, -0.2149, 1.0184, 0.0308, -0.0512, 0.0931
1.0803, -0.2156, 1.0111, 0.0305, -0.0492, 0.0932
1.0682, -0.2174, 1.0049, 0.0300, -0.0471, 0.0933
1.0579, -0.2202, 1.0020, 0.0293, -0.0454, 0.0934
1.0503, -0.2242, 1.0019, 0.0285, -0.0440, 0.0936
1.0429, -0.2298, 1.0003, 0.0273, -0.0426, 0.0937
1.0350, -0.2371, 0.9925, 0.0260, -0.0413, 0.0938
1.0299, -0.2444, 0.9813, 0.0248, -0.0406, 0.0940
1.0304, -0.2489, 0.9733, 0.0241, -0.0408, 0.0941
1.0374, -0.2509, 0.9708, 0.0239, -0.0422, 0.0942
1.0476, -0.2545, 0.9724, 0.0233, -0.0441, 0.0944
1.0571, -0.2599, 0.9742, 0.0224, -0.0459, 0.0946
1.0637, -0.2627, 0.9749, 0.0219, -0.0472, 0.0947
1.0659, -0.2618, 0.9758, 0.0220, -0.0478, 0.0948
1.0664, -0.2593, 0.9773, 0.0225, -0.0480, 0.0948
1.0694, -0.2579, 0.9794, 0.0227, -0.0487, 0.0949
1.0751, -0.2590, 0.9814, 0.0227, -0.0498, 0.0949
1.0814, -0.2614, 0.9822, 0.0225, -0.0511, 0.0949
1.0882, -0.2635, 0.9838, 0.0223, -0.0524, 0.0949
1.0973, -0.2649, 0.9889, 0.0222, -0.0540, 0.0949
1.1064, -0.2657, 0.9958, 0.0222, -0.0557, 0.0949
1.1121, -0.2643, 1.0001, 0.0227, -0.0568, 0.0948
1.1170, -0.2585, 1.0031, 0.0239, -0.0577, 0.0947
1.1234, -0.2490, 1.0093, 0.0257, -0.0589, 0.0945
1.1275, -0.2413, 1.0167, 0.0271, -0.0596, 0.0944
1.1261, -0.2384, 1.0198, 0.0276, -0.0593, 0.0943
1.1213, -0.2371, 1.0189, 0.0278, -0.0585, 0.0943
1.1170, -0.2327, 1.0179, 0.0286, -0.0577, 0.0942
1.1156, -0.2241, 1.0197, 0.0300, -0.0574, 0.0942
1.1166, -0.2150, 1.0237, 0.0315, -0.0575, 0.0941
1.1195, -0.2090, 1.0291, 0.0325, -0.0579, 0.0941
1.1248, -0.2049, 1.0354, 0.0331, -0.0587, 0.0940
1.1318, -0.2025, 1.0415, 0.0335, -0.0598, 0.0939
1.1381, -0.2061, 1.0446, 0.0329, -0.0608, 0.0939
1.1414, -0.2164, 1.0456, 0.0311, -0.0613, 0.0939
1.1406, -0.2249, 1.0474, 0.0295, -0.0610, 0.0940
1.1374, -0.2274, 1.0504, 0.0288, -0.0602, 0.0941
1.1350, -0.2273, 1.0547, 0.0286, -0.0596, 0.0941
1.1345, -0.2266, 1.0580, 0.0285, -0.0594, 0.0942
1.1352, -0.2264, 1.0596, 0.0284, -0.0595, 0.0942
1.1369, -0.2252, 1.0610, 0.0285, -0.0597, 0.0942
1.1386, -0.2224, 1.0589, 0.0289, -0.0601, 0.0943
1.1391, -0.2196, 1.0515, 0.0294, -0.0603, 0.0943
1.1388, -0.2177, 1.0443, 0.0297, -0.0604, 0.0945
1.1380, -0.2179, 1.0401, 0.0295, -0.0604, 0.0947
1.1373, -0.2208, 1.0355, 0.0290, -0.0604, 0.0948
1.1371, -0.2243, 1.0298, 0.0285, -0.0605, 0.0950
1.1373, -0.2230, 1.0259, 0.0287, -0.0606, 0.0950
1.1373, -0.2161, 1.0251, 0.0299, -0.0607, 0.0950
1.1376, -0.2073, 1.0269, 0.0313, -0.0608, 0.0949
1.1390, -0.1995, 1.0292, 0.0326, -0.0611, 0.0949
1.1373, -0.1980, 1.0270, 0.0328, -0.0608, 0.0949
1.1313, -0.2030, 1.0216, 0.0320, -0.0598, 0.0950
1.1261, -0.2077, 1.0177, 0.0312, -0.0588, 0.0949
1.1233, -0.2096, 1.0144, 0.0309, -0.0583, 0.0948
1.1227, -0.2118, 1.0103, 0.0307, -0.0582, 0.0947
1.1247, -0.2137, 1.0072, 0.0305, -0.0586, 0.0946
1.1291, -0.2152, 1.0058, 0.0304, -0.0594, 0.0945
1.1333, -0.2206, 1.0053, 0.0296, -0.0601, 0.0945
1.1329, -0.2309, 1.0046, 0.0279, -0.0600, 0.0945
1.1289, -0.2420, 1.0048, 0.0260, -0.0591, 0.0946
1.1252, -0.2498, 1.0079, 0.0246, -0.0584, 0.0945
1.1232, -0.2539, 1.0123, 0.0238, -0.0579, 0.0944
1.1228, -0.2545, 1.0143, 0.0237, -0.0579, 0.0943
1.1232, -0.2517, 1.0141, 0.0243, -0.0581, 0.0941
1.1228, -0.2481, 1.0138, 0.0251, -0.0581, 0.0939
1.1210, -0.2453, 1.0109, 0.0258, -0.0580, 0.0938
1.1177, -0.2420, 1.0031, 0.0266, -0.0577, 0.0936
1.1140, -0.2376, 0.9948, 0.0276, -0.0573, 0.0934
1.1111, -0.2311, 0.9922, 0.0288, -0.0570, 0.0932
1.1098, -0.2223, 0.9934, 0.0305, -0.0569, 0.0930
1.1141, -0.2133, 0.9972, 0.0322, -0.0577, 0.0928
1.1239, -0.2064, 1.0049, 0.0335, -0.0595, 0.0926
1.1342, -0.2017, 1.0123, 0.0345, -0.0613, 0.0924
1.1427, -0.1975, 1.0169, 0.0355, -0.0628, 0.0922
1.1462, -0.1938, 1.0193, 0.0362, -0.0634, 0.0920
1.1457, -0.1896, 1.0206, 0.0370, -0.0632, 0.0919
1.1442, -0.1850, 1.0208, 0.0378, -0.0629, 0.0917
1.1409, -0.1824, 1.0179, 0.0383, -0.0623, 0.0915
1.1377, -0.1820, 1.0138, 0.0385, -0.0617, 0.0914
1.1356, -0.1816, 1.0103, 0.0387, -0.0614, 0.0912
1.1324, -0.1821, 1.0083, 0.0387, -0.0608, 0.0912
1.1287, -0.1848, 1.0096, 0.0382, -0.0600, 0.0912
1.1268, -0.1858, 1.0125, 0.0380, -0.0595, 0.0911
1.1268, -0.1826, 1.0146, 0.0387, -0.0594, 0.0910
1.1277, -0.1793, 1.0170, 0.0393, -0.0595, 0.0909
1.1288, -0.1779, 1.0206, 0.0395, -0.0596, 0.0908
1.1297, -0.1788, 1.0240, 0.0394, -0.0597, 0.0908
1.1285, -0.1845, 1.0270, 0.0385, -0.0593, 0.0907
1.1249, -0.1924, 1.0286, 0.0371, -0.0585, 0.0907
1.1220, -0.1985, 1.0295, 0.0361, -0.0578, 0.0906
1.1204, -0.2030, 1.0300, 0.0353, -0.0573, 0.0904
1.1167, -0.2066, 1.0272, 0.0347, -0.0566, 0.0902
1.1108, -0.2108, 1.0201, 0.0341, -0.0555, 0.0900
1.1035, -0.2182, 1.0105, 0.0330, -0.0542, 0.0898
1.0961, -0.2267, 1.0004, 0.0317, -0.0529, 0.0897
1.0921, -0.2327, 0.9939, 0.0308, -0.0522, 0.0894
1.0938, -0.2366, 0.9922, 0.0302, -0.0524, 0.0892
1.1003, -0.2398, 0.9938, 0.0298, -0.0534, 0.0890
1.1097, -0.2399, 0.9987, 0.0299, -0.0548, 0.0888
1.1194, -0.2375, 1.0058, 0.0303, -0.0563, 0.0886
1.1269, -0.2366, 1.0114, 0.0305, -0.0574, 0.0885
1.1336, -0.2363, 1.0151, 0.0306, -0.0585, 0.0884
1.1409, -0.2348, 1.0191, 0.0308, -0.0597, 0.0884
1.1451, -0.2307, 1.0220, 0.0315, -0.0604, 0.0883
1.1454, -0.2267, 1.0220, 0.0322, -0.0604, 0.0882
1.1457, -0.2275, 1.0202, 0.0320, -0.0605, 0.0882
1.1485, -0.2311, 1.0200, 0.0314, -0.0611, 0.0882
1.1530, -0.2329, 1.0248, 0.0310, -0.0618, 0.0883
1.1568, -0.2323, 1.0315, 0.0309, -0.0624, 0.0883
1.1587, -0.2327, 1.0345, 0.0306, -0.0627, 0.0883
1.1574, -0.2351, 1.0327, 0.0301, -0.0626, 0.0883
1.1518, -0.2371, 1.0275, 0.0296, -0.0617, 0.0884
1.1451, -0.2367, 1.0218, 0.0296, -0.0607, 0.0883
1.1431, -0.2334, 1.0191, 0.0302, -0.0604, 0.0881
1.1471, -0.2291, 1.0207, 0.0310, -0.0611, 0.0879
1.1532, -0.2242, 1.0256, 0.0318, -0.0622, 0.0878
1.1582, -0.2187, 1.0328, 0.0327, -0.0629, 0.0877
1.1605, -0.2133, 1.0378, 0.0335, -0.0632, 0.0876
1.1591, -0.2101, 1.0382, 0.0341, -0.0629, 0.0876
1.1574, -0.2099, 1.0382, 0.0341, -0.0625, 0.0875
1.1590, -0.2105, 1.0393, 0.0339, -0.0627, 0.0875
1.1626, -0.2128, 1.0422, 0.0335, -0.0632, 0.0876
1.1642, -0.2170, 1.0479, 0.0327, -0.0633, 0.0876
1.1629, -0.2176, 1.0533, 0.0325, -0.0629, 0.0876
1.1589, -0.2141, 1.0540, 0.0331, -0.0622, 0.0875
1.1522, -0.2100, 1.0505, 0.0339, -0.0610, 0.0874
1.1457, -0.2064, 1.0466, 0.0346, -0.0598, 0.0872
1.1407, -0.2036, 1.0426, 0.0352, -0.0589, 0.0870
1.1372, -0.2001, 1.0374, 0.0359, -0.0583, 0.0868
1.1362, -0.1972, 1.0315, 0.0367, -0.0582, 0.0866
1.1347, -0.1968, 1.0241, 0.0370, -0.0580, 0.0864
1.1304, -0.1975, 1.0158, 0.0371, -0.0573, 0.0862
1.1235, -0.1992, 1.0075, 0.0370, -0.0562, 0.0860
1.1153, -0.2024, 0.9999, 0.0366, -0.0549, 0.0858
1.1105, -0.2057, 0.9957, 0.0360, -0.0541, 0.0857
1.1101, -0.2069, 0.9965, 0.0358, -0.0541, 0.0856
1.1091, -0.2053, 0.9995, 0.0359, -0.0541, 0.0855
1.1070, -0.2058, 1.0035, 0.0357, -0.0537, 0.0855
1.1049, -0.2128, 1.0079, 0.0342, -0.0534, 0.0856
1.1030, -0.2216, 1.0107, 0.0324, -0.0531, 0.0857
1.1036, -0.2277, 1.0124, 0.0312, -0.0532, 0.0859
1.1073, -0.2331, 1.0132, 0.0302, -0.0540, 0.0859
1.1117, -0.2389, 1.0122, 0.0292, -0.0549, 0.0860
1.1121, -0.2435, 1.0089, 0.0285, -0.0552, 0.0860
1.1076, -0.2465, 1.0038, 0.0281, -0.0545, 0.0860
1.1037, -0.2457, 1.0005, 0.0283, -0.0540, 0.0859
1.1048, -0.2405, 1.0011, 0.0292, -0.0543, 0.0859
1.1088, -0.2348, 1.0029, 0.0303, -0.0550, 0.0858
1.1112, -0.2330, 1.0062, 0.0307, -0.0554, 0.0858
1.1102, -0.2361, 1.0102, 0.0302, -0.0550, 0.0857
1.1079, -0.2414, 1.0127, 0.0293, -0.0544, 0.0857
1.1067, -0.2454, 1.0153, 0.0286, -0.0540, 0.0857
1.1071, -0.2466, 1.0184, 0.0284, -0.0539, 0.0857
1.1102, -0.2451, 1.0205, 0.0288, -0.0542, 0.0856
1.1156, -0.2402, 1.0216, 0.0297, -0.0551, 0.0855
1.1207, -0.2324, 1.0232, 0.0311, -0.0560, 0.0854
1.1240, -0.2219, 1.0245, 0.0330, -0.0565, 0.0853
1.1264, -0.2081, 1.0250, 0.0354, -0.0570, 0.0851
1.1280, -0.1962, 1.0263, 0.0374, -0.0573, 0.0850
1.1266, -0.1905, 1.0279, 0.0383, -0.0570, 0.0849
1.1240, -0.1885, 1.0291, 0.0384, -0.0565, 0.0849
1.1227, -0.1892, 1.0302, 0.0382, -0.0561, 0.0850
1.1216, -0.1947, 1.0309, 0.0371, -0.0558, 0.0850
1.1198, -0.2048, 1.0292, 0.0353, -0.0553, 0.0851
1.1183, -0.2156, 1.0263, 0.0334, -0.0549, 0.0853
1.1173, -0.2225, 1.0245, 0.0321, -0.0547, 0.0854
1.1155, -0.2238, 1.0214, 0.0319, -0.0543, 0.0855
1.1123, -0.2215, 1.0159, 0.0322, -0.0538, 0.0856
1.1082, -0.2203, 1.0096, 0.0324, -0.0532, 0.0857
1.1058, -0.2218, 1.0057, 0.0321, -0.0528, 0.0858
1.1062, -0.2228, 1.0044, 0.0319, -0.0529, 0.0860
1.1075, -0.2225, 1.0048, 0.0319, -0.0531, 0.0862
1.1076, -0.2230, 1.0082, 0.0317, -0.0530, 0.0864
1.1060, -0.2244, 1.0124, 0.0313, -0.0527, 0.0866
1.1054, -0.2242, 1.0159, 0.0313, -0.0525, 0.0867
1.1069, -0.2194, 1.0198, 0.0320, -0.0528, 0.0868
1.1061, -0.2125, 1.0223, 0.0331, -0.0528, 0.0869
1.1015, -0.2056, 1.0210, 0.0342, -0.0522, 0.0870
1.0961, -0.1992, 1.0164, 0.0354, -0.0514, 0.0870
1.0909, -0.1953, 1.0104, 0.0362, -0.0507, 0.0869
1.0855, -0.1951, 1.0062, 0.0363, -0.0498, 0.0869
1.0812, -0.1970, 1.0045, 0.0361, -0.0490, 0.0868
1.0777, -0.1977, 1.0032, 0.0360, -0.0483, 0.0867
1.0723, -0.1971, 1.0028, 0.0360, -0.0473, 0.0867
1.0658, -0.1980, 1.0033, 0.0357, -0.0461, 0.0867
1.0609, -0.1991, 1.0018, 0.0354, -0.0452, 0.0869
1.0566, -0.1976, 0.9973, 0.0357, -0.0446, 0.0870
1.0531, -0.1943, 0.9938, 0.0362, -0.0440, 0.0871
1.0534, -0.1929, 0.9950, 0.0363, -0.0441, 0.0873
1.0557, -0.1963, 0.9967, 0.0356, -0.0444, 0.0875
1.0578, -0.2007, 0.9964, 0.0348, -0.0448, 0.0877
1.0608, -0.2018, 0.9966, 0.0346, -0.0453, 0.0879
1.0647, -0.2007, 0.9979, 0.0347, -0.0460, 0.0882
1.0690, -0.2016, 0.9978, 0.0344, -0.0468, 0.0885
1.0714, -0.2077, 0.9951, 0.0333, -0.0472, 0.0889
1.0703, -0.2179, 0.9916, 0.0313, -0.0470, 0.0895
1.0676, -0.2274, 0.9890, 0.0295, -0.0465, 0.0900
1.0658, -0.2333, 0.9892, 0.0282, -0.0461, 0.0904
1.0661, -0.2362, 0.9923, 0.0274, -0.0461, 0.0908
1.0696, -0.2386, 0.9967, 0.0268, -0.0467, 0.0911
1.0768, -0.2417, 1.0018, 0.0260, -0.0479, 0.0913
1.0862, -0.2427, 1.0058, 0.0258, -0.0497, 0.0915
1.0984, -0.2382, 1.0097, 0.0266, -0.0519, 0.0915
1.1132, -0.2308, 1.0171, 0.0280, -0.0546, 0.0914
1.1278, -0.2252, 1.0268, 0.0290, -0.0572, 0.0912
1.1382, -0.2234, 1.0355, 0.0294, -0.0590, 0.0911
1.1442, -0.2241, 1.0419, 0.0293, -0.0600, 0.0910
1.1481, -0.2230, 1.0460, 0.0295, -0.0607, 0.0909
1.1528, -0.2198, 1.0507, 0.0300, -0.0616, 0.0909
1.1599, -0.2177, 1.0568, 0.0304, -0.0628, 0.0908
1.1689, -0.2148, 1.0616, 0.0309, -0.0645, 0.0908
1.1776, -0.2117, 1.0638, 0.0315, -0.0661, 0.0907
1.1825, -0.2139, 1.0617, 0.0312, -0.0671, 0.0908
1.1823, -0.2188, 1.0577, 0.0304, -0.0671, 0.0908
1.1797, -0.2209, 1.0534, 0.0301, -0.0667, 0.0908
1.1774, -0.2206, 1.0492, 0.0301, -0.0664, 0.0908
1.1747, -0.2210, 1.0466, 0.0300, -0.0659, 0.0908
1.1704, -0.2234, 1.0420, 0.0296, -0.0651, 0.0909
1.1658, -0.2241, 1.0330, 0.0295, -0.0644, 0.0908
1.1621, -0.2222, 1.0246, 0.0299, -0.0639, 0.0908
1.1594, -0.2218, 1.0204, 0.0300, -0.0635, 0.0908
1.1562, -0.2237, 1.0183, 0.0296, -0.0629, 0.0909
1.1527, -0.2253, 1.0162, 0.0293, -0.0623, 0.0908
1.1484, -0.2243, 1.0143, 0.0294, -0.0616, 0.0908
1.1436, -0.2222, 1.0149, 0.0297, -0.0607, 0.0908
1.1409, -0.2197, 1.0185, 0.0300, -0.0602, 0.0907
1.1393, -0.2167, 1.0192, 0.0304, -0.0600, 0.0906
1.1342, -0.2165, 1.0124, 0.0305, -0.0593, 0.0906
1.1263, -0.2205, 1.0011, 0.0299, -0.0582, 0.0907
1.1192, -0.2252, 0.9895, 0.0292, -0.0573, 0.0907
1.1135, -0.2288, 0.9794, 0.0287, -0.0566, 0.0908
1.1075, -0.2312, 0.9722, 0.0284, -0.0558, 0.0908
1.0992, -0.2327, 0.9672, 0.0281, -0.0545, 0.0908
1.0898, -0.2358, 0.9649, 0.0275, -0.0529, 0.0909
1.0819, -0.2418, 0.9663, 0.0263, -0.0515, 0.0909
1.0802, -0.2472, 0.9672, 0.0254, -0.0511, 0.0910
1.0848, -0.2500, 0.9660, 0.0250, -0.0520, 0.0910
1.0889, -0.2526, 0.9654, 0.0247, -0.0528, 0.0910
1.0920, -0.2536, 0.9663, 0.0246, -0.0533, 0.0910
1.0961, -0.2497, 0.9669, 0.0254, -0.0541, 0.0909
1.0982, -0.2423, 0.9670, 0.0268, -0.0544, 0.0907
1.0978, -0.2333, 0.9684, 0.0284, -0.0543, 0.0905
1.0974, -0.2216, 0.9726, 0.0305, -0.0541, 0.0901
1.0983, -0.2084, 0.9785, 0.0329, -0.0541, 0.0897
1.0997, -0.1997, 0.9848, 0.0345, -0.0542, 0.0893
1.0997, -0.1973, 0.9920, 0.0349, -0.0539, 0.0889
1.0990, -0.1961, 0.9995, 0.0351, -0.0535, 0.0884
1.1006, -0.1909, 1.0075, 0.0359, -0.0536, 0.0880
1.1022, -0.1835, 1.0146, 0.0371, -0.0536, 0.0876
1.1000, -0.1799, 1.0185, 0.0376, -0.0531, 0.0872
1.0955, -0.1828, 1.0204, 0.0370, -0.0521, 0.0870
1.0917, -0.1898, 1.0230, 0.0357, -0.0513, 0.0869
1.0903, -0.1968, 1.0261, 0.0343, -0.0508, 0.0868
1.0883, -0.2035, 1.0247, 0.0332, -0.0504, 0.0867
1.0832, -0.2126, 1.0160, 0.0318, -0.0495, 0.0866
1.0781, -0.2228, 1.0049, 0.0303, -0.0487, 0.0865
1.0760, -0.2300, 0.9973, 0.0293, -0.0482, 0.0864
1.0747, -0.2320, 0.9938, 0.0291, -0.0479, 0.0862
1.0755, -0.2311, 0.9920, 0.0296, -0.0479, 0.0860
1.0807, -0.2325, 0.9916, 0.0296, -0.0486, 0.0858
1.0872, -0.2355, 0.9936, 0.0293, -0.0495, 0.0856
1.0948, -0.2358, 0.9972, 0.0294, -0.0507, 0.0854
1.1040, -0.2349, 0.9993, 0.0299, -0.0522, 0.0852
1.1113, -0.2348, 1.0011, 0.0301, -0.0535, 0.0850
1.1169, -0.2336, 1.0049, 0.0305, -0.0544, 0.0848
1.1219, -0.2302, 1.0078, 0.0312, -0.0552, 0.0845
1.1265, -0.2250, 1.0080, 0.0322, -0.0561, 0.0843
1.1317, -0.2199, 1.0089, 0.0332, -0.0570, 0.0841
1.1362, -0.2168, 1.0118, 0.0338, -0.0579, 0.0840
1.1399, -0.2153, 1.0146, 0.0342, -0.0585, 0.0838
1.1446, -0.2144, 1.0171, 0.0346, -0.0594, 0.0837
1.1510, -0.2140, 1.0195, 0.0349, -0.0606, 0.0836
1.1561, -0.2122, 1.0198, 0.0354, -0.0617, 0.0835
1.1590, -0.2081, 1.0176, 0.0364, -0.0626, 0.0835
1.1615, -0.2056, 1.0158, 0.0370, -0.0633, 0.0834
1.1627, -0.2068, 1.0180, 0.0369, -0.0638, 0.0835
1.1609, -0.2082, 1.0235, 0.0366, -0.0635, 0.0836
1.1564, -0.2062, 1.0303, 0.0367, -0.0628, 0.0837
1.1502, -0.2010, 1.0363, 0.0374, -0.0617, 0.0837
1.1449, -0.1941, 1.0403, 0.0385, -0.0608, 0.0837
1.1406, -0.1868, 1.0419, 0.0396, -0.0600, 0.0838
1.1355, -0.1808, 1.0404, 0.0406, -0.0592, 0.0838
1.1310, -0.1777, 1.0364, 0.0412, -0.0584, 0.0839
1.1268, -0.1792, 1.0312, 0.0409, -0.0577, 0.0840
1.1223, -0.1853, 1.0264, 0.0398, -0.0569, 0.0841
1.1170, -0.1942, 1.0207, 0.0382, -0.0559, 0.0843
1.1092, -0.2034, 1.0124, 0.0366, -0.0545, 0.0845
1.1013, -0.2095, 1.0064, 0.0353, -0.0531, 0.0847
1.0964, -0.2094, 1.0058, 0.0350, -0.0521, 0.0848
1.0949, -0.2043, 1.0086, 0.0356, -0.0517, 0.0848
1.0936, -0.1998, 1.0094, 0.0362, -0.0513, 0.0848
1.0916, -0.1985, 1.0049, 0.0363, -0.0510, 0.0848
1.0913, -0.1976, 1.0005, 0.0365, -0.0509, 0.0849
1.0928, -0.1955, 0.9974, 0.0368, -0.0513, 0.0849
1.0937, -0.1953, 0.9908, 0.0369, -0.0516, 0.0849
1.0937, -0.1964, 0.9809, 0.0368, -0.0518, 0.0850
1.0967, -0.1962, 0.9723, 0.0370, -0.0526, 0.0851
1.1042, -0.1958, 0.9667, 0.0372, -0.0541, 0.0852
1.1130, -0.1955, 0.9641, 0.0374, -0.0558, 0.0853
1.1211, -0.1964, 0.9668, 0.0373, -0.0573, 0.0854
1.1273, -0.1974, 0.9740, 0.0371, -0.0584, 0.0855
1.1312, -0.1956, 0.9832, 0.0373, -0.0591, 0.0856
1.1315, -0.1920, 0.9897, 0.0378, -0.0592, 0.0857
1.1280, -0.1902, 0.9913, 0.0380, -0.0587, 0.0859
1.1236, -0.1922, 0.9899, 0.0376, -0.0580, 0.0860
1.1214, -0.1968, 0.9871, 0.0368, -0.0577, 0.0862
1.1228, -0.2018, 0.9863, 0.0359, -0.0580, 0.0864
1.1248, -0.2085, 0.9856, 0.0347, -0.0584, 0.0866
