1.3341, -0.3772, 3.0976, 0.0170, -0.0425, 0.1067
1.3358, -0.3791, 3.0928, 0.0170, -0.0430, 0.1067
1.3363, -0.3782, 3.0859, 0.0173, -0.0433, 0.1066
1.3355, -0.3764, 3.0807, 0.0178, -0.0433, 0.1066
1.3358, -0.3723, 3.0814, 0.0185, -0.0434, 0.1065
1.3379, -0.3670, 3.0862, 0.0193, -0.0437, 0.1064
1.3386, -0.3614, 3.0895, 0.0201, -0.0437, 0.1063
1.3359, -0.3521, 3.0873, 0.0214, -0.0433, 0.1061
1.3320, -0.3401, 3.0786, 0.0233, -0.0427, 0.1058
1.3286, -0.3300, 3.0674, 0.0249, -0.0423, 0.1055
1.3234, -0.3234, 3.0552, 0.0258, -0.0417, 0.1053
1.3171, -0.3185, 3.0410, 0.0264, -0.0411, 0.1051
1.3122, -0.3126, 3.0261, 0.0272, -0.0408, 0.1048
1.3072, -0.3057, 3.0121, 0.0282, -0.0406, 0.1045
1.3046, -0.2980, 3.0021, 0.0292, -0.0409, 0.1043
1.3088, -0.2895, 2.9972, 0.0303, -0.0425, 0.1040
1.3174, -0.2821, 2.9927, 0.0313, -0.0450, 0.1037
1.3290, -0.2773, 2.9878, 0.0318, -0.0481, 0.1034
1.3448, -0.2736, 2.9850, 0.0322, -0.0521, 0.1032
1.3641, -0.2694, 2.9827, 0.0326, -0.0568, 0.1029
1.3856, -0.2653, 2.9770, 0.0332, -0.0620, 0.1027
1.4075, -0.2623, 2.9649, 0.0337, -0.0674, 0.1024
1.4283, -0.2593, 2.9491, 0.0343, -0.0728, 0.1022
1.4486, -0.2560, 2.9366, 0.0348, -0.0781, 0.1019
1.4673, -0.2522, 2.9273, 0.0354, -0.0829, 0.1017
1.4816, -0.2477, 2.9191, 0.0359, -0.0869, 0.1014
1.4894, -0.2443, 2.9130, 0.0361, -0.0896, 0.1012
1.4900, -0.2444, 2.9067, 0.0357, -0.0910, 0.1010
1.4856, -0.2466, 2.8956, 0.0349, -0.0914, 0.1009
1.4768, -0.2484, 2.8787, 0.0343, -0.0911, 0.1007
1.4616, -0.2515, 2.8574, 0.0335, -0.0896, 0.1005
1.4411, -0.2561, 2.8365, 0.0324, -0.0869, 0.1002
1.4180, -0.2598, 2.8198, 0.0315, -0.0836, 0.1000
1.3936, -0.2614, 2.8075, 0.0310, -0.0799, 0.0996
1.3704, -0.2604, 2.7994, 0.0309, -0.0762, 0.0991
1.3502, -0.2584, 2.7934, 0.0312, -0.0730, 0.0985
1.3321, -0.2587, 2.7861, 0.0312, -0.0701, 0.0979
1.3150, -0.2629, 2.7746, 0.0308, -0.0674, 0.0972
1.2979, -0.2686, 2.7605, 0.0303, -0.0647, 0.0965
1.2818, -0.2729, 2.7489, 0.0300, -0.0621, 0.0958
1.2695, -0.2754, 2.7406, 0.0300, -0.0601, 0.0951
1.2617, -0.2754, 2.7358, 0.0305, -0.0588, 0.0943
1.2576, -0.2721, 2.7318, 0.0316, -0.0582, 0.0935
1.2575, -0.2670, 2.7266, 0.0331, -0.0582, 0.0928
1.2580, -0.2627, 2.7222, 0.0343, -0.0583, 0.0921
1.2551, -0.2579, 2.7172, 0.0355, -0.0578, 0.0914
1.2503, -0.2494, 2.7096, 0.0372, -0.0570, 0.0908
1.2459, -0.2390, 2.7003, 0.0392, -0.0564, 0.0902
1.2408, -0.2309, 2.6873, 0.0407, -0.0557, 0.0898
1.2351, -0.2268, 2.6699, 0.0415, -0.0550, 0.0894
1.2347, -0.2239, 2.6565, 0.0420, -0.0551, 0.0891
1.2411, -0.2210, 2.6514, 0.0424, -0.0563, 0.0888
1.2517, -0.2195, 2.6524, 0.0424, -0.0581, 0.0885
1.2709, -0.2156, 2.6618, 0.0428, -0.0613, 0.0883
1.2989, -0.2071, 2.6787, 0.0439, -0.0659, 0.0879
1.3294, -0.1993, 2.6969, 0.0449, -0.0710, 0.0876
1.3586, -0.1937, 2.7121, 0.0456, -0.0759, 0.0873
1.3841, -0.1877, 2.7227, 0.0464, -0.0802, 0.0869
1.4052, -0.1816, 2.7304, 0.0472, -0.0838, 0.0866
1.4242, -0.1759, 2.7381, 0.0478, -0.0870, 0.0863
1.4417, -0.1742, 2.7455, 0.0478, -0.0899, 0.0861
1.4557, -0.1801, 2.7494, 0.0465, -0.0923, 0.0859
1.4650, -0.1907, 2.7467, 0.0445, -0.0939, 0.0859
1.4694, -0.2021, 2.7386, 0.0423, -0.0948, 0.0858
1.4712, -0.2121, 2.7314, 0.0404, -0.0951, 0.0858
1.4733, -0.2198, 2.7268, 0.0390, -0.0955, 0.0856
1.4742, -0.2246, 2.7209, 0.0381, -0.0957, 0.0854
1.4734, -0.2271, 2.7116, 0.0377, -0.0958, 0.0852
1.4722, -0.2294, 2.7007, 0.0375, -0.0958, 0.0849
1.4700, -0.2329, 2.6918, 0.0372, -0.0955, 0.0845
1.4656, -0.2373, 2.6836, 0.0367, -0.0949, 0.0842
1.4601, -0.2401, 2.6739, 0.0365, -0.0941, 0.0838
1.4533, -0.2382, 2.6626, 0.0372, -0.0931, 0.0834
1.4419, -0.2336, 2.6477, 0.0384, -0.0914, 0.0829
1.4276, -0.2304, 2.6277, 0.0395, -0.0893, 0.0824
1.4154, -0.2280, 2.6057, 0.0405, -0.0877, 0.0819
1.4066, -0.2242, 2.5873, 0.0418, -0.0866, 0.0814
1.4003, -0.2182, 2.5766, 0.0434, -0.0859, 0.0809
1.3946, -0.2125, 2.5714, 0.0448, -0.0853, 0.0804
1.3869, -0.2088, 2.5656, 0.0458, -0.0843, 0.0799
1.3754, -0.2071, 2.5576, 0.0464, -0.0826, 0.0795
1.3613, -0.2095, 2.5501, 0.0463, -0.0803, 0.0790
1.3496, -0.2160, 2.5438, 0.0455, -0.0784, 0.0785
1.3439, -0.2227, 2.5371, 0.0447, -0.0774, 0.0781
1.3435, -0.2264, 2.5296, 0.0444, -0.0775, 0.0777
1.3455, -0.2275, 2.5201, 0.0447, -0.0780, 0.0773
1.3488, -0.2254, 2.5084, 0.0454, -0.0788, 0.0769
1.3568, -0.2217, 2.4987, 0.0465, -0.0804, 0.0766
1.3706, -0.2188, 2.4946, 0.0473, -0.0830, 0.0764
1.3866, -0.2151, 2.4951, 0.0481, -0.0858, 0.0761
1.4030, -0.2102, 2.4968, 0.0491, -0.0887, 0.0759
1.4188, -0.2069, 2.4965, 0.0498, -0.0915, 0.0757
1.4336, -0.2028, 2.4936, 0.0506, -0.0942, 0.0755
1.4452, -0.1969, 2.4876, 0.0517, -0.0963, 0.0754
1.4524, -0.1912, 2.4785, 0.0526, -0.0978, 0.0753
1.4578, -0.1819, 2.4694, 0.0539, -0.0989, 0.0753
1.4636, -0.1709, 2.4604, 0.0555, -0.1001, 0.0753
1.4732, -0.1630, 2.4542, 0.0565, -0.1019, 0.0753
1.4894, -0.1576, 2.4552, 0.0570, -0.1047, 0.0754
1.5083, -0.1557, 2.4599, 0.0569, -0.1078, 0.0755
1.5260, -0.1572, 2.4631, 0.0563, -0.1107, 0.0757
1.5441, -0.1590, 2.4661, 0.0555, -0.1136, 0.0759
1.5671, -0.1575, 2.4733, 0.0554, -0.1173, 0.0760
1.5951, -0.1540, 2.4848, 0.0556, -0.1218, 0.0760
1.6231, -0.1517, 2.4954, 0.0557, -0.1263, 0.0761
1.6478, -0.1491, 2.5011, 0.0558, -0.1303, 0.0762
1.6686, -0.1433, 2.5014, 0.0566, -0.1338, 0.0762
1.6871, -0.1323, 2.4977, 0.0582, -0.1370, 0.0762
1.7037, -0.1206, 2.4930, 0.0599, -0.1399, 0.0762
1.7189, -0.1132, 2.4890, 0.0609, -0.1424, 0.0762
1.7357, -0.1077, 2.4841, 0.0618, -0.1451, 0.0762
1.7545, -0.1017, 2.4789, 0.0628, -0.1483, 0.0761
1.7751, -0.0954, 2.4775, 0.0639, -0.1517, 0.0761
1.7946, -0.0894, 2.4783, 0.0648, -0.1547, 0.0760
1.8070, -0.0851, 2.4762, 0.0654, -0.1565, 0.0759
1.8125, -0.0832, 2.4710, 0.0654, -0.1570, 0.0759
1.8131, -0.0851, 2.4639, 0.0649, -0.1566, 0.0758
1.8073, -0.0909, 2.4552, 0.0636, -0.1549, 0.0758
1.7999, -0.0947, 2.4464, 0.0627, -0.1529, 0.0758
1.7974, -0.0919, 2.4395, 0.0630, -0.1517, 0.0756
1.7979, -0.0863, 2.4347, 0.0638, -0.1510, 0.0754
1.7958, -0.0825, 2.4290, 0.0642, -0.1498, 0.0752
1.7888, -0.0805, 2.4219, 0.0644, -0.1478, 0.0751
1.7793, -0.0779, 2.4141, 0.0646, -0.1454, 0.0749
1.7721, -0.0722, 2.4057, 0.0654, -0.1434, 0.0748
1.7678, -0.0633, 2.3991, 0.0667, -0.1419, 0.0746
1.7638, -0.0526, 2.3953, 0.0682, -0.1404, 0.0745
1.7587, -0.0402, 2.3918, 0.0699, -0.1387, 0.0744
1.7518, -0.0285, 2.3865, 0.0715, -0.1367, 0.0742
1.7424, -0.0206, 2.3801, 0.0725, -0.1343, 0.0742
1.7328, -0.0164, 2.3730, 0.0729, -0.1318, 0.0741
1.7293, -0.0142, 2.3642, 0.0732, -0.1305, 0.0741
1.7338, -0.0146, 2.3574, 0.0731, -0.1306, 0.0740
1.7416, -0.0169, 2.3562, 0.0726, -0.1312, 0.0739
1.7502, -0.0189, 2.3579, 0.0721, -0.1319, 0.0738
1.7612, -0.0226, 2.3586, 0.0714, -0.1331, 0.0738
1.7726, -0.0297, 2.3576, 0.0701, -0.1343, 0.0738
1.7839, -0.0364, 2.3554, 0.0689, -0.1356, 0.0737
1.7982, -0.0397, 2.3538, 0.0685, -0.1375, 0.0737
1.8134, -0.0416, 2.3527, 0.0683, -0.1396, 0.0736
1.8250, -0.0437, 2.3470, 0.0681, -0.1411, 0.0734
1.8341, -0.0441, 2.3355, 0.0682, -0.1423, 0.0733
1.8440, -0.0436, 2.3234, 0.0685, -0.1437, 0.0733
1.8549, -0.0448, 2.3153, 0.0685, -0.1452, 0.0733
1.8667, -0.0464, 2.3120, 0.0683, -0.1467, 0.0733
1.8794, -0.0466, 2.3118, 0.0683, -0.1484, 0.0733
1.8919, -0.0464, 2.3131, 0.0682, -0.1501, 0.0733
1.9033, -0.0469, 2.3137, 0.0680, -0.1516, 0.0733
1.9138, -0.0466, 2.3152, 0.0679, -0.1529, 0.0734
1.9225, -0.0440, 2.3204, 0.0681, -0.1539, 0.0734
1.9264, -0.0428, 2.3247, 0.0680, -0.1540, 0.0735
1.9247, -0.0465, 2.3250, 0.0671, -0.1531, 0.0736
1.9191, -0.0530, 2.3238, 0.0657, -0.1516, 0.0738
1.9094, -0.0593, 2.3196, 0.0644, -0.1495, 0.0740
1.8977, -0.0646, 2.3111, 0.0634, -0.1470, 0.0741
1.8903, -0.0675, 2.3029, 0.0628, -0.1455, 0.0743
1.8882, -0.0687, 2.2966, 0.0625, -0.1449, 0.0744
1.8883, -0.0706, 2.2906, 0.0621, -0.1447, 0.0745
1.8915, -0.0727, 2.2859, 0.0617, -0.1450, 0.0747
1.8979, -0.0734, 2.2834, 0.0616, -0.1460, 0.0748
1.9049, -0.0730, 2.2838, 0.0616, -0.1470, 0.0749
1.9112, -0.0741, 2.2862, 0.0613, -0.1480, 0.0750
1.9171, -0.0776, 2.2886, 0.0607, -0.1488, 0.0751
1.9222, -0.0813, 2.2894, 0.0601, -0.1496, 0.0752
1.9247, -0.0857, 2.2872, 0.0594, -0.1499, 0.0752
1.9211, -0.0947, 2.2801, 0.0581, -0.1492, 0.0753
1.9107, -0.1069, 2.2670, 0.0562, -0.1473, 0.0754
1.9007, -0.1176, 2.2512, 0.0546, -0.1455, 0.0755
1.8960, -0.1267, 2.2344, 0.0534, -0.1447, 0.0756
1.8948, -0.1337, 2.2182, 0.0527, -0.1445, 0.0756
1.8944, -0.1356, 2.2054, 0.0527, -0.1445, 0.0756
1.8925, -0.1338, 2.1942, 0.0533, -0.1442, 0.0757
1.8877, -0.1294, 2.1808, 0.0542, -0.1435, 0.0757
1.8821, -0.1211, 2.1659, 0.0558, -0.1427, 0.0757
1.8788, -0.1116, 2.1535, 0.0576, -0.1422, 0.0757
1.8776, -0.1036, 2.1435, 0.0592, -0.1421, 0.0756
1.8764, -0.0968, 2.1351, 0.0606, -0.1420, 0.0755
1.8728, -0.0930, 2.1289, 0.0614, -0.1413, 0.0753
1.8668, -0.0931, 2.1228, 0.0615, -0.1402, 0.0752
1.8621, -0.0946, 2.1171, 0.0612, -0.1393, 0.0751
1.8616, -0.0948, 2.1129, 0.0612, -0.1392, 0.0751
1.8636, -0.0937, 2.1098, 0.0615, -0.1394, 0.0750
1.8640, -0.0955, 2.1091, 0.0612, -0.1394, 0.0749
1.8649, -0.0996, 2.1115, 0.0604, -0.1393, 0.0749
1.8713, -0.0992, 2.1167, 0.0605, -0.1403, 0.0748
1.8811, -0.0922, 2.1226, 0.0617, -0.1419, 0.0747
1.8914, -0.0813, 2.1267, 0.0636, -0.1437, 0.0745
1.9021, -0.0701, 2.1281, 0.0657, -0.1457, 0.0744
1.9106, -0.0614, 2.1271, 0.0673, -0.1474, 0.0743
1.9152, -0.0559, 2.1245, 0.0683, -0.1484, 0.0743
1.9156, -0.0526, 2.1229, 0.0689, -0.1486, 0.0743
1.9159, -0.0474, 2.1244, 0.0697, -0.1488, 0.0743
1.9181, -0.0398, 2.1243, 0.0709, -0.1494, 0.0744
1.9184, -0.0354, 2.1199, 0.0717, -0.1496, 0.0744
1.9177, -0.0341, 2.1162, 0.0719, -0.1496, 0.0745
1.9164, -0.0330, 2.1123, 0.0720, -0.1495, 0.0746
1.9116, -0.0348, 2.1042, 0.0717, -0.1488, 0.0747
1.9054, -0.0392, 2.0935, 0.0709, -0.1479, 0.0748
1.9010, -0.0433, 2.0834, 0.0702, -0.1472, 0.0750
1.8980, -0.0456, 2.0732, 0.0698, -0.1469, 0.0750
1.8948, -0.0432, 2.0641, 0.0702, -0.1466, 0.0751
1.8933, -0.0382, 2.0595, 0.0709, -0.1465, 0.0752
1.8950, -0.0338, 2.0590, 0.0714, -0.1470, 0.0753
1.9013, -0.0293, 2.0594, 0.0721, -0.1483, 0.0753
1.9122, -0.0273, 2.0606, 0.0725, -0.1505, 0.0754
1.9243, -0.0283, 2.0633, 0.0725, -0.1528, 0.0754
1.9338, -0.0287, 2.0655, 0.0725, -0.1547, 0.0754
1.9382, -0.0295, 2.0631, 0.0725, -0.1558, 0.0754
1.9393, -0.0311, 2.0571, 0.0724, -0.1564, 0.0754
1.9407, -0.0305, 2.0531, 0.0726, -0.1570, 0.0754
1.9452, -0.0262, 2.0531, 0.0734, -0.1581, 0.0753
1.9537, -0.0211, 2.0562, 0.0744, -0.1598, 0.0752
1.9627, -0.0202, 2.0601, 0.0747, -0.1614, 0.0751
1.9708, -0.0229, 2.0652, 0.0744, -0.1629, 0.0751
1.9772, -0.0264, 2.0714, 0.0739, -0.1639, 0.0751
1.9773, -0.0321, 2.0727, 0.0730, -0.1639, 0.0751
1.9718, -0.0397, 2.0657, 0.0718, -0.1630, 0.0752
1.9646, -0.0448, 2.0555, 0.0711, -0.1618, 0.0752
1.9582, -0.0460, 2.0444, 0.0709, -0.1609, 0.0753
1.9545, -0.0449, 2.0341, 0.0712, -0.1604, 0.0753
1.9536, -0.0416, 2.0291, 0.0717, -0.1604, 0.0753
1.9523, -0.0403, 2.0282, 0.0718, -0.1602, 0.0754
1.9455, -0.0430, 2.0258, 0.0712, -0.1591, 0.0755
1.9317, -0.0477, 2.0194, 0.0701, -0.1568, 0.0756
1.9129, -0.0532, 2.0090, 0.0689, -0.1537, 0.0758
1.8897, -0.0565, 1.9928, 0.0682, -0.1499, 0.0759
1.8652, -0.0562, 1.9732, 0.0681, -0.1459, 0.0760
1.8423, -0.0596, 1.9557, 0.0674, -0.1422, 0.0761
1.8218, -0.0710, 1.9414, 0.0653, -0.1387, 0.0763
1.8039, -0.0822, 1.9294, 0.0634, -0.1356, 0.0764
1.7854, -0.0881, 1.9157, 0.0623, -0.1325, 0.0764
1.7642, -0.0930, 1.8978, 0.0615, -0.1289, 0.0764
1.7438, -0.0970, 1.8807, 0.0608, -0.1256, 0.0764
1.7276, -0.0980, 1.8694, 0.0607, -0.1229, 0.0763
1.7167, -0.0959, 1.8624, 0.0611, -0.1212, 0.0763
1.7095, -0.0920, 1.8586, 0.0618, -0.1201, 0.0762
1.7062, -0.0879, 1.8600, 0.0625, -0.1196, 0.0761
1.7069, -0.0828, 1.8655, 0.0632, -0.1198, 0.0761
1.7101, -0.0765, 1.8715, 0.0642, -0.1204, 0.0761
1.7148, -0.0705, 1.8765, 0.0650, -0.1213, 0.0761
1.7185, -0.0669, 1.8798, 0.0655, -0.1220, 0.0762
1.7201, -0.0685, 1.8796, 0.0652, -0.1224, 0.0763
1.7240, -0.0735, 1.8770, 0.0643, -0.1232, 0.0764
1.7325, -0.0776, 1.8762, 0.0637, -0.1249, 0.0766
1.7411, -0.0820, 1.8758, 0.0630, -0.1266, 0.0768
1.7457, -0.0893, 1.8713, 0.0617, -0.1276, 0.0770
1.7478, -0.0973, 1.8629, 0.0602, -0.1283, 0.0774
1.7498, -0.1037, 1.8544, 0.0590, -0.1290, 0.0777
1.7539, -0.1084, 1.8483, 0.0580, -0.1301, 0.0781
1.7614, -0.1130, 1.8447, 0.0569, -0.1318, 0.0785
1.7705, -0.1174, 1.8438, 0.0558, -0.1337, 0.0788
1.7819, -0.1174, 1.8462, 0.0555, -0.1360, 0.0791
1.7989, -0.1108, 1.8513, 0.0563, -0.1393, 0.0793
1.8205, -0.1019, 1.8569, 0.0577, -0.1434, 0.0794
1.8422, -0.0932, 1.8620, 0.0590, -0.1475, 0.0795
1.8591, -0.0838, 1.8660, 0.0604, -0.1508, 0.0796
1.8672, -0.0763, 1.8662, 0.0614, -0.1526, 0.0797
1.8676, -0.0715, 1.8629, 0.0620, -0.1529, 0.0798
1.8637, -0.0688, 1.8613, 0.0622, -0.1525, 0.0800
1.8574, -0.0697, 1.8625, 0.0617, -0.1515, 0.0801
1.8476, -0.0739, 1.8618, 0.0607, -0.1499, 0.0802
1.8369, -0.0783, 1.8612, 0.0598, -0.1481, 0.0803
1.8280, -0.0829, 1.8639, 0.0588, -0.1466, 0.0804
1.8173, -0.0917, 1.8656, 0.0572, -0.1447, 0.0804
1.8066, -0.1028, 1.8658, 0.0553, -0.1429, 0.0805
1.8001, -0.1104, 1.8678, 0.0541, -0.1417, 0.0804
1.7964, -0.1148, 1.8726, 0.0534, -0.1410, 0.0803
1.7950, -0.1164, 1.8795, 0.0533, -0.1406, 0.0802
1.7954, -0.1131, 1.8847, 0.0540, -0.1406, 0.0799
1.7926, -0.1103, 1.8843, 0.0547, -0.1401, 0.0797
1.7839, -0.1116, 1.8779, 0.0548, -0.1386, 0.0794
1.7710, -0.1134, 1.8674, 0.0548, -0.1365, 0.0792
1.7554, -0.1155, 1.8551, 0.0549, -0.1339, 0.0790
1.7375, -0.1195, 1.8415, 0.0545, -0.1310, 0.0787
1.7151, -0.1220, 1.8266, 0.0543, -0.1273, 0.0786
1.6892, -0.1230, 1.8124, 0.0542, -0.1230, 0.0785
1.6634, -0.1281, 1.7983, 0.0533, -0.1187, 0.0784
1.6391, -0.1372, 1.7809, 0.0518, -0.1147, 0.0785
1.6167, -0.1457, 1.7627, 0.0505, -0.1110, 0.0785
1.5983, -0.1507, 1.7474, 0.0498, -0.1081, 0.0785
1.5872, -0.1497, 1.7362, 0.0502, -0.1064, 0.0785
1.5851, -0.1433, 1.7303, 0.0514, -0.1062, 0.0785
1.5889, -0.1363, 1.7278, 0.0528, -0.1071, 0.0785
1.5960, -0.1310, 1.7283, 0.0538, -0.1084, 0.0785
1.6038, -0.1281, 1.7311, 0.0543, -0.1098, 0.0786
1.6091, -0.1278, 1.7326, 0.0542, -0.1107, 0.0786
1.6117, -0.1298, 1.7311, 0.0537, -0.1112, 0.0787
1.6092, -0.1337, 1.7247, 0.0529, -0.1109, 0.0788
1.5979, -0.1395, 1.7133, 0.0517, -0.1091, 0.0790
1.5836, -0.1468, 1.7024, 0.0500, -0.1069, 0.0792
1.5728, -0.1534, 1.6946, 0.0485, -0.1052, 0.0794
1.5666, -0.1572, 1.6900, 0.0475, -0.1043, 0.0796
1.5669, -0.1580, 1.6913, 0.0471, -0.1044, 0.0797
1.5736, -0.1565, 1.6972, 0.0471, -0.1057, 0.0798
1.5852, -0.1541, 1.7036, 0.0473, -0.1077, 0.0798
1.6005, -0.1512, 1.7110, 0.0476, -0.1105, 0.0799
1.6189, -0.1478, 1.7195, 0.0480, -0.1137, 0.0801
1.6376, -0.1447, 1.7271, 0.0484, -0.1171, 0.0802
1.6515, -0.1419, 1.7340, 0.0486, -0.1195, 0.0803
1.6585, -0.1394, 1.7387, 0.0488, -0.1208, 0.0804
1.6588, -0.1403, 1.7383, 0.0484, -0.1210, 0.0805
1.6537, -0.1468, 1.7325, 0.0470, -0.1202, 0.0807
1.6449, -0.1552, 1.7246, 0.0453, -0.1189, 0.0809
1.6329, -0.1629, 1.7175, 0.0437, -0.1169, 0.0811
1.6182, -0.1697, 1.7098, 0.0422, -0.1145, 0.0812
1.6020, -0.1757, 1.6998, 0.0409, -0.1118, 0.0814
1.5846, -0.1836, 1.6883, 0.0395, -0.1089, 0.0815
1.5671, -0.1920, 1.6784, 0.0379, -0.1059, 0.0816
1.5499, -0.1975, 1.6714, 0.0367, -0.1029, 0.0817
1.5329, -0.1977, 1.6649, 0.0365, -0.0999, 0.0818
1.5163, -0.1954, 1.6572, 0.0369, -0.0970, 0.0818
1.5032, -0.1959, 1.6508, 0.0368, -0.0948, 0.0818
1.4935, -0.1983, 1.6458, 0.0367, -0.0930, 0.0817
1.4811, -0.2010, 1.6377, 0.0366, -0.0909, 0.0816
1.4619, -0.2061, 1.6253, 0.0361, -0.0876, 0.0815
1.4385, -0.2126, 1.6110, 0.0353, -0.0837, 0.0814
1.4163, -0.2179, 1.5980, 0.0348, -0.0799, 0.0813
1.3973, -0.2221, 1.5880, 0.0345, -0.0767, 0.0812
1.3806, -0.2252, 1.5793, 0.0344, -0.0739, 0.0810
1.3666, -0.2273, 1.5709, 0.0345, -0.0716, 0.0808
1.3578, -0.2307, 1.5654, 0.0342, -0.0701, 0.0806
1.3532, -0.2352, 1.5646, 0.0338, -0.0693, 0.0804
1.3532, -0.2366, 1.5687, 0.0337, -0.0692, 0.0803
1.3621, -0.2304, 1.5791, 0.0349, -0.0706, 0.0801
1.3779, -0.2189, 1.5929, 0.0369, -0.0732, 0.0800
1.3956, -0.2079, 1.6059, 0.0387, -0.0763, 0.0799
1.4151, -0.1993, 1.6178, 0.0402, -0.0796, 0.0798
1.4361, -0.1918, 1.6275, 0.0415, -0.0832, 0.0799
1.4568, -0.1845, 1.6331, 0.0427, -0.0869, 0.0799
1.4750, -0.1772, 1.6339, 0.0439, -0.0903, 0.0800
1.4903, -0.1701, 1.6308, 0.0451, -0.0932, 0.0802
1.5065, -0.1625, 1.6272, 0.0464, -0.0964, 0.0804
1.5241, -0.1559, 1.6280, 0.0473, -0.0998, 0.0806
1.5395, -0.1524, 1.6341, 0.0475, -0.1027, 0.0808
1.5556, -0.1500, 1.6442, 0.0474, -0.1056, 0.0811
1.5771, -0.1480, 1.6571, 0.0473, -0.1095, 0.0814
1.6017, -0.1464, 1.6690, 0.0472, -0.1140, 0.0816
1.6230, -0.1459, 1.6748, 0.0469, -0.1180, 0.0819
1.6352, -0.1485, 1.6733, 0.0462, -0.1204, 0.0822
1.6372, -0.1528, 1.6664, 0.0450, -0.1210, 0.0825
1.6323, -0.1574, 1.6582, 0.0437, -0.1203, 0.0828
1.6213, -0.1637, 1.6526, 0.0421, -0.1185, 0.0831
1.6056, -0.1734, 1.6502, 0.0397, -0.1157, 0.0835
1.5909, -0.1839, 1.6508, 0.0373, -0.1130, 0.0838
1.5805, -0.1910, 1.6563, 0.0354, -0.1109, 0.0841
1.5696, -0.1980, 1.6620, 0.0336, -0.1088, 0.0843
1.5506, -0.2080, 1.6606, 0.0313, -0.1053, 0.0846
1.5249, -0.2187, 1.6549, 0.0288, -0.1006, 0.0848
1.5000, -0.2265, 1.6512, 0.0269, -0.0961, 0.0850
1.4799, -0.2294, 1.6506, 0.0260, -0.0923, 0.0851
1.4663, -0.2291, 1.6507, 0.0259, -0.0897, 0.0851
1.4570, -0.2294, 1.6518, 0.0259, -0.0878, 0.0850
1.4463, -0.2319, 1.6518, 0.0255, -0.0857, 0.0850
1.4325, -0.2329, 1.6470, 0.0255, -0.0832, 0.0849
1.4179, -0.2295, 1.6411, 0.0263, -0.0806, 0.0848
1.4015, -0.2231, 1.6370, 0.0276, -0.0776, 0.0846
1.3841, -0.2161, 1.6334, 0.0290, -0.0746, 0.0843
1.3674, -0.2103, 1.6290, 0.0302, -0.0716, 0.0841
1.3504, -0.2097, 1.6248, 0.0307, -0.0686, 0.0839
1.3343, -0.2122, 1.6242, 0.0305, -0.0656, 0.0837
1.3198, -0.2129, 1.6263, 0.0306, -0.0628, 0.0835
1.3063, -0.2121, 1.6267, 0.0309, -0.0603, 0.0833
1.2954, -0.2110, 1.6248, 0.0313, -0.0582, 0.0832
1.2905, -0.2098, 1.6234, 0.0317, -0.0573, 0.0831
1.2919, -0.2086, 1.6223, 0.0321, -0.0575, 0.0831
1.2938, -0.2091, 1.6168, 0.0322, -0.0580, 0.0830
1.2927, -0.2131, 1.6078, 0.0316, -0.0579, 0.0831
1.2916, -0.2174, 1.5985, 0.0309, -0.0579, 0.0832
1.2921, -0.2169, 1.5898, 0.0310, -0.0582, 0.0833
1.2919, -0.2131, 1.5831, 0.0314, -0.0584, 0.0834
1.2899, -0.2086, 1.5776, 0.0319, -0.0582, 0.0835
1.2904, -0.2033, 1.5747, 0.0324, -0.0584, 0.0837
1.2984, -0.1974, 1.5798, 0.0331, -0.0598, 0.0838
1.3133, -0.1905, 1.5927, 0.0339, -0.0623, 0.0839
1.3318, -0.1813, 1.6084, 0.0351, -0.0653, 0.0840
1.3538, -0.1706, 1.6272, 0.0366, -0.0688, 0.0840
1.3818, -0.1625, 1.6517, 0.0376, -0.0733, 0.0841
1.4107, -0.1602, 1.6776, 0.0377, -0.0778, 0.0843
1.4310, -0.1625, 1.6968, 0.0370, -0.0808, 0.0845
1.4422, -0.1645, 1.7073, 0.0363, -0.0824, 0.0848
1.4468, -0.1656, 1.7127, 0.0359, -0.0829, 0.0851
1.4429, -0.1711, 1.7147, 0.0346, -0.0819, 0.0854
1.4325, -0.1830, 1.7152, 0.0324, -0.0798, 0.0857
1.4177, -0.1989, 1.7141, 0.0294, -0.0769, 0.0860
1.3970, -0.2172, 1.7117, 0.0260, -0.0729, 0.0863
1.3751, -0.2328, 1.7104, 0.0231, -0.0688, 0.0865
1.3592, -0.2423, 1.7109, 0.0214, -0.0658, 0.0867
1.3480, -0.2484, 1.7124, 0.0202, -0.0636, 0.0868
1.3396, -0.2515, 1.7165, 0.0196, -0.0619, 0.0868
1.3331, -0.2499, 1.7242, 0.0197, -0.0605, 0.0867
1.3239, -0.2460, 1.7282, 0.0203, -0.0588, 0.0867
1.3092, -0.2427, 1.7235, 0.0210, -0.0561, 0.0866
1.2901, -0.2427, 1.7133, 0.0211, -0.0528, 0.0867
1.2701, -0.2458, 1.7019, 0.0207, -0.0492, 0.0867
1.2527, -0.2454, 1.6938, 0.0209, -0.0460, 0.0867
1.2375, -0.2406, 1.6914, 0.0218, -0.0432, 0.0867
1.2211, -0.2371, 1.6900, 0.0224, -0.0401, 0.0866
1.2028, -0.2353, 1.6848, 0.0228, -0.0367, 0.0866
1.1876, -0.2351, 1.6774, 0.0230, -0.0340, 0.0865
1.1799, -0.2358, 1.6733, 0.0232, -0.0325, 0.0864
1.1786, -0.2359, 1.6762, 0.0234, -0.0321, 0.0862
1.1813, -0.2383, 1.6837, 0.0232, -0.0323, 0.0860
1.1847, -0.2439, 1.6906, 0.0224, -0.0327, 0.0859
1.1846, -0.2500, 1.6943, 0.0214, -0.0325, 0.0858
1.1810, -0.2543, 1.6960, 0.0206, -0.0318, 0.0858
1.1788, -0.2575, 1.7004, 0.0198, -0.0312, 0.0857
1.1809, -0.2608, 1.7092, 0.0189, -0.0313, 0.0857
1.1830, -0.2642, 1.7166, 0.0181, -0.0314, 0.0858
1.1834, -0.2679, 1.7201, 0.0172, -0.0314, 0.0860
1.1858, -0.2715, 1.7252, 0.0164, -0.0316, 0.0861
1.1906, -0.2736, 1.7347, 0.0157, -0.0322, 0.0862
1.1978, -0.2752, 1.7470, 0.0152, -0.0332, 0.0863
1.2099, -0.2777, 1.7630, 0.0144, -0.0350, 0.0865
1.2224, -0.2809, 1.7816, 0.0136, -0.0368, 0.0867
1.2271, -0.2843, 1.7965, 0.0126, -0.0373, 0.0868
1.2231, -0.2893, 1.8049, 0.0112, -0.0362, 0.0871
1.2143, -0.2959, 1.8073, 0.0096, -0.0344, 0.0873
1.2021, -0.3032, 1.8051, 0.0079, -0.0320, 0.0876
1.1892, -0.3095, 1.8019, 0.0064, -0.0295, 0.0878
1.1814, -0.3093, 1.8017, 0.0061, -0.0279, 0.0879
1.1792, -0.3029, 1.8057, 0.0069, -0.0272, 0.0878
1.1817, -0.2960, 1.8139, 0.0079, -0.0274, 0.0877
1.1914, -0.2896, 1.8284, 0.0088, -0.0286, 0.0876
1.2070, -0.2833, 1.8466, 0.0097, -0.0309, 0.0876
1.2236, -0.2777, 1.8642, 0.0106, -0.0335, 0.0875
1.2401, -0.2706, 1.8817, 0.0117, -0.0361, 0.0875
1.2555, -0.2614, 1.8948, 0.0133, -0.0386, 0.0874
1.2687, -0.2526, 1.8998, 0.0149, -0.0408, 0.0874
1.2798, -0.2463, 1.8992, 0.0162, -0.0428, 0.0874
1.2881, -0.2415, 1.8969, 0.0172, -0.0444, 0.0874
1.2941, -0.2365, 1.8933, 0.0182, -0.0456, 0.0874
1.2992, -0.2324, 1.8877, 0.0191, -0.0468, 0.0875
1.3037, -0.2291, 1.8804, 0.0198, -0.0479, 0.0876
1.3058, -0.2245, 1.8722, 0.0207, -0.0486, 0.0877
1.3054, -0.2197, 1.8618, 0.0217, -0.0489, 0.0878
1.3049, -0.2190, 1.8506, 0.0220, -0.0492, 0.0879
1.3012, -0.2229, 1.8397, 0.0215, -0.0487, 0.0880
1.2896, -0.2274, 1.8257, 0.0207, -0.0469, 0.0882
1.2709, -0.2290, 1.8094, 0.0204, -0.0439, 0.0884
1.2506, -0.2264, 1.7958, 0.0206, -0.0406, 0.0886
1.2332, -0.2232, 1.7862, 0.0210, -0.0376, 0.0887
1.2169, -0.2244, 1.7777, 0.0206, -0.0349, 0.0887
1.1975, -0.2305, 1.7683, 0.0194, -0.0315, 0.0888
1.1762, -0.2368, 1.7632, 0.0180, -0.0277, 0.0888
1.1578, -0.2392, 1.7658, 0.0172, -0.0243, 0.0888
1.1453, -0.2398, 1.7716, 0.0167, -0.0219, 0.0887
1.1392, -0.2414, 1.7774, 0.0162, -0.0207, 0.0886
1.1380, -0.2424, 1.7840, 0.0158, -0.0204, 0.0885
1.1392, -0.2410, 1.7910, 0.0159, -0.0206, 0.0884
1.1423, -0.2348, 1.7976, 0.0169, -0.0213, 0.0882
1.1459, -0.2251, 1.8054, 0.0185, -0.0220, 0.0879
1.1480, -0.2187, 1.8147, 0.0196, -0.0224, 0.0877
1.1492, -0.2191, 1.8219, 0.0196, -0.0226, 0.0876
1.1465, -0.2262, 1.8220, 0.0185, -0.0221, 0.0875
1.1381, -0.2392, 1.8156, 0.0165, -0.0206, 0.0874
1.1313, -0.2499, 1.8118, 0.0150, -0.0194, 0.0873
1.1314, -0.2537, 1.8140, 0.0146, -0.0193, 0.0872
1.1370, -0.2553, 1.8173, 0.0147, -0.0203, 0.0869
1.1465, -0.2564, 1.8197, 0.0149, -0.0219, 0.0867
1.1573, -0.2582, 1.8222, 0.0149, -0.0238, 0.0866
1.1661, -0.2618, 1.8244, 0.0146, -0.0252, 0.0865
1.1722, -0.2672, 1.8250, 0.0140, -0.0263, 0.0864
1.1790, -0.2731, 1.8261, 0.0132, -0.0275, 0.0864
1.1879, -0.2764, 1.8286, 0.0128, -0.0290, 0.0863
1.1946, -0.2787, 1.8289, 0.0126, -0.0301, 0.0863
1.1999, -0.2818, 1.8294, 0.0121, -0.0310, 0.0863
1.2104, -0.2815, 1.8383, 0.0121, -0.0326, 0.0864
1.2237, -0.2767, 1.8534, 0.0127, -0.0347, 0.0864
1.2311, -0.2702, 1.8636, 0.0135, -0.0358, 0.0865
1.2313, -0.2645, 1.8648, 0.0143, -0.0357, 0.0865
1.2293, -0.2622, 1.8631, 0.0145, -0.0352, 0.0865
1.2252, -0.2639, 1.8603, 0.0139, -0.0344, 0.0866
1.2157, -0.2688, 1.8549, 0.0128, -0.0326, 0.0867
1.2039, -0.2736, 1.8500, 0.0117, -0.0303, 0.0868
1.1944, -0.2764, 1.8480, 0.0108, -0.0285, 0.0869
1.1829, -0.2792, 1.8439, 0.0100, -0.0263, 0.0870
1.1636, -0.2828, 1.8330, 0.0090, -0.0229, 0.0872
1.1382, -0.2880, 1.8173, 0.0078, -0.0185, 0.0874
1.1104, -0.2968, 1.7991, 0.0059, -0.0137, 0.0876
1.0817, -0.3084, 1.7821, 0.0036, -0.0086, 0.0878
1.0544, -0.3192, 1.7695, 0.0014, -0.0038, 0.0880
1.0287, -0.3284, 1.7569, -0.0005, 0.0006, 0.0882
1.0045, -0.3359, 1.7442, -0.0021, 0.0048, 0.0883
0.9826, -0.3415, 1.7341, -0.0033, 0.0085, 0.0884
0.9641, -0.3455, 1.7280, -0.0041, 0.0117, 0.0885
0.9516, -0.3458, 1.7276, -0.0043, 0.0138, 0.0885
0.9452, -0.3433, 1.7307, -0.0038, 0.0149, 0.0884
0.9397, -0.3440, 1.7311, -0.0039, 0.0158, 0.0883
0.9330, -0.3489, 1.7274, -0.0045, 0.0168, 0.0882
0.9281, -0.3553, 1.7238, -0.0054, 0.0175, 0.0881
0.9260, -0.3602, 1.7226, -0.0060, 0.0178, 0.0880
0.9286, -0.3602, 1.7243, -0.0057, 0.0173, 0.0877
0.9368, -0.3574, 1.7272, -0.0049, 0.0157, 0.0875
0.9461, -0.3583, 1.7282, -0.0047, 0.0140, 0.0873
0.9527, -0.3653, 1.7255, -0.0056, 0.0128, 0.0873
0.9585, -0.3744, 1.7198, -0.0069, 0.0117, 0.0873
0.9650, -0.3813, 1.7113, -0.0077, 0.0104, 0.0874
0.9713, -0.3837, 1.7016, -0.0078, 0.0091, 0.0874
0.9781, -0.3811, 1.6974, -0.0071, 0.0078, 0.0875
0.9862, -0.3745, 1.7001, -0.0059, 0.0064, 0.0874
0.9929, -0.3661, 1.7039, -0.0044, 0.0052, 0.0874
0.9956, -0.3590, 1.7063, -0.0032, 0.0048, 0.0873
0.9944, -0.3532, 1.7072, -0.0023, 0.0051, 0.0873
0.9864, -0.3500, 1.7046, -0.0019, 0.0065, 0.0874
0.9718, -0.3514, 1.6983, -0.0024, 0.0092, 0.0876
0.9573, -0.3548, 1.6909, -0.0033, 0.0118, 0.0877
0.9443, -0.3578, 1.6841, -0.0041, 0.0142, 0.0879
0.9320, -0.3594, 1.6780, -0.0046, 0.0164, 0.0880
0.9220, -0.3606, 1.6721, -0.0051, 0.0181, 0.0881
0.9157, -0.3618, 1.6659, -0.0054, 0.0192, 0.0882
0.9122, -0.3626, 1.6602, -0.0056, 0.0197, 0.0883
0.9096, -0.3615, 1.6565, -0.0055, 0.0201, 0.0884
0.9089, -0.3547, 1.6582, -0.0046, 0.0201, 0.0884
0.9101, -0.3446, 1.6659, -0.0032, 0.0200, 0.0884
0.9083, -0.3371, 1.6711, -0.0022, 0.0204, 0.0884
0.9011, -0.3348, 1.6690, -0.0022, 0.0216, 0.0886
0.8918, -0.3375, 1.6644, -0.0031, 0.0232, 0.0889
0.8835, -0.3440, 1.6607, -0.0046, 0.0246, 0.0892
0.8783, -0.3534, 1.6576, -0.0065, 0.0255, 0.0896
0.8763, -0.3624, 1.6535, -0.0083, 0.0257, 0.0899
0.8755, -0.3690, 1.6476, -0.0095, 0.0256, 0.0902
0.8767, -0.3767, 1.6412, -0.0109, 0.0252, 0.0904
0.8822, -0.3867, 1.6362, -0.0126, 0.0240, 0.0907
0.8932, -0.3951, 1.6359, -0.0139, 0.0220, 0.0909
0.9064, -0.4007, 1.6393, -0.0148, 0.0195, 0.0911
0.9165, -0.4027, 1.6415, -0.0151, 0.0177, 0.0912
0.9217, -0.4001, 1.6427, -0.0147, 0.0166, 0.0913
0.9219, -0.3957, 1.6431, -0.0141, 0.0165, 0.0914
0.9153, -0.3933, 1.6395, -0.0139, 0.0176, 0.0915
0.9030, -0.3943, 1.6346, -0.0144, 0.0198, 0.0916
0.8906, -0.3977, 1.6333, -0.0154, 0.0221, 0.0918
0.8812, -0.4007, 1.6352, -0.0163, 0.0239, 0.0919
0.8728, -0.4013, 1.6366, -0.0167, 0.0257, 0.0919
0.8657, -0.3996, 1.6373, -0.0166, 0.0272, 0.0919
0.8636, -0.3971, 1.6413, -0.0163, 0.0278, 0.0918
0.8675, -0.3953, 1.6511, -0.0161, 0.0275, 0.0916
0.8755, -0.3923, 1.6640, -0.0155, 0.0266, 0.0914
0.8852, -0.3856, 1.6777, -0.0143, 0.0252, 0.0912
0.8965, -0.3769, 1.6915, -0.0126, 0.0236, 0.0910
0.9093, -0.3694, 1.7024, -0.0111, 0.0216, 0.0908
0.9219, -0.3638, 1.7088, -0.0099, 0.0195, 0.0907
0.9322, -0.3597, 1.7116, -0.0089, 0.0176, 0.0906
0.9409, -0.3569, 1.7131, -0.0081, 0.0160, 0.0905
0.9489, -0.3527, 1.7155, -0.0071, 0.0145, 0.0905
0.9541, -0.3481, 1.7178, -0.0061, 0.0135, 0.0904
0.9566, -0.3479, 1.7198, -0.0058, 0.0129, 0.0903
0.9612, -0.3536, 1.7250, -0.0064, 0.0120, 0.0903
0.9710, -0.3603, 1.7331, -0.0073, 0.0103, 0.0903
0.9850, -0.3623, 1.7391, -0.0073, 0.0076, 0.0904
0.9996, -0.3617, 1.7413, -0.0068, 0.0048, 0.0904
1.0106, -0.3613, 1.7429, -0.0065, 0.0026, 0.0905
1.0193, -0.3593, 1.7461, -0.0060, 0.0009, 0.0906
1.0294, -0.3554, 1.7503, -0.0052, -0.0011, 0.0907
1.0435, -0.3516, 1.7555, -0.0044, -0.0038, 0.0908
1.0595, -0.3495, 1.7612, -0.0039, -0.0068, 0.0910
1.0745, -0.3463, 1.7678, -0.0033, -0.0095, 0.0912
1.0910, -0.3409, 1.7775, -0.0025, -0.0125, 0.0913
1.1114, -0.3345, 1.7880, -0.0014, -0.0162, 0.0915
1.1356, -0.3258, 1.7954, 0.0000, -0.0206, 0.0917
1.1621, -0.3153, 1.8016, 0.0019, -0.0254, 0.0919
1.1861, -0.3064, 1.8100, 0.0033, -0.0298, 0.0920
1.2046, -0.3014, 1.8170, 0.0041, -0.0331, 0.0922
1.2172, -0.2980, 1.8202, 0.0046, -0.0355, 0.0924
1.2262, -0.2958, 1.8241, 0.0047, -0.0371, 0.0925
1.2345, -0.2953, 1.8300, 0.0046, -0.0386, 0.0926
1.2419, -0.2956, 1.8361, 0.0042, -0.0398, 0.0928
1.2483, -0.2960, 1.8432, 0.0038, -0.0407, 0.0930
1.2543, -0.2939, 1.8539, 0.0039, -0.0416, 0.0930
1.2602, -0.2889, 1.8682, 0.0045, -0.0424, 0.0930
1.2683, -0.2832, 1.8835, 0.0054, -0.0435, 0.0929
1.2778, -0.2786, 1.8959, 0.0062, -0.0450, 0.0929
1.2857, -0.2789, 1.9029, 0.0063, -0.0462, 0.0928
1.2883, -0.2849, 1.9039, 0.0055, -0.0466, 0.0927
1.2851, -0.2930, 1.9023, 0.0043, -0.0460, 0.0927
1.2818, -0.2982, 1.9043, 0.0036, -0.0452, 0.0926
1.2835, -0.2997, 1.9119, 0.0036, -0.0453, 0.0923
1.2905, -0.3006, 1.9225, 0.0037, -0.0463, 0.0921
1.2992, -0.3013, 1.9321, 0.0038, -0.0476, 0.0918
1.3110, -0.2980, 1.9396, 0.0047, -0.0496, 0.0915
1.3289, -0.2901, 1.9459, 0.0066, -0.0528, 0.0912
1.3517, -0.2785, 1.9529, 0.0092, -0.0569, 0.0908
1.3771, -0.2634, 1.9623, 0.0124, -0.0615, 0.0904
1.4020, -0.2450, 1.9751, 0.0160, -0.0660, 0.0901
1.4256, -0.2262, 1.9899, 0.0196, -0.0701, 0.0898
1.4477, -0.2117, 2.0028, 0.0225, -0.0740, 0.0895
1.4678, -0.2022, 2.0129, 0.0245, -0.0775, 0.0893
1.4856, -0.1935, 2.0219, 0.0262, -0.0807, 0.0892
1.5014, -0.1859, 2.0295, 0.0278, -0.0834, 0.0890
1.5135, -0.1807, 2.0346, 0.0288, -0.0856, 0.0889
1.5215, -0.1748, 2.0385, 0.0298, -0.0870, 0.0889
1.5273, -0.1674, 2.0403, 0.0310, -0.0880, 0.0889
1.5316, -0.1583, 2.0393, 0.0326, -0.0888, 0.0888
1.5308, -0.1470, 2.0371, 0.0344, -0.0886, 0.0888
1.5217, -0.1382, 2.0329, 0.0356, -0.0868, 0.0888
1.5067, -0.1355, 2.0262, 0.0358, -0.0840, 0.0889
1.4907, -0.1366, 2.0179, 0.0352, -0.0811, 0.0891
1.4771, -0.1395, 2.0106, 0.0343, -0.0785, 0.0893
1.4670, -0.1463, 2.0055, 0.0328, -0.0766, 0.0896
1.4581, -0.1594, 1.9998, 0.0302, -0.0748, 0.0900
1.4467, -0.1760, 1.9936, 0.0269, -0.0725, 0.0903
1.4337, -0.1905, 1.9887, 0.0239, -0.0700, 0.0907
1.4238, -0.1997, 1.9867, 0.0219, -0.0681, 0.0909
1.4194, -0.2032, 1.9919, 0.0209, -0.0672, 0.0911
1.4193, -0.2035, 2.0039, 0.0204, -0.0669, 0.0912
1.4228, -0.2033, 2.0162, 0.0202, -0.0675, 0.0912
1.4276, -0.2020, 2.0269, 0.0202, -0.0684, 0.0912
1.4284, -0.2012, 2.0356, 0.0202, -0.0687, 0.0913
1.4236, -0.2020, 2.0395, 0.0200, -0.0680, 0.0913
1.4152, -0.2041, 2.0383, 0.0197, -0.0668, 0.0913
1.4071, -0.2070, 2.0369, 0.0192, -0.0657, 0.0913
1.4055, -0.2075, 2.0401, 0.0192, -0.0656, 0.0913
1.4109, -0.2051, 2.0459, 0.0197, -0.0668, 0.0912
1.4213, -0.2042, 2.0527, 0.0202, -0.0688, 0.0911
1.4366, -0.2053, 2.0608, 0.0203, -0.0716, 0.0911
1.4500, -0.2057, 2.0635, 0.0206, -0.0741, 0.0910
1.4532, -0.2076, 2.0536, 0.0206, -0.0750, 0.0910
1.4472, -0.2135, 2.0338, 0.0198, -0.0744, 0.0911
1.4350, -0.2224, 2.0103, 0.0184, -0.0727, 0.0912
1.4220, -0.2316, 1.9884, 0.0168, -0.0709, 0.0915
1.4163, -0.2380, 1.9739, 0.0158, -0.0703, 0.0917
1.4179, -0.2419, 1.9655, 0.0151, -0.0708, 0.0918
1.4218, -0.2462, 1.9597, 0.0144, -0.0718, 0.0920
1.4261, -0.2490, 1.9577, 0.0139, -0.0728, 0.0921
1.4312, -0.2483, 1.9603, 0.0140, -0.0739, 0.0921
1.4379, -0.2471, 1.9657, 0.0141, -0.0751, 0.0922
1.4450, -0.2467, 1.9720, 0.0142, -0.0764, 0.0922
1.4494, -0.2469, 1.9765, 0.0141, -0.0773, 0.0922
1.4481, -0.2505, 1.9788, 0.0133, -0.0771, 0.0922
1.4448, -0.2562, 1.9813, 0.0121, -0.0765, 0.0923
1.4456, -0.2589, 1.9822, 0.0115, -0.0768, 0.0923
1.4503, -0.2581, 1.9810, 0.0116, -0.0778, 0.0923
1.4538, -0.2554, 1.9796, 0.0119, -0.0786, 0.0923
1.4526, -0.2539, 1.9724, 0.0120, -0.0786, 0.0923
1.4483, -0.2557, 1.9596, 0.0117, -0.0782, 0.0924
1.4450, -0.2579, 1.9488, 0.0113, -0.0779, 0.0925
1.4450, -0.2588, 1.9433, 0.0112, -0.0781, 0.0925
1.4485, -0.2602, 1.9431, 0.0110, -0.0788, 0.0925
1.4553, -0.2623, 1.9468, 0.0108, -0.0800, 0.0924
1.4636, -0.2615, 1.9515, 0.0111, -0.0816, 0.0923
1.4715, -0.2558, 1.9539, 0.0124, -0.0831, 0.0921
1.4787, -0.2477, 1.9516, 0.0141, -0.0846, 0.0918
1.4850, -0.2413, 1.9435, 0.0156, -0.0861, 0.0916
1.4901, -0.2375, 1.9305, 0.0167, -0.0874, 0.0915
1.4922, -0.2343, 1.9187, 0.0176, -0.0882, 0.0914
1.4926, -0.2295, 1.9135, 0.0187, -0.0886, 0.0913
1.4961, -0.2232, 1.9131, 0.0200, -0.0894, 0.0912
1.5054, -0.2154, 1.9161, 0.0217, -0.0913, 0.0911
1.5208, -0.2053, 1.9245, 0.0237, -0.0941, 0.0909
1.5371, -0.1970, 1.9359, 0.0254, -0.0969, 0.0908
1.5462, -0.1937, 1.9453, 0.0259, -0.0984, 0.0907
1.5454, -0.1943, 1.9509, 0.0257, -0.0980, 0.0907
1.5366, -0.1994, 1.9516, 0.0246, -0.0963, 0.0908
1.5218, -0.2076, 1.9461, 0.0230, -0.0936, 0.0909
1.5050, -0.2145, 1.9354, 0.0215, -0.0907, 0.0910
1.4908, -0.2195, 1.9225, 0.0205, -0.0884, 0.0911
1.4762, -0.2250, 1.9075, 0.0194, -0.0860, 0.0913
1.4574, -0.2333, 1.8923, 0.0177, -0.0829, 0.0914
1.4360, -0.2430, 1.8782, 0.0157, -0.0793, 0.0916
1.4113, -0.2529, 1.8624, 0.0137, -0.0751, 0.0918
1.3807, -0.2653, 1.8446, 0.0111, -0.0698, 0.0921
1.3461, -0.2823, 1.8269, 0.0077, -0.0638, 0.0924
1.3124, -0.3007, 1.8103, 0.0040, -0.0579, 0.0928
1.2837, -0.3155, 1.7958, 0.0011, -0.0528, 0.0931
1.2639, -0.3238, 1.7881, -0.0007, -0.0493, 0.0933
1.2537, -0.3284, 1.7902, -0.0017, -0.0474, 0.0935
1.2478, -0.3352, 1.7964, -0.0032, -0.0462, 0.0936
1.2425, -0.3440, 1.8023, -0.0050, -0.0451, 0.0937
1.2407, -0.3492, 1.8103, -0.0060, -0.0446, 0.0937
1.2458, -0.3480, 1.8222, -0.0059, -0.0453, 0.0937
1.2553, -0.3399, 1.8342, -0.0046, -0.0469, 0.0936
1.2637, -0.3266, 1.8409, -0.0023, -0.0484, 0.0934
1.2686, -0.3137, 1.8425, -0.0001, -0.0494, 0.0932
1.2712, -0.3048, 1.8414, 0.0015, -0.0501, 0.0931
1.2717, -0.2962, 1.8395, 0.0031, -0.0503, 0.0929
1.2685, -0.2876, 1.8391, 0.0045, -0.0499, 0.0928
1.2612, -0.2837, 1.8392, 0.0050, -0.0486, 0.0927
1.2514, -0.2853, 1.8383, 0.0045, -0.0468, 0.0926
1.2408, -0.2877, 1.8346, 0.0039, -0.0449, 0.0926
1.2315, -0.2887, 1.8280, 0.0037, -0.0432, 0.0925
1.2231, -0.2889, 1.8204, 0.0036, -0.0416, 0.0924
1.2123, -0.2908, 1.8114, 0.0033, -0.0395, 0.0923
1.1967, -0.2982, 1.7990, 0.0021, -0.0366, 0.0922
1.1802, -0.3075, 1.7838, 0.0005, -0.0334, 0.0922
1.1671, -0.3133, 1.7710, -0.0004, -0.0309, 0.0922
1.1553, -0.3154, 1.7650, -0.0008, -0.0285, 0.0921
1.1448, -0.3156, 1.7663, -0.0009, -0.0261, 0.0919
1.1374, -0.3167, 1.7714, -0.0012, -0.0243, 0.0918
1.1316, -0.3209, 1.7745, -0.0019, -0.0229, 0.0917
1.1278, -0.3272, 1.7777, -0.0030, -0.0218, 0.0916
1.1301, -0.3312, 1.7871, -0.0036, -0.0219, 0.0914
1.1375, -0.3305, 1.8041, -0.0035, -0.0228, 0.0912
1.1447, -0.3281, 1.8241, -0.0031, -0.0236, 0.0910
1.1497, -0.3274, 1.8399, -0.0031, -0.0242, 0.0908
1.1537, -0.3294, 1.8509, -0.0033, -0.0247, 0.0906
1.1552, -0.3319, 1.8594, -0.0037, -0.0249, 0.0905
1.1539, -0.3326, 1.8646, -0.0037, -0.0246, 0.0903
1.1545, -0.3310, 1.8685, -0.0032, -0.0247, 0.0901
1.1614, -0.3258, 1.8756, -0.0019, -0.0258, 0.0898
1.1707, -0.3198, 1.8852, -0.0006, -0.0274, 0.0895
1.1766, -0.3184, 1.8943, -0.0001, -0.0282, 0.0893
1.1780, -0.3197, 1.9011, -0.0002, -0.0283, 0.0893
1.1766, -0.3195, 1.9047, -0.0001, -0.0280, 0.0892
1.1725, -0.3168, 1.9051, 0.0003, -0.0272, 0.0892
1.1644, -0.3135, 1.9021, 0.0009, -0.0258, 0.0892
1.1530, -0.3110, 1.8974, 0.0012, -0.0238, 0.0892
1.1404, -0.3108, 1.8936, 0.0012, -0.0215, 0.0892
1.1267, -0.3141, 1.8884, 0.0006, -0.0190, 0.0892
1.1142, -0.3208, 1.8819, -0.0006, -0.0167, 0.0893
1.1054, -0.3290, 1.8783, -0.0020, -0.0149, 0.0894
1.1000, -0.3354, 1.8787, -0.0033, -0.0136, 0.0896
1.0972, -0.3399, 1.8822, -0.0042, -0.0127, 0.0897
1.0945, -0.3424, 1.8863, -0.0049, -0.0117, 0.0898
1.0903, -0.3416, 1.8900, -0.0050, -0.0105, 0.0898
1.0844, -0.3379, 1.8925, -0.0047, -0.0090, 0.0898
1.0743, -0.3333, 1.8914, -0.0042, -0.0068, 0.0897
1.0592, -0.3307, 1.8867, -0.0040, -0.0038, 0.0897
1.0414, -0.3310, 1.8798, -0.0042, -0.0003, 0.0897
1.0230, -0.3340, 1.8742, -0.0050, 0.0034, 0.0897
1.0045, -0.3379, 1.8736, -0.0058, 0.0071, 0.0897
0.9877, -0.3405, 1.8753, -0.0065, 0.0106, 0.0897
0.9777, -0.3424, 1.8757, -0.0068, 0.0127, 0.0897
0.9751, -0.3437, 1.8763, -0.0068, 0.0133, 0.0896
0.9739, -0.3459, 1.8774, -0.0070, 0.0137, 0.0896
0.9709, -0.3501, 1.8767, -0.0076, 0.0143, 0.0897
0.9683, -0.3541, 1.8761, -0.0082, 0.0147, 0.0898
0.9679, -0.3556, 1.8788, -0.0084, 0.0147, 0.0898
0.9711, -0.3524, 1.8834, -0.0079, 0.0141, 0.0898
0.9815, -0.3438, 1.8891, -0.0063, 0.0121, 0.0898
0.9998, -0.3325, 1.8954, -0.0042, 0.0086, 0.0896
1.0215, -0.3215, 1.8996, -0.0020, 0.0045, 0.0895
1.0438, -0.3099, 1.9020, 0.0003, 0.0002, 0.0895
1.0668, -0.2990, 1.9045, 0.0024, -0.0043, 0.0894
1.0887, -0.2907, 1.9057, 0.0041, -0.0086, 0.0894
1.1052, -0.2875, 1.9026, 0.0049, -0.0119, 0.0895
1.1159, -0.2901, 1.8951, 0.0046, -0.0142, 0.0897
1.1250, -0.2924, 1.8866, 0.0043, -0.0163, 0.0899
1.1311, -0.2932, 1.8772, 0.0042, -0.0179, 0.0902
1.1308, -0.2978, 1.8669, 0.0032, -0.0183, 0.0905
1.1264, -0.3062, 1.8571, 0.0015, -0.0180, 0.0910
1.1218, -0.3128, 1.8477, 0.0001, -0.0176, 0.0914
1.1182, -0.3159, 1.8392, -0.0008, -0.0175, 0.0917
1.1157, -0.3164, 1.8330, -0.0012, -0.0175, 0.0920
1.1148, -0.3169, 1.8297, -0.0017, -0.0177, 0.0922
1.1145, -0.3209, 1.8294, -0.0028, -0.0179, 0.0924
1.1163, -0.3284, 1.8320, -0.0045, -0.0185, 0.0927
1.1209, -0.3364, 1.8350, -0.0062, -0.0195, 0.0929
1.1254, -0.3412, 1.8355, -0.0073, -0.0206, 0.0931
1.1293, -0.3414, 1.8332, -0.0075, -0.0217, 0.0932
1.1323, -0.3396, 1.8285, -0.0074, -0.0227, 0.0933
1.1343, -0.3405, 1.8217, -0.0075, -0.0236, 0.0933
1.1371, -0.3424, 1.8167, -0.0078, -0.0246, 0.0933
1.1426, -0.3420, 1.8164, -0.0076, -0.0260, 0.0932
1.1516, -0.3386, 1.8208, -0.0070, -0.0280, 0.0930
1.1634, -0.3340, 1.8301, -0.0061, -0.0303, 0.0928
1.1758, -0.3308, 1.8408, -0.0055, -0.0326, 0.0927
1.1879, -0.3278, 1.8479, -0.0048, -0.0350, 0.0925
1.1976, -0.3225, 1.8514, -0.0037, -0.0370, 0.0923
1.2045, -0.3139, 1.8537, -0.0021, -0.0386, 0.0922
1.2113, -0.3043, 1.8547, -0.0004, -0.0401, 0.0920
1.2160, -0.2964, 1.8546, 0.0011, -0.0412, 0.0918
1.2181, -0.2889, 1.8564, 0.0024, -0.0418, 0.0917
1.2191, -0.2818, 1.8599, 0.0036, -0.0421, 0.0916
1.2194, -0.2762, 1.8638, 0.0046, -0.0423, 0.0915
1.2200, -0.2726, 1.8674, 0.0052, -0.0424, 0.0914
1.2207, -0.2724, 1.8701, 0.0053, -0.0425, 0.0914
1.2203, -0.2760, 1.8712, 0.0046, -0.0424, 0.0914
1.2185, -0.2834, 1.8711, 0.0033, -0.0420, 0.0916
1.2182, -0.2903, 1.8719, 0.0021, -0.0418, 0.0917
1.2216, -0.2910, 1.8737, 0.0020, -0.0422, 0.0918
1.2310, -0.2852, 1.8779, 0.0030, -0.0437, 0.0918
1.2479, -0.2763, 1.8862, 0.0045, -0.0466, 0.0918
1.2685, -0.2680, 1.8949, 0.0060, -0.0501, 0.0918
1.2877, -0.2628, 1.8997, 0.0069, -0.0534, 0.0918
1.3028, -0.2585, 1.9032, 0.0075, -0.0560, 0.0920
1.3126, -0.2530, 1.9084, 0.0081, -0.0577, 0.0921
1.3167, -0.2504, 1.9140, 0.0082, -0.0583, 0.0922
1.3157, -0.2541, 1.9188, 0.0070, -0.0579, 0.0924
1.3119, -0.2607, 1.9216, 0.0054, -0.0571, 0.0926
1.3088, -0.2640, 1.9227, 0.0043, -0.0565, 0.0927
1.3096, -0.2641, 1.9248, 0.0039, -0.0567, 0.0928
1.3166, -0.2646, 1.9305, 0.0033, -0.0579, 0.0929
1.3280, -0.2654, 1.9380, 0.0028, -0.0599, 0.0930
1.3394, -0.2677, 1.9434, 0.0022, -0.0620, 0.0931
1.3467, -0.2715, 1.9460, 0.0014, -0.0633, 0.0932
1.3454, -0.2755, 1.9458, 0.0004, -0.0632, 0.0934
1.3371, -0.2794, 1.9431, -0.0005, -0.0618, 0.0936
1.3263, -0.2827, 1.9385, -0.0012, -0.0600, 0.0937
1.3150, -0.2850, 1.9312, -0.0017, -0.0582, 0.0937
1.3043, -0.2855, 1.9206, -0.0017, -0.0565, 0.0938
1.2966, -0.2864, 1.9107, -0.0016, -0.0554, 0.0938
1.2934, -0.2910, 1.9044, -0.0021, -0.0550, 0.0938
1.2930, -0.2992, 1.8985, -0.0032, -0.0551, 0.0938
1.2916, -0.3094, 1.8906, -0.0045, -0.0551, 0.0938
1.2863, -0.3199, 1.8800, -0.0059, -0.0544, 0.0939
1.2775, -0.3313, 1.8685, -0.0075, -0.0532, 0.0939
1.2690, -0.3424, 1.8610, -0.0092, -0.0520, 0.0939
1.2617, -0.3512, 1.8577, -0.0106, -0.0509, 0.0938
1.2523, -0.3597, 1.8530, -0.0119, -0.0496, 0.0938
1.2400, -0.3698, 1.8462, -0.0136, -0.0477, 0.0937
1.2268, -0.3817, 1.8385, -0.0156, -0.0456, 0.0937
1.2140, -0.3947, 1.8298, -0.0179, -0.0437, 0.0938
1.2046, -0.4075, 1.8223, -0.0201, -0.0423, 0.0939
1.1986, -0.4201, 1.8169, -0.0221, -0.0415, 0.0939
1.1936, -0.4319, 1.8121, -0.0240, -0.0409, 0.0939
1.1901, -0.4419, 1.8066, -0.0256, -0.0406, 0.0939
1.1863, -0.4519, 1.7999, -0.0271, -0.0402, 0.0939
1.1807, -0.4625, 1.7921, -0.0288, -0.0396, 0.0939
1.1744, -0.4721, 1.7834, -0.0304, -0.0388, 0.0939
1.1692, -0.4801, 1.7745, -0.0318, -0.0382, 0.0940
1.1686, -0.4845, 1.7686, -0.0325, -0.0384, 0.0941
1.1746, -0.4833, 1.7679, -0.0324, -0.0398, 0.0941
1.1833, -0.4771, 1.7725, -0.0314, -0.0415, 0.0940
1.1891, -0.4675, 1.7799, -0.0299, -0.0427, 0.0939
1.1930, -0.4571, 1.7859, -0.0283, -0.0435, 0.0939
1.1950, -0.4518, 1.7873, -0.0273, -0.0440, 0.0938
1.1948, -0.4517, 1.7855, -0.0272, -0.0441, 0.0938
1.1924, -0.4542, 1.7826, -0.0274, -0.0438, 0.0938
1.1860, -0.4602, 1.7758, -0.0282, -0.0427, 0.0937
1.1766, -0.4682, 1.7631, -0.0291, -0.0412, 0.0937
1.1692, -0.4731, 1.7483, -0.0294, -0.0401, 0.0935
1.1656, -0.4719, 1.7372, -0.0286, -0.0396, 0.0931
1.1623, -0.4656, 1.7279, -0.0268, -0.0390, 0.0927
1.1585, -0.4568, 1.7180, -0.0245, -0.0384, 0.0921
1.1538, -0.4478, 1.7074, -0.0221, -0.0377, 0.0915
1.1481, -0.4411, 1.6954, -0.0200, -0.0368, 0.0909
1.1458, -0.4357, 1.6850, -0.0179, -0.0366, 0.0902
1.1488, -0.4275, 1.6779, -0.0153, -0.0373, 0.0895
1.1536, -0.4167, 1.6732, -0.0121, -0.0384, 0.0887
1.1582, -0.4071, 1.6693, -0.0092, -0.0394, 0.0878
1.1662, -0.3993, 1.6693, -0.0065, -0.0410, 0.0870
1.1796, -0.3901, 1.6758, -0.0037, -0.0435, 0.0862
1.1955, -0.3784, 1.6847, -0.0006, -0.0463, 0.0854
1.2095, -0.3665, 1.6915, 0.0025, -0.0489, 0.0846
1.2198, -0.3574, 1.6958, 0.0050, -0.0509, 0.0840
1.2277, -0.3514, 1.6991, 0.0069, -0.0524, 0.0834
1.2330, -0.3459, 1.7012, 0.0087, -0.0536, 0.0829
1.2341, -0.3401, 1.6986, 0.0104, -0.0540, 0.0825
1.2281, -0.3372, 1.6867, 0.0115, -0.0532, 0.0821
1.2160, -0.3378, 1.6695, 0.0120, -0.0515, 0.0819
1.2030, -0.3351, 1.6530, 0.0128, -0.0495, 0.0817
1.1907, -0.3247, 1.6360, 0.0149, -0.0477, 0.0815
1.1782, -0.3125, 1.6196, 0.0171, -0.0460, 0.0814
1.1629, -0.3051, 1.6030, 0.0183, -0.0437, 0.0815
1.1453, -0.3015, 1.5841, 0.0189, -0.0410, 0.0816
1.1303, -0.2973, 1.5676, 0.0194, -0.0388, 0.0817
1.1192, -0.2922, 1.5550, 0.0200, -0.0372, 0.0819
1.1119, -0.2866, 1.5460, 0.0206, -0.0363, 0.0821
1.1089, -0.2802, 1.5424, 0.0213, -0.0361, 0.0823
1.1094, -0.2765, 1.5421, 0.0214, -0.0365, 0.0826
1.1154, -0.2743, 1.5449, 0.0213, -0.0378, 0.0829
1.1273, -0.2699, 1.5526, 0.0214, -0.0402, 0.0832
1.1423, -0.2654, 1.5610, 0.0217, -0.0430, 0.0835
1.1581, -0.2631, 1.5679, 0.0215, -0.0461, 0.0839
1.1719, -0.2627, 1.5721, 0.0209, -0.0489, 0.0844
1.1816, -0.2646, 1.5698, 0.0200, -0.0510, 0.0850
1.1850, -0.2709, 1.5611, 0.0184, -0.0521, 0.0856
1.1800, -0.2804, 1.5504, 0.0162, -0.0516, 0.0862
1.1689, -0.2885, 1.5400, 0.0142, -0.0500, 0.0868
1.1581, -0.2943, 1.5314, 0.0125, -0.0484, 0.0873
1.1521, -0.2977, 1.5268, 0.0113, -0.0476, 0.0878
1.1498, -0.2996, 1.5262, 0.0105, -0.0473, 0.0882
1.1480, -0.3047, 1.5276, 0.0092, -0.0471, 0.0886
1.1453, -0.3139, 1.5307, 0.0071, -0.0466, 0.0890
1.1429, -0.3235, 1.5338, 0.0050, -0.0461, 0.0893
1.1403, -0.3303, 1.5342, 0.0036, -0.0455, 0.0894
1.1348, -0.3323, 1.5336, 0.0030, -0.0445, 0.0895
1.1253, -0.3322, 1.5305, 0.0029, -0.0429, 0.0896
1.1127, -0.3322, 1.5256, 0.0028, -0.0406, 0.0895
1.1009, -0.3305, 1.5247, 0.0031, -0.0384, 0.0893
1.0942, -0.3270, 1.5307, 0.0039, -0.0370, 0.0890
1.0914, -0.3245, 1.5405, 0.0046, -0.0362, 0.0886
1.0877, -0.3241, 1.5493, 0.0050, -0.0351, 0.0882
1.0805, -0.3257, 1.5556, 0.0052, -0.0335, 0.0877
1.0692, -0.3287, 1.5582, 0.0051, -0.0312, 0.0872
1.0541, -0.3314, 1.5579, 0.0052, -0.0282, 0.0866
1.0380, -0.3341, 1.5568, 0.0052, -0.0251, 0.0861
1.0226, -0.3384, 1.5555, 0.0049, -0.0221, 0.0855
1.0089, -0.3437, 1.5539, 0.0046, -0.0194, 0.0849
1.0011, -0.3471, 1.5527, 0.0048, -0.0178, 0.0843
1.0008, -0.3465, 1.5520, 0.0059, -0.0176, 0.0836
1.0024, -0.3445, 1.5489, 0.0072, -0.0179, 0.0829
1.0022, -0.3446, 1.5427, 0.0082, -0.0179, 0.0822
1.0032, -0.3448, 1.5375, 0.0092, -0.0181, 0.0815
1.0103, -0.3426, 1.5389, 0.0105, -0.0193, 0.0809
1.0263, -0.3394, 1.5496, 0.0119, -0.0219, 0.0802
1.0509, -0.3355, 1.5683, 0.0134, -0.0259, 0.0795
1.0831, -0.3296, 1.5928, 0.0153, -0.0311, 0.0789
1.1203, -0.3212, 1.6184, 0.0175, -0.0373, 0.0784
1.1590, -0.3113, 1.6410, 0.0200, -0.0439, 0.0779
1.1976, -0.3005, 1.6637, 0.0226, -0.0506, 0.0775
1.2350, -0.2877, 1.6886, 0.0254, -0.0570, 0.0770
1.2692, -0.2761, 1.7115, 0.0280, -0.0629, 0.0766
1.3035, -0.2651, 1.7329, 0.0305, -0.0689, 0.0762
1.3425, -0.2492, 1.7581, 0.0338, -0.0757, 0.0758
1.3822, -0.2305, 1.7852, 0.0374, -0.0825, 0.0754
1.4165, -0.2139, 1.8063, 0.0408, -0.0885, 0.0750
1.4446, -0.1986, 1.8192, 0.0438, -0.0935, 0.0746
1.4697, -0.1845, 1.8301, 0.0467, -0.0979, 0.0742
1.4938, -0.1728, 1.8437, 0.0490, -0.1020, 0.0739
1.5171, -0.1628, 1.8575, 0.0510, -0.1059, 0.0735
1.5395, -0.1551, 1.8705, 0.0527, -0.1097, 0.0731
1.5630, -0.1502, 1.8839, 0.0540, -0.1136, 0.0727
1.5889, -0.1446, 1.8966, 0.0555, -0.1180, 0.0723
1.6144, -0.1386, 1.9074, 0.0572, -0.1225, 0.0719
1.6344, -0.1358, 1.9150, 0.0582, -0.1260, 0.0715
1.6463, -0.1359, 1.9186, 0.0588, -0.1281, 0.0712
1.6545, -0.1359, 1.9192, 0.0593, -0.1297, 0.0709
1.6663, -0.1334, 1.9215, 0.0603, -0.1319, 0.0707
1.6856, -0.1285, 1.9305, 0.0617, -0.1354, 0.0706
1.7132, -0.1234, 1.9469, 0.0632, -0.1402, 0.0704
1.7452, -0.1180, 1.9671, 0.0647, -0.1457, 0.0703
1.7750, -0.1117, 1.9851, 0.0664, -0.1509, 0.0702
1.7963, -0.1069, 1.9965, 0.0678, -0.1547, 0.0702
1.8074, -0.1045, 2.0019, 0.0687, -0.1568, 0.0702
1.8110, -0.1032, 2.0047, 0.0691, -0.1575, 0.0704
1.8103, -0.1043, 2.0066, 0.0691, -0.1574, 0.0706
1.8082, -0.1087, 2.0088, 0.0684, -0.1569, 0.0708
1.8041, -0.1123, 2.0106, 0.0678, -0.1562, 0.0711
1.7971, -0.1129, 2.0085, 0.0676, -0.1549, 0.0714
1.7897, -0.1111, 2.0031, 0.0679, -0.1536, 0.0717
1.7834, -0.1061, 1.9983, 0.0686, -0.1526, 0.0719
1.7793, -0.0985, 1.9959, 0.0698, -0.1519, 0.0720
1.7772, -0.0913, 1.9957, 0.0710, -0.1515, 0.0721
1.7718, -0.0888, 1.9935, 0.0714, -0.1505, 0.0722
1.7594, -0.0917, 1.9852, 0.0709, -0.1484, 0.0723
1.7465, -0.0949, 1.9764, 0.0702, -0.1461, 0.0725
1.7389, -0.0970, 1.9724, 0.0698, -0.1447, 0.0725
1.7326, -0.1012, 1.9701, 0.0690, -0.1435, 0.0726
1.7258, -0.1061, 1.9675, 0.0682, -0.1423, 0.0727
1.7195, -0.1098, 1.9625, 0.0676, -0.1412, 0.0727
1.7126, -0.1150, 1.9546, 0.0669, -0.1400, 0.0728
1.7044, -0.1225, 1.9452, 0.0658, -0.1387, 0.0728
1.6933, -0.1301, 1.9329, 0.0648, -0.1369, 0.0729
1.6813, -0.1359, 1.9168, 0.0640, -0.1351, 0.0729
1.6719, -0.1390, 1.9004, 0.0638, -0.1337, 0.0729
1.6671, -0.1396, 1.8872, 0.0640, -0.1332, 0.0729
1.6685, -0.1381, 1.8776, 0.0647, -0.1338, 0.0729
1.6746, -0.1332, 1.8722, 0.0658, -0.1351, 0.0728
1.6823, -0.1267, 1.8701, 0.0672, -0.1367, 0.0728
1.6890, -0.1225, 1.8689, 0.0680, -0.1381, 0.0728
1.6935, -0.1194, 1.8679, 0.0687, -0.1391, 0.0728
1.6978, -0.1147, 1.8702, 0.0695, -0.1400, 0.0728
1.7057, -0.1074, 1.8776, 0.0707, -0.1415, 0.0727
1.7170, -0.0975, 1.8864, 0.0724, -0.1436, 0.0727
1.7281, -0.0848, 1.8936, 0.0745, -0.1457, 0.0726
1.7374, -0.0697, 1.8995, 0.0770, -0.1475, 0.0726
1.7421, -0.0575, 1.9029, 0.0790, -0.1486, 0.0726
1.7404, -0.0535, 1.9016, 0.0795, -0.1484, 0.0727
1.7343, -0.0563, 1.8961, 0.0789, -0.1475, 0.0728
1.7254, -0.0610, 1.8877, 0.0780, -0.1461, 0.0730
1.7177, -0.0642, 1.8799, 0.0774, -0.1449, 0.0730
1.7167, -0.0646, 1.8764, 0.0774, -0.1448, 0.0730
1.7219, -0.0633, 1.8769, 0.0777, -0.1458, 0.0729
1.7288, -0.0608, 1.8782, 0.0782, -0.1471, 0.0728
1.7352, -0.0582, 1.8775, 0.0788, -0.1483, 0.0727
1.7423, -0.0565, 1.8768, 0.0793, -0.1497, 0.0726
1.7501, -0.0551, 1.8765, 0.0798, -0.1512, 0.0725
1.7582, -0.0532, 1.8759, 0.0803, -0.1527, 0.0723
1.7710, -0.0490, 1.8808, 0.0811, -0.1549, 0.0722
1.7892, -0.0440, 1.8940, 0.0821, -0.1581, 0.0720
1.8049, -0.0405, 1.9106, 0.0826, -0.1607, 0.0719
1.8126, -0.0380, 1.9253, 0.0828, -0.1619, 0.0718
1.8152, -0.0341, 1.9376, 0.0833, -0.1621, 0.0717
1.8181, -0.0270, 1.9484, 0.0843, -0.1625, 0.0715
1.8208, -0.0226, 1.9547, 0.0850, -0.1628, 0.0714
1.8173, -0.0271, 1.9543, 0.0842, -0.1621, 0.0713
1.8057, -0.0375, 1.9501, 0.0823, -0.1599, 0.0714
1.7899, -0.0466, 1.9438, 0.0807, -0.1569, 0.0714
1.7730, -0.0509, 1.9346, 0.0799, -0.1539, 0.0714
1.7544, -0.0532, 1.9259, 0.0793, -0.1505, 0.0715
1.7329, -0.0561, 1.9199, 0.0786, -0.1465, 0.0716
1.7090, -0.0594, 1.9120, 0.0778, -0.1421, 0.0716
1.6828, -0.0655, 1.8991, 0.0766, -0.1375, 0.0717
1.6564, -0.0770, 1.8857, 0.0744, -0.1327, 0.0718
1.6312, -0.0922, 1.8742, 0.0716, -0.1281, 0.0720
1.6075, -0.1085, 1.8628, 0.0686, -0.1238, 0.0722
1.5897, -0.1224, 1.8506, 0.0661, -0.1206, 0.0724
1.5800, -0.1319, 1.8387, 0.0646, -0.1190, 0.0725
1.5739, -0.1398, 1.8286, 0.0633, -0.1179, 0.0725
1.5670, -0.1477, 1.8198, 0.0621, -0.1167, 0.0726
1.5575, -0.1544, 1.8108, 0.0610, -0.1151, 0.0726
1.5446, -0.1610, 1.7992, 0.0598, -0.1130, 0.0727
1.5281, -0.1692, 1.7825, 0.0584, -0.1103, 0.0729
1.5097, -0.1751, 1.7642, 0.0574, -0.1073, 0.0731
1.4921, -0.1745, 1.7499, 0.0574, -0.1045, 0.0732
1.4773, -0.1703, 1.7375, 0.0580, -0.1021, 0.0733
1.4643, -0.1661, 1.7232, 0.0588, -0.1002, 0.0734
1.4499, -0.1624, 1.7056, 0.0595, -0.0980, 0.0735
1.4351, -0.1601, 1.6871, 0.0598, -0.0958, 0.0737
1.4225, -0.1585, 1.6697, 0.0600, -0.0939, 0.0739
1.4100, -0.1568, 1.6524, 0.0601, -0.0921, 0.0742
1.3958, -0.1583, 1.6343, 0.0597, -0.0899, 0.0746
1.3814, -0.1639, 1.6173, 0.0585, -0.0877, 0.0749
1.3726, -0.1697, 1.6066, 0.0573, -0.0863, 0.0752
1.3755, -0.1726, 1.6075, 0.0565, -0.0868, 0.0754
1.3882, -0.1737, 1.6168, 0.0562, -0.0890, 0.0756
1.4024, -0.1751, 1.6263, 0.0557, -0.0916, 0.0758
1.4117, -0.1770, 1.6358, 0.0552, -0.0932, 0.0759
1.4154, -0.1809, 1.6457, 0.0542, -0.0938, 0.0761
1.4157, -0.1887, 1.6531, 0.0525, -0.0938, 0.0762
1.4147, -0.1976, 1.6606, 0.0507, -0.0935, 0.0764
1.4172, -0.2049, 1.6740, 0.0492, -0.0936, 0.0764
1.4270, -0.2094, 1.6917, 0.0482, -0.0950, 0.0765
1.4415, -0.2122, 1.7090, 0.0477, -0.0973, 0.0765
1.4557, -0.2148, 1.7221, 0.0472, -0.0996, 0.0766
1.4667, -0.2161, 1.7305, 0.0471, -0.1014, 0.0766
1.4741, -0.2180, 1.7359, 0.0468, -0.1026, 0.0767
1.4795, -0.2191, 1.7382, 0.0466, -0.1034, 0.0768
1.4829, -0.2167, 1.7398, 0.0470, -0.1040, 0.0768
1.4846, -0.2136, 1.7465, 0.0474, -0.1041, 0.0769
1.4861, -0.2102, 1.7573, 0.0477, -0.1040, 0.0770
1.4885, -0.2051, 1.7685, 0.0484, -0.1042, 0.0770
1.4902, -0.2009, 1.7796, 0.0491, -0.1042, 0.0770
1.4872, -0.1993, 1.7874, 0.0493, -0.1034, 0.0770
1.4764, -0.2002, 1.7905, 0.0491, -0.1012, 0.0770
1.4559, -0.2066, 1.7887, 0.0478, -0.0972, 0.0770
1.4274, -0.2173, 1.7801, 0.0459, -0.0919, 0.0771
1.3977, -0.2245, 1.7670, 0.0446, -0.0865, 0.0771
1.3725, -0.2243, 1.7541, 0.0446, -0.0819, 0.0770
1.3547, -0.2198, 1.7456, 0.0455, -0.0787, 0.0768
1.3425, -0.2157, 1.7403, 0.0463, -0.0764, 0.0766
1.3306, -0.2103, 1.7334, 0.0475, -0.0743, 0.0763
1.3160, -0.2019, 1.7260, 0.0492, -0.0717, 0.0760
1.2990, -0.1947, 1.7198, 0.0506, -0.0687, 0.0757
1.2823, -0.1925, 1.7136, 0.0512, -0.0658, 0.0755
1.2700, -0.1940, 1.7110, 0.0512, -0.0635, 0.0752
1.2667, -0.1948, 1.7163, 0.0514, -0.0627, 0.0750
1.2691, -0.1960, 1.7255, 0.0515, -0.0629, 0.0747
1.2678, -0.1998, 1.7323, 0.0510, -0.0625, 0.0745
1.2612, -0.2076, 1.7360, 0.0499, -0.0611, 0.0743
1.2526, -0.2218, 1.7371, 0.0477, -0.0595, 0.0742
1.2425, -0.2387, 1.7340, 0.0449, -0.0576, 0.0742
1.2281, -0.2527, 1.7263, 0.0426, -0.0550, 0.0742
1.2087, -0.2635, 1.7147, 0.0407, -0.0516, 0.0743
1.1877, -0.2695, 1.7004, 0.0396, -0.0480, 0.0744
1.1711, -0.2697, 1.6863, 0.0394, -0.0453, 0.0745
1.1619, -0.2682, 1.6742, 0.0394, -0.0439, 0.0747
1.1566, -0.2680, 1.6624, 0.0392, -0.0432, 0.0749
1.1528, -0.2688, 1.6532, 0.0389, -0.0427, 0.0751
1.1524, -0.2702, 1.6498, 0.0384, -0.0428, 0.0753
1.1589, -0.2739, 1.6519, 0.0374, -0.0439, 0.0756
1.1730, -0.2808, 1.6595, 0.0360, -0.0463, 0.0760
1.1917, -0.2885, 1.6698, 0.0344, -0.0494, 0.0763
1.2129, -0.2943, 1.6788, 0.0333, -0.0530, 0.0766
1.2373, -0.2987, 1.6867, 0.0325, -0.0571, 0.0769
1.2672, -0.3002, 1.6971, 0.0322, -0.0622, 0.0772
1.3004, -0.2962, 1.7116, 0.0329, -0.0679, 0.0773
1.3297, -0.2890, 1.7277, 0.0340, -0.0729, 0.0774
1.3535, -0.2816, 1.7431, 0.0351, -0.0769, 0.0776
1.3738, -0.2753, 1.7561, 0.0359, -0.0803, 0.0777
1.3922, -0.2696, 1.7678, 0.0367, -0.0834, 0.0779
1.4100, -0.2623, 1.7811, 0.0377, -0.0864, 0.0779
1.4249, -0.2570, 1.7950, 0.0385, -0.0889, 0.0780
1.4334, -0.2555, 1.8065, 0.0385, -0.0902, 0.0780
1.4370, -0.2531, 1.8139, 0.0387, -0.0906, 0.0781
1.4371, -0.2460, 1.8185, 0.0398, -0.0906, 0.0780
1.4341, -0.2375, 1.8214, 0.0411, -0.0900, 0.0780
1.4311, -0.2332, 1.8220, 0.0417, -0.0894, 0.0780
1.4298, -0.2313, 1.8208, 0.0420, -0.0892, 0.0781
1.4278, -0.2287, 1.8193, 0.0424, -0.0888, 0.0781
1.4230, -0.2270, 1.8182, 0.0426, -0.0880, 0.0782
1.4181, -0.2248, 1.8182, 0.0429, -0.0872, 0.0783
1.4161, -0.2220, 1.8198, 0.0433, -0.0868, 0.0783
1.4188, -0.2200, 1.8225, 0.0437, -0.0874, 0.0784
1.4245, -0.2180, 1.8262, 0.0442, -0.0884, 0.0784
1.4280, -0.2158, 1.8301, 0.0446, -0.0891, 0.0784
1.4300, -0.2108, 1.8334, 0.0456, -0.0895, 0.0783
1.4326, -0.2027, 1.8351, 0.0471, -0.0901, 0.0782
1.4339, -0.1968, 1.8364, 0.0481, -0.0905, 0.0782
1.4323, -0.1955, 1.8395, 0.0484, -0.0902, 0.0781
1.4235, -0.1961, 1.8418, 0.0481, -0.0886, 0.0781
1.4053, -0.1977, 1.8385, 0.0476, -0.0853, 0.0780
1.3844, -0.1986, 1.8292, 0.0473, -0.0816, 0.0780
1.3677, -0.1969, 1.8182, 0.0475, -0.0788, 0.0779
1.3547, -0.1947, 1.8086, 0.0478, -0.0765, 0.0778
1.3453, -0.1938, 1.8010, 0.0479, -0.0749, 0.0778
1.3405, -0.1927, 1.7957, 0.0480, -0.0740, 0.0778
1.3397, -0.1907, 1.7925, 0.0482, -0.0737, 0.0778
1.3429, -0.1890, 1.7913, 0.0485, -0.0742, 0.0777
1.3474, -0.1877, 1.7894, 0.0487, -0.0749, 0.0777
1.3474, -0.1882, 1.7830, 0.0486, -0.0749, 0.0778
1.3415, -0.1918, 1.7726, 0.0478, -0.0740, 0.0779
1.3349, -0.1958, 1.7617, 0.0470, -0.0730, 0.0781
1.3339, -0.1973, 1.7530, 0.0468, -0.0730, 0.0782
1.3382, -0.1959, 1.7476, 0.0470, -0.0740, 0.0784
1.3411, -0.1924, 1.7441, 0.0476, -0.0748, 0.0784
1.3411, -0.1889, 1.7422, 0.0481, -0.0750, 0.0785
1.3399, -0.1885, 1.7394, 0.0481, -0.0751, 0.0785
1.3363, -0.1925, 1.7322, 0.0474, -0.0747, 0.0786
1.3315, -0.1996, 1.7231, 0.0462, -0.0742, 0.0787
1.3313, -0.2058, 1.7200, 0.0453, -0.0743, 0.0787
1.3407, -0.2083, 1.7268, 0.0451, -0.0760, 0.0785
1.3563, -0.2080, 1.7398, 0.0454, -0.0786, 0.0784
1.3696, -0.2101, 1.7512, 0.0453, -0.0809, 0.0782
1.3793, -0.2146, 1.7585, 0.0448, -0.0825, 0.0781
1.3876, -0.2177, 1.7628, 0.0446, -0.0840, 0.0780
1.3914, -0.2225, 1.7629, 0.0442, -0.0847, 0.0779
1.3895, -0.2310, 1.7610, 0.0430, -0.0844, 0.0779
1.3853, -0.2405, 1.7601, 0.0416, -0.0836, 0.0779
1.3794, -0.2485, 1.7597, 0.0404, -0.0824, 0.0779
1.3687, -0.2537, 1.7582, 0.0396, -0.0804, 0.0780
1.3510, -0.2591, 1.7539, 0.0387, -0.0772, 0.0780
1.3290, -0.2666, 1.7482, 0.0373, -0.0733, 0.0781
1.3068, -0.2723, 1.7401, 0.0364, -0.0693, 0.0780
1.2832, -0.2749, 1.7272, 0.0362, -0.0652, 0.0779
1.2564, -0.2786, 1.7115, 0.0357, -0.0606, 0.0778
1.2308, -0.2853, 1.6982, 0.0348, -0.0561, 0.0777
1.2129, -0.2900, 1.6921, 0.0342, -0.0528, 0.0775
1.2039, -0.2887, 1.6924, 0.0347, -0.0510, 0.0772
1.1984, -0.2839, 1.6935, 0.0359, -0.0498, 0.0769
1.1914, -0.2807, 1.6914, 0.0368, -0.0485, 0.0766
1.1813, -0.2807, 1.6849, 0.0372, -0.0467, 0.0763
1.1671, -0.2822, 1.6758, 0.0373, -0.0442, 0.0761
1.1469, -0.2856, 1.6653, 0.0370, -0.0406, 0.0759
1.1228, -0.2927, 1.6536, 0.0361, -0.0364, 0.0757
1.0986, -0.3023, 1.6407, 0.0347, -0.0321, 0.0755
1.0761, -0.3120, 1.6248, 0.0333, -0.0282, 0.0754
1.0551, -0.3194, 1.6058, 0.0323, -0.0247, 0.0752
1.0336, -0.3219, 1.5866, 0.0321, -0.0211, 0.0751
1.0148, -0.3210, 1.5712, 0.0324, -0.0181, 0.0750
1.0019, -0.3198, 1.5594, 0.0327, -0.0161, 0.0748
0.9922, -0.3194, 1.5483, 0.0329, -0.0148, 0.0747
0.9851, -0.3198, 1.5382, 0.0329, -0.0139, 0.0747
0.9806, -0.3209, 1.5308, 0.0327, -0.0135, 0.0747
0.9774, -0.3229, 1.5263, 0.0324, -0.0134, 0.0748
0.9748, -0.3247, 1.5234, 0.0320, -0.0133, 0.0750
0.9720, -0.3258, 1.5190, 0.0317, -0.0132, 0.0752
0.9695, -0.3283, 1.5096, 0.0313, -0.0132, 0.0756
0.9684, -0.3336, 1.4974, 0.0304, -0.0135, 0.0759
0.9683, -0.3407, 1.4869, 0.0292, -0.0138, 0.0763
0.9696, -0.3498, 1.4783, 0.0276, -0.0143, 0.0767
0.9736, -0.3590, 1.4727, 0.0260, -0.0152, 0.0771
0.9804, -0.3637, 1.4742, 0.0250, -0.0164, 0.0774
0.9897, -0.3635, 1.4809, 0.0248, -0.0180, 0.0777
0.9988, -0.3623, 1.4859, 0.0247, -0.0196, 0.0779
1.0055, -0.3625, 1.4903, 0.0244, -0.0207, 0.0781
1.0128, -0.3613, 1.4987, 0.0243, -0.0219, 0.0782
1.0231, -0.3563, 1.5092, 0.0249, -0.0236, 0.0782
1.0354, -0.3504, 1.5201, 0.0256, -0.0257, 0.0782
1.0453, -0.3477, 1.5306, 0.0258, -0.0274, 0.0783
1.0512, -0.3466, 1.5351, 0.0257, -0.0284, 0.0784
1.0565, -0.3439, 1.5327, 0.0259, -0.0295, 0.0785
1.0621, -0.3392, 1.5280, 0.0266, -0.0308, 0.0785
1.0651, -0.3350, 1.5238, 0.0272, -0.0316, 0.0785
1.0667, -0.3339, 1.5230, 0.0272, -0.0321, 0.0786
1.0699, -0.3331, 1.5260, 0.0271, -0.0328, 0.0786
1.0732, -0.3297, 1.5300, 0.0275, -0.0335, 0.0786
1.0759, -0.3231, 1.5348, 0.0286, -0.0342, 0.0784
1.0793, -0.3143, 1.5401, 0.0301, -0.0350, 0.0782
1.0854, -0.3064, 1.5469, 0.0315, -0.0362, 0.0780
1.0974, -0.2980, 1.5597, 0.0330, -0.0383, 0.0778
1.1155, -0.2895, 1.5766, 0.0345, -0.0414, 0.0775
1.1375, -0.2846, 1.5939, 0.0355, -0.0452, 0.0773
1.1651, -0.2787, 1.6148, 0.0368, -0.0499, 0.0771
1.2010, -0.2675, 1.6417, 0.0391, -0.0559, 0.0767
1.2442, -0.2541, 1.6714, 0.0418, -0.0633, 0.0764
1.2909, -0.2422, 1.6981, 0.0444, -0.0712, 0.0761
1.3371, -0.2319, 1.7217, 0.0467, -0.0792, 0.0758
1.3802, -0.2223, 1.7434, 0.0489, -0.0866, 0.0756
1.4171, -0.2128, 1.7608, 0.0511, -0.0930, 0.0754
1.4464, -0.2044, 1.7734, 0.0532, -0.0982, 0.0752
1.4709, -0.1970, 1.7843, 0.0551, -0.1025, 0.0750
1.4955, -0.1885, 1.7963, 0.0571, -0.1070, 0.0747
1.5204, -0.1797, 1.8099, 0.0590, -0.1114, 0.0746
1.5426, -0.1725, 1.8239, 0.0604, -0.1154, 0.0744
1.5631, -0.1638, 1.8358, 0.0619, -0.1192, 0.0744
1.5836, -0.1525, 1.8444, 0.0639, -0.1230, 0.0743
1.6052, -0.1414, 1.8531, 0.0659, -0.1271, 0.0743
1.6303, -0.1312, 1.8660, 0.0677, -0.1316, 0.0743
1.6612, -0.1213, 1.8855, 0.0693, -0.1371, 0.0743
1.7001, -0.1105, 1.9125, 0.0710, -0.1438, 0.0743
1.7450, -0.0980, 1.9440, 0.0731, -0.1515, 0.0743
1.7894, -0.0850, 1.9742, 0.0753, -0.1591, 0.0743
1.8260, -0.0758, 2.0004, 0.0768, -0.1654, 0.0743
1.8517, -0.0741, 2.0217, 0.0769, -0.1697, 0.0744
1.8686, -0.0775, 2.0346, 0.0762, -0.1724, 0.0746
1.8837, -0.0803, 2.0404, 0.0758, -0.1751, 0.0748
1.9034, -0.0785, 2.0466, 0.0762, -0.1785, 0.0749
1.9222, -0.0754, 2.0544, 0.0768, -0.1818, 0.0750
1.9328, -0.0752, 2.0623, 0.0767, -0.1835, 0.0752
1.9396, -0.0749, 2.0724, 0.0766, -0.1846, 0.0754
1.9470, -0.0731, 2.0834, 0.0767, -0.1857, 0.0755
1.9541, -0.0735, 2.0924, 0.0764, -0.1868, 0.0757
1.9597, -0.0746, 2.1001, 0.0761, -0.1876, 0.0758
1.9641, -0.0722, 2.1098, 0.0765, -0.1882, 0.0758
1.9665, -0.0688, 2.1225, 0.0770, -0.1884, 0.0757
1.9627, -0.0692, 2.1315, 0.0770, -0.1874, 0.0757
1.9508, -0.0720, 2.1335, 0.0766, -0.1850, 0.0756
1.9337, -0.0743, 2.1325, 0.0763, -0.1818, 0.0754
1.9122, -0.0767, 2.1275, 0.0761, -0.1778, 0.0752
1.8874, -0.0789, 2.1169, 0.0760, -0.1733, 0.0750
1.8629, -0.0790, 2.1030, 0.0763, -0.1690, 0.0747
1.8424, -0.0767, 2.0891, 0.0772, -0.1655, 0.0744
1.8256, -0.0748, 2.0788, 0.0780, -0.1625, 0.0740
1.8097, -0.0761, 2.0732, 0.0782, -0.1596, 0.0736
1.7945, -0.0797, 2.0702, 0.0780, -0.1568, 0.0733
1.7800, -0.0825, 2.0646, 0.0779, -0.1541, 0.0729
1.7665, -0.0833, 2.0548, 0.0783, -0.1518, 0.0726
1.7534, -0.0852, 2.0429, 0.0784, -0.1497, 0.0723
1.7415, -0.0891, 2.0318, 0.0783, -0.1477, 0.0720
1.7333, -0.0930, 2.0235, 0.0781, -0.1464, 0.0717
1.7249, -0.0991, 2.0162, 0.0775, -0.1451, 0.0715
1.7127, -0.1072, 2.0076, 0.0763, -0.1430, 0.0714
1.6991, -0.1128, 1.9965, 0.0755, -0.1408, 0.0713
1.6865, -0.1169, 1.9843, 0.0750, -0.1387, 0.0712
1.6764, -0.1229, 1.9744, 0.0741, -0.1370, 0.0712
1.6717, -0.1285, 1.9696, 0.0732, -0.1362, 0.0712
1.6716, -0.1344, 1.9687, 0.0722, -0.1362, 0.0712
1.6721, -0.1424, 1.9694, 0.0708, -0.1362, 0.0713
1.6743, -0.1470, 1.9727, 0.0698, -0.1365, 0.0714
1.6825, -0.1456, 1.9774, 0.0699, -0.1379, 0.0715
1.6964, -0.1418, 1.9808, 0.0706, -0.1403, 0.0715
1.7152, -0.1349, 1.9840, 0.0720, -0.1437, 0.0715
1.7383, -0.1232, 1.9890, 0.0743, -0.1479, 0.0715
1.7655, -0.1099, 1.9975, 0.0767, -0.1528, 0.0716
1.7956, -0.0969, 2.0106, 0.0790, -0.1581, 0.0716
1.8227, -0.0865, 2.0227, 0.0807, -0.1630, 0.0717
1.8432, -0.0799, 2.0273, 0.0817, -0.1668, 0.0719
1.8586, -0.0759, 2.0271, 0.0822, -0.1697, 0.0722
1.8689, -0.0735, 2.0260, 0.0823, -0.1718, 0.0725
1.8730, -0.0714, 2.0218, 0.0822, -0.1729, 0.0729
1.8733, -0.0715, 2.0145, 0.0818, -0.1733, 0.0733
1.8720, -0.0739, 2.0056, 0.0810, -0.1735, 0.0737
1.8670, -0.0748, 1.9938, 0.0805, -0.1731, 0.0741
1.8584, -0.0732, 1.9811, 0.0803, -0.1721, 0.0746
1.8479, -0.0727, 1.9680, 0.0800, -0.1708, 0.0749
1.8330, -0.0764, 1.9535, 0.0790, -0.1686, 0.0754
1.8122, -0.0838, 1.9399, 0.0771, -0.1653, 0.0759
1.7899, -0.0903, 1.9298, 0.0753, -0.1616, 0.0763
1.7666, -0.0965, 1.9232, 0.0736, -0.1576, 0.0767
1.7400, -0.1037, 1.9180, 0.0717, -0.1529, 0.0771
1.7143, -0.1108, 1.9147, 0.0699, -0.1482, 0.0774
1.6912, -0.1212, 1.9114, 0.0677, -0.1440, 0.0776
1.6648, -0.1368, 1.9022, 0.0647, -0.1392, 0.0779
1.6319, -0.1554, 1.8861, 0.0612, -0.1333, 0.0782
1.5960, -0.1741, 1.8678, 0.0577, -0.1269, 0.0784
1.5578, -0.1915, 1.8502, 0.0543, -0.1201, 0.0786
1.5132, -0.2079, 1.8317, 0.0511, -0.1121, 0.0788
1.4631, -0.2235, 1.8114, 0.0479, -0.1031, 0.0789
1.4139, -0.2380, 1.7914, 0.0450, -0.0943, 0.0790
1.3711, -0.2485, 1.7751, 0.0428, -0.0867, 0.0790
1.3350, -0.2540, 1.7640, 0.0416, -0.0802, 0.0790
1.3054, -0.2552, 1.7564, 0.0412, -0.0749, 0.0789
1.2831, -0.2552, 1.7505, 0.0410, -0.0708, 0.0788
1.2659, -0.2561, 1.7446, 0.0409, -0.0677, 0.0786
1.2504, -0.2553, 1.7372, 0.0411, -0.0649, 0.0784
1.2321, -0.2544, 1.7256, 0.0414, -0.0617, 0.0783
1.2141, -0.2546, 1.7140, 0.0415, -0.0585, 0.0781
1.2024, -0.2544, 1.7093, 0.0416, -0.0563, 0.0780
1.1989, -0.2532, 1.7102, 0.0419, -0.0555, 0.0779
1.2061, -0.2486, 1.7149, 0.0428, -0.0566, 0.0777
1.2222, -0.2416, 1.7229, 0.0443, -0.0592, 0.0775
1.2398, -0.2370, 1.7297, 0.0455, -0.0621, 0.0773
1.2556, -0.2352, 1.7339, 0.0460, -0.0647, 0.0772
1.2721, -0.2321, 1.7385, 0.0468, -0.0674, 0.0772
1.2906, -0.2260, 1.7459, 0.0479, -0.0705, 0.0772
1.3114, -0.2187, 1.7575, 0.0492, -0.0738, 0.0771
1.3334, -0.2124, 1.7746, 0.0501, -0.0772, 0.0772
1.3538, -0.2075, 1.7953, 0.0506, -0.0801, 0.0773
1.3718, -0.2038, 1.8170, 0.0508, -0.0825, 0.0775
1.3866, -0.2001, 1.8369, 0.0508, -0.0843, 0.0777
1.3962, -0.1968, 1.8531, 0.0506, -0.0852, 0.0780
1.4001, -0.1953, 1.8635, 0.0501, -0.0851, 0.0784
1.3983, -0.1945, 1.8684, 0.0494, -0.0841, 0.0787
1.3909, -0.1957, 1.8718, 0.0483, -0.0820, 0.0790
1.3788, -0.2017, 1.8728, 0.0464, -0.0791, 0.0794
1.3647, -0.2116, 1.8692, 0.0441, -0.0760, 0.0798
1.3490, -0.2239, 1.8614, 0.0415, -0.0727, 0.0801
1.3310, -0.2369, 1.8521, 0.0390, -0.0691, 0.0803
1.3118, -0.2481, 1.8463, 0.0368, -0.0653, 0.0805
1.2918, -0.2570, 1.8446, 0.0350, -0.0615, 0.0806
1.2707, -0.2624, 1.8428, 0.0339, -0.0575, 0.0807
1.2477, -0.2675, 1.8370, 0.0329, -0.0534, 0.0808
1.2241, -0.2757, 1.8303, 0.0313, -0.0492, 0.0809
1.2009, -0.2838, 1.8265, 0.0299, -0.0450, 0.0809
1.1783, -0.2896, 1.8255, 0.0289, -0.0409, 0.0808
1.1566, -0.2950, 1.8256, 0.0281, -0.0369, 0.0807
1.1318, -0.3021, 1.8231, 0.0270, -0.0324, 0.0805
1.1005, -0.3125, 1.8174, 0.0253, -0.0268, 0.0804
1.0650, -0.3231, 1.8105, 0.0235, -0.0204, 0.0803
1.0297, -0.3307, 1.8037, 0.0223, -0.0140, 0.0802
0.9981, -0.3354, 1.7971, 0.0215, -0.0082, 0.0801
0.9740, -0.3394, 1.7912, 0.0211, -0.0039, 0.0799
0.9583, -0.3424, 1.7871, 0.0209, -0.0011, 0.0796
0.9480, -0.3410, 1.7824, 0.0216, 0.0007, 0.0793
0.9426, -0.3358, 1.7751, 0.0231, 0.0014, 0.0790
0.9427, -0.3326, 1.7660, 0.0242, 0.0011, 0.0787
0.9486, -0.3312, 1.7575, 0.0252, -0.0003, 0.0785
0.9601, -0.3266, 1.7520, 0.0267, -0.0026, 0.0782
0.9757, -0.3188, 1.7511, 0.0287, -0.0057, 0.0779
0.9952, -0.3100, 1.7547, 0.0307, -0.0095, 0.0776
1.0176, -0.2993, 1.7598, 0.0331, -0.0138, 0.0773
1.0420, -0.2874, 1.7651, 0.0356, -0.0186, 0.0771
1.0707, -0.2767, 1.7731, 0.0378, -0.0242, 0.0769
1.1049, -0.2650, 1.7851, 0.0402, -0.0307, 0.0767
1.1409, -0.2515, 1.7994, 0.0428, -0.0374, 0.0766
1.1738, -0.2395, 1.8109, 0.0450, -0.0438, 0.0764
1.2007, -0.2327, 1.8149, 0.0465, -0.0491, 0.0764
1.2221, -0.2322, 1.8140, 0.0468, -0.0535, 0.0764
1.2427, -0.2325, 1.8142, 0.0470, -0.0578, 0.0764
1.2626, -0.2302, 1.8157, 0.0476, -0.0620, 0.0764
1.2805, -0.2285, 1.8162, 0.0481, -0.0657, 0.0764
1.2995, -0.2289, 1.8172, 0.0482, -0.0697, 0.0765
1.3205, -0.2298, 1.8205, 0.0482, -0.0739, 0.0765
1.3395, -0.2308, 1.8245, 0.0482, -0.0778, 0.0766
1.3537, -0.2321, 1.8267, 0.0482, -0.0807, 0.0767
1.3636, -0.2323, 1.8267, 0.0484, -0.0829, 0.0768
1.3704, -0.2320, 1.8268, 0.0486, -0.0846, 0.0768
1.3766, -0.2317, 1.8317, 0.0488, -0.0859, 0.0768
1.3806, -0.2334, 1.8392, 0.0485, -0.0868, 0.0769
1.3789, -0.2394, 1.8435, 0.0475, -0.0867, 0.0770
1.3748, -0.2459, 1.8449, 0.0464, -0.0861, 0.0771
1.3716, -0.2485, 1.8432, 0.0460, -0.0856, 0.0770
1.3673, -0.2492, 1.8376, 0.0460, -0.0851, 0.0769
1.3578, -0.2532, 1.8262, 0.0455, -0.0836, 0.0768
1.3428, -0.2597, 1.8121, 0.0445, -0.0813, 0.0767
1.3278, -0.2631, 1.8008, 0.0441, -0.0789, 0.0766
1.3143, -0.2619, 1.7895, 0.0444, -0.0769, 0.0765
1.2955, -0.2586, 1.7738, 0.0451, -0.0741, 0.0765
1.2687, -0.2539, 1.7538, 0.0459, -0.0700, 0.0765
1.2386, -0.2459, 1.7309, 0.0471, -0.0653, 0.0765
1.2091, -0.2379, 1.7091, 0.0483, -0.0608, 0.0766
1.1845, -0.2358, 1.6937, 0.0484, -0.0569, 0.0768
1.1665, -0.2405, 1.6859, 0.0472, -0.0539, 0.0770
1.1537, -0.2467, 1.6820, 0.0459, -0.0518, 0.0772
1.1470, -0.2507, 1.6777, 0.0451, -0.0509, 0.0774
1.1474, -0.2538, 1.6711, 0.0444, -0.0514, 0.0776
1.1544, -0.2561, 1.6650, 0.0440, -0.0531, 0.0778
1.1656, -0.2571, 1.6605, 0.0439, -0.0557, 0.0780
1.1788, -0.2567, 1.6565, 0.0440, -0.0586, 0.0782
1.1951, -0.2579, 1.6581, 0.0439, -0.0620, 0.0784
1.2155, -0.2630, 1.6664, 0.0430, -0.0660, 0.0787
1.2370, -0.2708, 1.6757, 0.0417, -0.0701, 0.0789
1.2553, -0.2805, 1.6814, 0.0401, -0.0737, 0.0791
1.2695, -0.2887, 1.6837, 0.0387, -0.0766, 0.0794
1.2810, -0.2935, 1.6853, 0.0377, -0.0791, 0.0796
1.2898, -0.2954, 1.6857, 0.0372, -0.0811, 0.0798
1.2949, -0.2945, 1.6829, 0.0372, -0.0825, 0.0799
1.2975, -0.2919, 1.6760, 0.0375, -0.0834, 0.0801
1.2988, -0.2895, 1.6662, 0.0378, -0.0842, 0.0802
1.2966, -0.2916, 1.6555, 0.0373, -0.0844, 0.0804
1.2914, -0.2957, 1.6456, 0.0364, -0.0839, 0.0805
1.2857, -0.2968, 1.6370, 0.0359, -0.0834, 0.0807
1.2800, -0.2965, 1.6286, 0.0358, -0.0828, 0.0808
1.2739, -0.2953, 1.6193, 0.0359, -0.0821, 0.0809
1.2655, -0.2939, 1.6093, 0.0360, -0.0811, 0.0809
1.2529, -0.2942, 1.5996, 0.0360, -0.0792, 0.0810
1.2367, -0.2958, 1.5896, 0.0356, -0.0766, 0.0810
1.2189, -0.2987, 1.5780, 0.0352, -0.0737, 0.0810
1.2033, -0.3012, 1.5672, 0.0349, -0.0712, 0.0810
1.1899, -0.3016, 1.5604, 0.0350, -0.0690, 0.0809
1.1750, -0.3026, 1.5580, 0.0349, -0.0664, 0.0807
1.1582, -0.3074, 1.5590, 0.0340, -0.0633, 0.0806
1.1404, -0.3173, 1.5598, 0.0322, -0.0601, 0.0805
1.1179, -0.3306, 1.5532, 0.0298, -0.0560, 0.0805
1.0852, -0.3438, 1.5352, 0.0275, -0.0504, 0.0805
1.0439, -0.3559, 1.5079, 0.0253, -0.0434, 0.0806
1.0019, -0.3669, 1.4783, 0.0232, -0.0364, 0.0807
0.9662, -0.3756, 1.4529, 0.0216, -0.0304, 0.0808
0.9391, -0.3811, 1.4327, 0.0206, -0.0258, 0.0807
0.9171, -0.3832, 1.4176, 0.0203, -0.0221, 0.0806
0.8940, -0.3832, 1.4064, 0.0203, -0.0180, 0.0805
0.8682, -0.3855, 1.3949, 0.0197, -0.0135, 0.0805
0.8424, -0.3946, 1.3803, 0.0181, -0.0089, 0.0805
0.8183, -0.4087, 1.3638, 0.0157, -0.0047, 0.0806
0.7973, -0.4194, 1.3476, 0.0139, -0.0010, 0.0806
0.7803, -0.4247, 1.3327, 0.0131, 0.0018, 0.0806
0.7671, -0.4274, 1.3226, 0.0126, 0.0041, 0.0805
0.7586, -0.4281, 1.3177, 0.0124, 0.0056, 0.0804
0.7544, -0.4286, 1.3139, 0.0124, 0.0063, 0.0803
0.7531, -0.4295, 1.3104, 0.0122, 0.0064, 0.0802
0.7534, -0.4296, 1.3087, 0.0122, 0.0063, 0.0802
0.7531, -0.4304, 1.3063, 0.0120, 0.0064, 0.0802
0.7529, -0.4313, 1.3020, 0.0118, 0.0063, 0.0803
0.7595, -0.4307, 1.3021, 0.0119, 0.0051, 0.0803
0.7741, -0.4301, 1.3110, 0.0121, 0.0026, 0.0802
0.7924, -0.4309, 1.3229, 0.0121, -0.0004, 0.0802
0.8102, -0.4305, 1.3306, 0.0123, -0.0035, 0.0801
0.8263, -0.4267, 1.3348, 0.0132, -0.0064, 0.0800
0.8423, -0.4209, 1.3402, 0.0144, -0.0093, 0.0799
0.8594, -0.4152, 1.3481, 0.0155, -0.0123, 0.0798
0.8767, -0.4102, 1.3579, 0.0165, -0.0153, 0.0798
0.8954, -0.4030, 1.3700, 0.0179, -0.0186, 0.0797
0.9187, -0.3910, 1.3840, 0.0203, -0.0226, 0.0794
0.9477, -0.3777, 1.4018, 0.0230, -0.0276, 0.0791
0.9790, -0.3667, 1.4240, 0.0255, -0.0329, 0.0786
1.0070, -0.3588, 1.4463, 0.0274, -0.0375, 0.0782
1.0306, -0.3528, 1.4670, 0.0290, -0.0414, 0.0778
1.0522, -0.3465, 1.4871, 0.0305, -0.0449, 0.0774
1.0741, -0.3383, 1.5080, 0.0323, -0.0484, 0.0771
1.0973, -0.3269, 1.5301, 0.0346, -0.0521, 0.0767
1.1223, -0.3153, 1.5526, 0.0369, -0.0562, 0.0764
1.1477, -0.3043, 1.5725, 0.0392, -0.0603, 0.0762
1.1702, -0.2899, 1.5875, 0.0420, -0.0641, 0.0759
1.1905, -0.2745, 1.5994, 0.0450, -0.0675, 0.0757
1.2102, -0.2640, 1.6103, 0.0472, -0.0709, 0.0755
1.2311, -0.2575, 1.6232, 0.0487, -0.0743, 0.0754
1.2553, -0.2512, 1.6404, 0.0500, -0.0784, 0.0753
1.2806, -0.2432, 1.6589, 0.0515, -0.0825, 0.0752
1.3040, -0.2343, 1.6754, 0.0530, -0.0865, 0.0753
1.3261, -0.2277, 1.6908, 0.0541, -0.0902, 0.0753
1.3504, -0.2232, 1.7084, 0.0550, -0.0942, 0.0754
1.3798, -0.2181, 1.7300, 0.0560, -0.0990, 0.0753
1.4160, -0.2129, 1.7527, 0.0572, -0.1051, 0.0753
1.4578, -0.2071, 1.7735, 0.0584, -0.1122, 0.0754
1.5013, -0.1987, 1.7927, 0.0601, -0.1197, 0.0754
1.5454, -0.1868, 1.8127, 0.0622, -0.1274, 0.0754
1.5906, -0.1728, 1.8351, 0.0645, -0.1354, 0.0755
1.6345, -0.1587, 1.8569, 0.0669, -0.1431, 0.0755
1.6743, -0.1449, 1.8749, 0.0693, -0.1502, 0.0756
1.7137, -0.1291, 1.8934, 0.0720, -0.1573, 0.0756
1.7562, -0.1092, 1.9167, 0.0754, -0.1649, 0.0756
1.7988, -0.0897, 1.9420, 0.0787, -0.1725, 0.0755
1.8373, -0.0756, 1.9658, 0.0811, -0.1793, 0.0755
1.8686, -0.0673, 1.9859, 0.0824, -0.1849, 0.0755
1.8911, -0.0638, 2.0011, 0.0830, -0.1889, 0.0756
1.9068, -0.0630, 2.0128, 0.0831, -0.1917, 0.0756
1.9215, -0.0620, 2.0245, 0.0833, -0.1943, 0.0756
1.9359, -0.0600, 2.0365, 0.0838, -0.1969, 0.0756
1.9448, -0.0566, 2.0446, 0.0844, -0.1985, 0.0756
1.9461, -0.0532, 2.0465, 0.0850, -0.1988, 0.0755
1.9395, -0.0520, 2.0430, 0.0853, -0.1977, 0.0755
1.9242, -0.0558, 2.0344, 0.0847, -0.1952, 0.0755
1.9013, -0.0678, 2.0215, 0.0827, -0.1912, 0.0756
1.8785, -0.0825, 2.0096, 0.0802, -0.1871, 0.0757
1.8621, -0.0956, 2.0004, 0.0782, -0.1842, 0.0758
1.8466, -0.1103, 1.9906, 0.0759, -0.1813, 0.0760
1.8249, -0.1242, 1.9774, 0.0738, -0.1774, 0.0760
1.7981, -0.1318, 1.9602, 0.0727, -0.1728, 0.0760
1.7701, -0.1319, 1.9435, 0.0729, -0.1680, 0.0759
1.7430, -0.1277, 1.9318, 0.0736, -0.1633, 0.0757
1.7188, -0.1235, 1.9242, 0.0743, -0.1590, 0.0756
1.6984, -0.1205, 1.9190, 0.0748, -0.1554, 0.0755
1.6818, -0.1186, 1.9171, 0.0751, -0.1525, 0.0754
1.6701, -0.1172, 1.9175, 0.0752, -0.1504, 0.0753
1.6615, -0.1151, 1.9157, 0.0757, -0.1488, 0.0752
1.6530, -0.1139, 1.9118, 0.0759, -0.1474, 0.0750
1.6449, -0.1169, 1.9066, 0.0754, -0.1460, 0.0749
1.6385, -0.1244, 1.8968, 0.0743, -0.1449, 0.0748
1.6294, -0.1340, 1.8828, 0.0728, -0.1435, 0.0749
1.6171, -0.1426, 1.8692, 0.0713, -0.1415, 0.0750
1.6110, -0.1472, 1.8600, 0.0705, -0.1406, 0.0750
1.6166, -0.1468, 1.8579, 0.0706, -0.1418, 0.0749
1.6317, -0.1423, 1.8622, 0.0715, -0.1446, 0.0748
1.6541, -0.1347, 1.8706, 0.0728, -0.1487, 0.0747
1.6820, -0.1269, 1.8818, 0.0742, -0.1538, 0.0746
1.7100, -0.1211, 1.8927, 0.0753, -0.1589, 0.0747
1.7326, -0.1162, 1.9006, 0.0761, -0.1631, 0.0748
1.7494, -0.1115, 1.9066, 0.0768, -0.1662, 0.0750
1.7643, -0.1090, 1.9136, 0.0770, -0.1689, 0.0752
1.7811, -0.1084, 1.9231, 0.0769, -0.1718, 0.0755
1.8032, -0.1061, 1.9369, 0.0771, -0.1756, 0.0757
1.8272, -0.1000, 1.9519, 0.0779, -0.1797, 0.0759
1.8431, -0.0936, 1.9600, 0.0788, -0.1826, 0.0761
1.8492, -0.0947, 1.9618, 0.0783, -0.1837, 0.0765
1.8496, -0.1043, 1.9608, 0.0762, -0.1838, 0.0770
1.8451, -0.1168, 1.9583, 0.0736, -0.1831, 0.0775
1.8349, -0.1297, 1.9535, 0.0710, -0.1814, 0.0780
1.8197, -0.1418, 1.9448, 0.0685, -0.1788, 0.0784
1.8025, -0.1530, 1.9362, 0.0662, -0.1759, 0.0788
1.7846, -0.1648, 1.9300, 0.0640, -0.1727, 0.0791
1.7640, -0.1767, 1.9201, 0.0617, -0.1691, 0.0793
1.7399, -0.1883, 1.9026, 0.0596, -0.1649, 0.0796
1.7115, -0.2012, 1.8811, 0.0572, -0.1600, 0.0799
1.6803, -0.2135, 1.8594, 0.0549, -0.1546, 0.0800
1.6516, -0.2229, 1.8419, 0.0531, -0.1495, 0.0802
1.6237, -0.2309, 1.8270, 0.0516, -0.1446, 0.0803
1.5882, -0.2413, 1.8070, 0.0497, -0.1383, 0.0804
1.5423, -0.2541, 1.7808, 0.0474, -0.1302, 0.0806
1.4930, -0.2661, 1.7527, 0.0453, -0.1217, 0.0807
1.4481, -0.2755, 1.7284, 0.0437, -0.1138, 0.0808
1.4084, -0.2821, 1.7107, 0.0427, -0.1068, 0.0807
1.3761, -0.2872, 1.6989, 0.0420, -0.1011, 0.0806
1.3499, -0.2907, 1.6891, 0.0416, -0.0964, 0.0804
1.3256, -0.2917, 1.6790, 0.0417, -0.0921, 0.0801
1.3037, -0.2907, 1.6720, 0.0423, -0.0882, 0.0798
1.2823, -0.2899, 1.6674, 0.0427, -0.0844, 0.0795
1.2597, -0.2908, 1.6610, 0.0428, -0.0804, 0.0792
1.2404, -0.2904, 1.6546, 0.0431, -0.0769, 0.0790
1.2273, -0.2866, 1.6511, 0.0440, -0.0745, 0.0787
1.2210, -0.2785, 1.6476, 0.0456, -0.0733, 0.0784
1.2213, -0.2683, 1.6409, 0.0476, -0.0734, 0.0782
1.2262, -0.2595, 1.6328, 0.0494, -0.0744, 0.0781
1.2331, -0.2514, 1.6258, 0.0509, -0.0757, 0.0781
1.2396, -0.2428, 1.6193, 0.0524, -0.0770, 0.0781
1.2471, -0.2350, 1.6157, 0.0536, -0.0784, 0.0782
1.2605, -0.2299, 1.6184, 0.0544, -0.0807, 0.0783
1.2796, -0.2257, 1.6267, 0.0552, -0.0840, 0.0784
1.2980, -0.2201, 1.6380, 0.0560, -0.0870, 0.0784
1.3101, -0.2182, 1.6487, 0.0560, -0.0889, 0.0786
1.3149, -0.2229, 1.6543, 0.0547, -0.0896, 0.0789
1.3154, -0.2304, 1.6553, 0.0529, -0.0895, 0.0792
1.3165, -0.2367, 1.6575, 0.0514, -0.0896, 0.0796
1.3212, -0.2404, 1.6651, 0.0502, -0.0902, 0.0800
1.3272, -0.2442, 1.6776, 0.0490, -0.0910, 0.0803
1.3307, -0.2517, 1.6884, 0.0473, -0.0914, 0.0806
1.3307, -0.2600, 1.6917, 0.0455, -0.0913, 0.0809
1.3281, -0.2645, 1.6896, 0.0445, -0.0909, 0.0812
1.3253, -0.2668, 1.6891, 0.0439, -0.0904, 0.0814
1.3247, -0.2699, 1.6929, 0.0432, -0.0903, 0.0815
1.3255, -0.2730, 1.6995, 0.0427, -0.0903, 0.0815
1.3232, -0.2774, 1.7065, 0.0419, -0.0898, 0.0815
1.3148, -0.2854, 1.7108, 0.0404, -0.0881, 0.0815
1.3006, -0.2958, 1.7112, 0.0386, -0.0855, 0.0815
1.2814, -0.3085, 1.7096, 0.0363, -0.0819, 0.0815
1.2573, -0.3242, 1.7037, 0.0336, -0.0774, 0.0816
1.2306, -0.3393, 1.6901, 0.0311, -0.0726, 0.0816
1.2060, -0.3510, 1.6732, 0.0294, -0.0682, 0.0816
1.1851, -0.3597, 1.6590, 0.0283, -0.0645, 0.0814
1.1654, -0.3656, 1.6472, 0.0275, -0.0609, 0.0813
1.1471, -0.3677, 1.6349, 0.0274, -0.0576, 0.0812
1.1324, -0.3663, 1.6233, 0.0280, -0.0551, 0.0810
1.1191, -0.3626, 1.6134, 0.0289, -0.0528, 0.0808
1.1060, -0.3595, 1.6040, 0.0298, -0.0505, 0.0805
1.0969, -0.3580, 1.5949, 0.0305, -0.0489, 0.0802
1.0937, -0.3557, 1.5876, 0.0314, -0.0484, 0.0800
1.0927, -0.3498, 1.5817, 0.0329, -0.0483, 0.0797
1.0926, -0.3392, 1.5756, 0.0352, -0.0484, 0.0794
1.0949, -0.3283, 1.5713, 0.0374, -0.0489, 0.0791
1.1010, -0.3220, 1.5716, 0.0388, -0.0501, 0.0789
1.1128, -0.3175, 1.5786, 0.0399, -0.0522, 0.0788
1.1254, -0.3146, 1.5898, 0.0404, -0.0544, 0.0787
1.1311, -0.3148, 1.6006, 0.0402, -0.0553, 0.0787
1.1333, -0.3151, 1.6102, 0.0398, -0.0556, 0.0788
1.1386, -0.3134, 1.6173, 0.0399, -0.0565, 0.0789
1.1488, -0.3078, 1.6242, 0.0408, -0.0583, 0.0790
1.1636, -0.3001, 1.6360, 0.0420, -0.0608, 0.0790
1.1833, -0.2952, 1.6513, 0.0426, -0.0642, 0.0791
1.2042, -0.2929, 1.6653, 0.0429, -0.0678, 0.0792
1.2197, -0.2920, 1.6759, 0.0429, -0.0706, 0.0793
1.2288, -0.2914, 1.6834, 0.0427, -0.0722, 0.0794
1.2364, -0.2910, 1.6906, 0.0425, -0.0736, 0.0796
1.2465, -0.2900, 1.6999, 0.0424, -0.0754, 0.0797
1.2609, -0.2881, 1.7121, 0.0425, -0.0779, 0.0798
1.2798, -0.2863, 1.7260, 0.0428, -0.0812, 0.0799
1.2997, -0.2844, 1.7396, 0.0432, -0.0846, 0.0798
1.3176, -0.2835, 1.7522, 0.0435, -0.0877, 0.0798
1.3326, -0.2842, 1.7628, 0.0434, -0.0902, 0.0798
1.3449, -0.2824, 1.7718, 0.0437, -0.0923, 0.0798
1.3538, -0.2764, 1.7806, 0.0447, -0.0939, 0.0798
1.3577, -0.2705, 1.7867, 0.0455, -0.0945, 0.0799
1.3568, -0.2670, 1.7862, 0.0459, -0.0944, 0.0800
1.3511, -0.2636, 1.7805, 0.0464, -0.0936, 0.0801
1.3391, -0.2590, 1.7708, 0.0471, -0.0917, 0.0801
1.3217, -0.2558, 1.7577, 0.0474, -0.0890, 0.0802
1.3016, -0.2555, 1.7440, 0.0473, -0.0857, 0.0803
1.2813, -0.2588, 1.7305, 0.0466, -0.0823, 0.0805
1.2618, -0.2658, 1.7174, 0.0452, -0.0790, 0.0806
1.2386, -0.2770, 1.7040, 0.0431, -0.0750, 0.0809
1.2100, -0.2928, 1.6885, 0.0402, -0.0700, 0.0811
1.1813, -0.3077, 1.6721, 0.0373, -0.0651, 0.0814
1.1564, -0.3161, 1.6565, 0.0357, -0.0608, 0.0816
1.1354, -0.3200, 1.6431, 0.0348, -0.0572, 0.0816
1.1183, -0.3237, 1.6352, 0.0340, -0.0542, 0.0817
1.1058, -0.3298, 1.6330, 0.0327, -0.0518, 0.0817
1.0948, -0.3367, 1.6327, 0.0313, -0.0497, 0.0817
1.0822, -0.3407, 1.6320, 0.0304, -0.0473, 0.0817
1.0689, -0.3414, 1.6319, 0.0299, -0.0448, 0.0817
1.0559, -0.3411, 1.6310, 0.0295, -0.0425, 0.0818
1.0427, -0.3420, 1.6277, 0.0288, -0.0401, 0.0819
1.0276, -0.3453, 1.6219, 0.0278, -0.0374, 0.0821
1.0100, -0.3517, 1.6119, 0.0262, -0.0343, 0.0822
0.9920, -0.3610, 1.5993, 0.0242, -0.0312, 0.0824
0.9727, -0.3697, 1.5865, 0.0222, -0.0279, 0.0826
0.9511, -0.3768, 1.5705, 0.0206, -0.0243, 0.0827
0.9313, -0.3840, 1.5528, 0.0190, -0.0211, 0.0828
0.9159, -0.3917, 1.5400, 0.0175, -0.0186, 0.0829
0.9028, -0.3992, 1.5337, 0.0159, -0.0163, 0.0830
0.8929, -0.4033, 1.5307, 0.0149, -0.0146, 0.0831
0.8879, -0.4031, 1.5283, 0.0148, -0.0137, 0.0831
0.8847, -0.4044, 1.5251, 0.0145, -0.0132, 0.0830
0.8833, -0.4078, 1.5230, 0.0139, -0.0130, 0.0830
0.8872, -0.4081, 1.5239, 0.0139, -0.0136, 0.0829
0.8944, -0.4060, 1.5231, 0.0144, -0.0149, 0.0829
0.8990, -0.4073, 1.5163, 0.0144, -0.0159, 0.0828
0.8992, -0.4122, 1.5056, 0.0139, -0.0162, 0.0827
0.8915, -0.4164, 1.4945, 0.0134, -0.0150, 0.0826
0.8748, -0.4193, 1.4835, 0.0129, -0.0123, 0.0826
0.8557, -0.4220, 1.4736, 0.0123, -0.0091, 0.0826
0.8379, -0.4261, 1.4656, 0.0114, -0.0061, 0.0825
0.8213, -0.4287, 1.4586, 0.0109, -0.0033, 0.0825
0.8067, -0.4276, 1.4518, 0.0111, -0.0008, 0.0823
0.7922, -0.4266, 1.4439, 0.0113, 0.0016, 0.0822
0.7757, -0.4245, 1.4355, 0.0117, 0.0044, 0.0820
0.7590, -0.4231, 1.4265, 0.0120, 0.0072, 0.0819
0.7420, -0.4288, 1.4130, 0.0111, 0.0100, 0.0819
0.7237, -0.4398, 1.3958, 0.0094, 0.0131, 0.0820
0.7083, -0.4510, 1.3792, 0.0076, 0.0156, 0.0821
0.7002, -0.4605, 1.3656, 0.0062, 0.0170, 0.0821
0.6968, -0.4674, 1.3556, 0.0052, 0.0176, 0.0821
0.6939, -0.4709, 1.3486, 0.0047, 0.0181, 0.0821
0.6900, -0.4718, 1.3439, 0.0046, 0.0189, 0.0820
0.6852, -0.4732, 1.3409, 0.0043, 0.0198, 0.0820
0.6816, -0.4763, 1.3388, 0.0038, 0.0206, 0.0819
0.6785, -0.4812, 1.3366, 0.0030, 0.0213, 0.0819
0.6742, -0.4872, 1.3374, 0.0019, 0.0222, 0.0819
0.6708, -0.4912, 1.3438, 0.0010, 0.0230, 0.0820
0.6677, -0.4935, 1.3521, 0.0003, 0.0238, 0.0821
0.6624, -0.4969, 1.3591, -0.0006, 0.0248, 0.0823
0.6583, -0.5003, 1.3674, -0.0016, 0.0257, 0.0825
0.6577, -0.5018, 1.3792, -0.0022, 0.0260, 0.0827
0.6580, -0.5021, 1.3932, -0.0026, 0.0263, 0.0828
0.6587, -0.5027, 1.4082, -0.0031, 0.0265, 0.0830
0.6625, -0.5033, 1.4211, -0.0034, 0.0261, 0.0830
0.6701, -0.5040, 1.4285, -0.0035, 0.0248, 0.0830
0.6832, -0.5037, 1.4342, -0.0032, 0.0225, 0.0829
0.7056, -0.4981, 1.4479, -0.0019, 0.0186, 0.0828
0.7384, -0.4855, 1.4714, 0.0007, 0.0130, 0.0825
0.7802, -0.4667, 1.4980, 0.0044, 0.0057, 0.0821
0.8306, -0.4450, 1.5262, 0.0088, -0.0031, 0.0816
0.8876, -0.4236, 1.5561, 0.0133, -0.0130, 0.0811
0.9452, -0.4011, 1.5867, 0.0179, -0.0231, 0.0805
0.9992, -0.3784, 1.6181, 0.0225, -0.0324, 0.0800
1.0483, -0.3599, 1.6501, 0.0263, -0.0409, 0.0796
1.0910, -0.3455, 1.6820, 0.0293, -0.0481, 0.0792
1.1279, -0.3316, 1.7120, 0.0320, -0.0543, 0.0789
1.1631, -0.3169, 1.7397, 0.0349, -0.0602, 0.0787
1.1987, -0.3020, 1.7650, 0.0379, -0.0662, 0.0784
1.2344, -0.2878, 1.7856, 0.0409, -0.0724, 0.0781
1.2693, -0.2772, 1.8029, 0.0433, -0.0785, 0.0778
1.3030, -0.2687, 1.8205, 0.0451, -0.0843, 0.0776
1.3355, -0.2564, 1.8407, 0.0475, -0.0899, 0.0774
1.3681, -0.2391, 1.8620, 0.0506, -0.0956, 0.0772
1.4012, -0.2201, 1.8799, 0.0541, -0.1014, 0.0770
1.4371, -0.2032, 1.8939, 0.0573, -0.1078, 0.0769
1.4759, -0.1905, 1.9062, 0.0598, -0.1148, 0.0769
1.5136, -0.1813, 1.9184, 0.0617, -0.1214, 0.0769
1.5489, -0.1728, 1.9313, 0.0634, -0.1277, 0.0768
1.5804, -0.1647, 1.9427, 0.0651, -0.1332, 0.0768
1.6081, -0.1602, 1.9547, 0.0660, -0.1381, 0.0768
1.6346, -0.1589, 1.9716, 0.0661, -0.1426, 0.0769
1.6594, -0.1574, 1.9898, 0.0662, -0.1468, 0.0770
1.6799, -0.1555, 2.0049, 0.0663, -0.1502, 0.0772
1.6962, -0.1519, 2.0164, 0.0666, -0.1530, 0.0774
1.7125, -0.1443, 2.0281, 0.0676, -0.1557, 0.0776
1.7330, -0.1358, 2.0424, 0.0687, -0.1592, 0.0777
1.7545, -0.1312, 2.0548, 0.0693, -0.1629, 0.0779
1.7673, -0.1312, 2.0589, 0.0691, -0.1652, 0.0781
1.7682, -0.1352, 2.0557, 0.0682, -0.1655, 0.0784
1.7591, -0.1450, 2.0477, 0.0663, -0.1641, 0.0787
1.7433, -0.1610, 2.0347, 0.0633, -0.1615, 0.0791
1.7275, -0.1779, 2.0221, 0.0602, -0.1590, 0.0794
1.7157, -0.1910, 2.0165, 0.0578, -0.1570, 0.0798
1.7065, -0.1981, 2.0161, 0.0564, -0.1553, 0.0800
1.6983, -0.2011, 2.0143, 0.0559, -0.1538, 0.0801
1.6887, -0.2043, 2.0095, 0.0553, -0.1521, 0.0803
1.6738, -0.2078, 2.0028, 0.0547, -0.1494, 0.0803
1.6516, -0.2111, 1.9949, 0.0540, -0.1454, 0.0803
1.6259, -0.2145, 1.9862, 0.0534, -0.1408, 0.0803
1.6014, -0.2167, 1.9765, 0.0530, -0.1364, 0.0802
1.5810, -0.2190, 1.9670, 0.0528, -0.1328, 0.0800
1.5674, -0.2217, 1.9594, 0.0526, -0.1303, 0.0798
1.5591, -0.2243, 1.9535, 0.0526, -0.1289, 0.0795
1.5504, -0.2274, 1.9480, 0.0526, -0.1273, 0.0792
1.5374, -0.2317, 1.9421, 0.0523, -0.1251, 0.0789
1.5249, -0.2349, 1.9390, 0.0521, -0.1229, 0.0786
1.5186, -0.2336, 1.9408, 0.0526, -0.1217, 0.0783
1.5170, -0.2300, 1.9441, 0.0534, -0.1213, 0.0780
1.5169, -0.2280, 1.9447, 0.0540, -0.1213, 0.0778
1.5177, -0.2256, 1.9412, 0.0545, -0.1216, 0.0777
1.5191, -0.2191, 1.9358, 0.0557, -0.1221, 0.0777
1.5239, -0.2091, 1.9333, 0.0575, -0.1231, 0.0776
1.5390, -0.1979, 1.9372, 0.0596, -0.1259, 0.0775
1.5638, -0.1852, 1.9433, 0.0619, -0.1305, 0.0774
1.5885, -0.1722, 1.9487, 0.0643, -0.1350, 0.0774
1.6065, -0.1635, 1.9545, 0.0656, -0.1383, 0.0775
1.6183, -0.1603, 1.9597, 0.0658, -0.1405, 0.0778
1.6271, -0.1582, 1.9629, 0.0656, -0.1422, 0.0781
1.6317, -0.1588, 1.9628, 0.0649, -0.1432, 0.0786
1.6304, -0.1656, 1.9582, 0.0630, -0.1432, 0.0792
1.6268, -0.1748, 1.9535, 0.0607, -0.1428, 0.0798
1.6219, -0.1834, 1.9512, 0.0585, -0.1422, 0.0804
1.6125, -0.1957, 1.9456, 0.0555, -0.1408, 0.0811
1.6013, -0.2112, 1.9344, 0.0520, -0.1392, 0.0818
1.5929, -0.2230, 1.9243, 0.0492, -0.1380, 0.0824
1.5859, -0.2299, 1.9197, 0.0471, -0.1370, 0.0830
1.5773, -0.2358, 1.9158, 0.0454, -0.1356, 0.0834
1.5659, -0.2425, 1.9070, 0.0437, -0.1338, 0.0839
1.5532, -0.2500, 1.8943, 0.0420, -0.1318, 0.0842
1.5390, -0.2595, 1.8797, 0.0402, -0.1295, 0.0846
1.5179, -0.2740, 1.8625, 0.0374, -0.1259, 0.0849
1.4920, -0.2909, 1.8461, 0.0343, -0.1214, 0.0852
1.4692, -0.3043, 1.8348, 0.0318, -0.1174, 0.0853
1.4491, -0.3140, 1.8263, 0.0301, -0.1138, 0.0853
1.4241, -0.3243, 1.8159, 0.0283, -0.1093, 0.0853
1.3899, -0.3376, 1.8015, 0.0260, -0.1032, 0.0854
1.3482, -0.3525, 1.7818, 0.0233, -0.0958, 0.0854
1.3013, -0.3674, 1.7570, 0.0208, -0.0876, 0.0854
1.2545, -0.3804, 1.7288, 0.0188, -0.0795, 0.0853
1.2150, -0.3862, 1.7024, 0.0181, -0.0728, 0.0850
1.1825, -0.3863, 1.6808, 0.0186, -0.0672, 0.0847
1.1521, -0.3855, 1.6605, 0.0192, -0.0620, 0.0843
1.1217, -0.3849, 1.6385, 0.0199, -0.0569, 0.0839
1.0908, -0.3854, 1.6163, 0.0204, -0.0517, 0.0835
1.0590, -0.3859, 1.5974, 0.0207, -0.0462, 0.0832
1.0310, -0.3828, 1.5846, 0.0216, -0.0414, 0.0828
1.0116, -0.3768, 1.5782, 0.0230, -0.0380, 0.0824
0.9993, -0.3711, 1.5758, 0.0242, -0.0358, 0.0820
0.9916, -0.3659, 1.5747, 0.0252, -0.0344, 0.0818
0.9883, -0.3618, 1.5752, 0.0260, -0.0339, 0.0817
0.9901, -0.3569, 1.5789, 0.0269, -0.0341, 0.0816
0.9968, -0.3487, 1.5857, 0.0283, -0.0353, 0.0815
1.0097, -0.3407, 1.5963, 0.0297, -0.0375, 0.0815
1.0282, -0.3346, 1.6129, 0.0306, -0.0405, 0.0815
1.0496, -0.3267, 1.6337, 0.0318, -0.0440, 0.0816
1.0718, -0.3167, 1.6519, 0.0334, -0.0477, 0.0816
1.0896, -0.3076, 1.6630, 0.0348, -0.0507, 0.0817
1.0990, -0.3033, 1.6675, 0.0353, -0.0523, 0.0818
1.1050, -0.3054, 1.6697, 0.0345, -0.0533, 0.0821
1.1123, -0.3097, 1.6747, 0.0333, -0.0544, 0.0824
1.1189, -0.3114, 1.6821, 0.0324, -0.0554, 0.0827
1.1222, -0.3122, 1.6890, 0.0316, -0.0558, 0.0830
1.1177, -0.3198, 1.6911, 0.0297, -0.0548, 0.0833
1.1033, -0.3365, 1.6859, 0.0261, -0.0522, 0.0838
1.0862, -0.3545, 1.6779, 0.0223, -0.0491, 0.0843
1.0750, -0.3663, 1.6739, 0.0196, -0.0471, 0.0848
1.0740, -0.3706, 1.6772, 0.0184, -0.0469, 0.0850
1.0785, -0.3700, 1.6852, 0.0182, -0.0477, 0.0851
1.0789, -0.3685, 1.6907, 0.0182, -0.0478, 0.0852
1.0724, -0.3689, 1.6909, 0.0179, -0.0467, 0.0854
1.0613, -0.3720, 1.6878, 0.0172, -0.0448, 0.0855
1.0473, -0.3793, 1.6801, 0.0159, -0.0424, 0.0857
1.0323, -0.3898, 1.6706, 0.0141, -0.0398, 0.0858
1.0180, -0.3994, 1.6627, 0.0126, -0.0372, 0.0859
1.0025, -0.4062, 1.6543, 0.0116, -0.0345, 0.0859
0.9864, -0.4115, 1.6449, 0.0109, -0.0316, 0.0859
0.9714, -0.4150, 1.6343, 0.0107, -0.0289, 0.0858
0.9550, -0.4182, 1.6201, 0.0104, -0.0261, 0.0858
0.9368, -0.4228, 1.6067, 0.0098, -0.0229, 0.0859
0.9223, -0.4258, 1.6040, 0.0095, -0.0202, 0.0859
0.9138, -0.4249, 1.6104, 0.0098, -0.0185, 0.0858
0.9077, -0.4208, 1.6171, 0.0107, -0.0172, 0.0857
0.9036, -0.4154, 1.6231, 0.0119, -0.0164, 0.0855
0.9062, -0.4102, 1.6320, 0.0132, -0.0167, 0.0854
0.9153, -0.4037, 1.6431, 0.0146, -0.0182, 0.0852
0.9266, -0.3951, 1.6535, 0.0164, -0.0202, 0.0850
0.9389, -0.3840, 1.6621, 0.0185, -0.0224, 0.0848
0.9502, -0.3743, 1.6675, 0.0203, -0.0244, 0.0846
0.9565, -0.3722, 1.6686, 0.0208, -0.0256, 0.0845
0.9572, -0.3768, 1.6678, 0.0199, -0.0258, 0.0846
0.9548, -0.3828, 1.6662, 0.0186, -0.0255, 0.0847
0.9524, -0.3880, 1.6610, 0.0175, -0.0252, 0.0849
0.9511, -0.3928, 1.6538, 0.0166, -0.0252, 0.0850
0.9540, -0.3959, 1.6501, 0.0160, -0.0259, 0.0851
0.9630, -0.3947, 1.6494, 0.0162, -0.0276, 0.0851
0.9756, -0.3906, 1.6501, 0.0169, -0.0300, 0.0850
0.9884, -0.3878, 1.6518, 0.0174, -0.0324, 0.0850
1.0004, -0.3865, 1.6547, 0.0175, -0.0346, 0.0850
1.0126, -0.3846, 1.6605, 0.0177, -0.0368, 0.0849
1.0265, -0.3811, 1.6706, 0.0184, -0.0392, 0.0848
1.0441, -0.3747, 1.6845, 0.0195, -0.0423, 0.0846
1.0642, -0.3654, 1.6997, 0.0212, -0.0458, 0.0845
1.0844, -0.3562, 1.7136, 0.0229, -0.0495, 0.0843
1.1036, -0.3485, 1.7245, 0.0244, -0.0530, 0.0841
1.1200, -0.3410, 1.7294, 0.0261, -0.0561, 0.0839
1.1318, -0.3332, 1.7282, 0.0278, -0.0584, 0.0837
1.1392, -0.3276, 1.7252, 0.0291, -0.0600, 0.0834
1.1430, -0.3277, 1.7237, 0.0295, -0.0608, 0.0831
1.1431, -0.3326, 1.7212, 0.0289, -0.0609, 0.0829
1.1407, -0.3365, 1.7165, 0.0285, -0.0606, 0.0828
1.1386, -0.3360, 1.7132, 0.0287, -0.0605, 0.0828
1.1354, -0.3350, 1.7083, 0.0289, -0.0602, 0.0828
1.1268, -0.3387, 1.6962, 0.0284, -0.0590, 0.0829
1.1153, -0.3484, 1.6812, 0.0269, -0.0573, 0.0830
1.1071, -0.3621, 1.6711, 0.0247, -0.0561, 0.0832
1.1018, -0.3741, 1.6663, 0.0226, -0.0552, 0.0833
1.0950, -0.3809, 1.6666, 0.0214, -0.0541, 0.0834
1.0842, -0.3844, 1.6689, 0.0206, -0.0521, 0.0835
1.0694, -0.3862, 1.6680, 0.0201, -0.0496, 0.0836
1.0532, -0.3871, 1.6627, 0.0198, -0.0468, 0.0838
1.0410, -0.3899, 1.6567, 0.0193, -0.0448, 0.0840
1.0355, -0.3954, 1.6524, 0.0183, -0.0439, 0.0843
1.0352, -0.4016, 1.6496, 0.0173, -0.0440, 0.0847
1.0373, -0.4062, 1.6482, 0.0164, -0.0444, 0.0850
1.0383, -0.4100, 1.6469, 0.0156, -0.0446, 0.0852
1.0344, -0.4154, 1.6447, 0.0144, -0.0439, 0.0855
1.0233, -0.4222, 1.6393, 0.0128, -0.0420, 0.0858
1.0092, -0.4267, 1.6324, 0.0116, -0.0396, 0.0860
0.9953, -0.4278, 1.6278, 0.0109, -0.0372, 0.0863
0.9794, -0.4291, 1.6233, 0.0102, -0.0343, 0.0865
0.9635, -0.4310, 1.6187, 0.0094, -0.0315, 0.0868
0.9484, -0.4356, 1.6128, 0.0081, -0.0288, 0.0871
0.9272, -0.4477, 1.5997, 0.0054, -0.0251, 0.0875
0.8978, -0.4657, 1.5761, 0.0018, -0.0201, 0.0880
0.8678, -0.4851, 1.5468, -0.0019, -0.0151, 0.0884
0.8466, -0.5029, 1.5230, -0.0054, -0.0116, 0.0888
0.8341, -0.5171, 1.5075, -0.0081, -0.0095, 0.0891
0.8228, -0.5294, 1.4936, -0.0104, -0.0077, 0.0894
0.8101, -0.5390, 1.4805, -0.0124, -0.0056, 0.0897
0.7959, -0.5438, 1.4687, -0.0135, -0.0032, 0.0900
0.7823, -0.5456, 1.4569, -0.0140, -0.0011, 0.0902
0.7759, -0.5433, 1.4527, -0.0138, -0.0001, 0.0903
0.7768, -0.5370, 1.4578, -0.0128, -0.0003, 0.0902
0.7750, -0.5314, 1.4618, -0.0120, -0.0000, 0.0902
0.7647, -0.5278, 1.4591, -0.0115, 0.0016, 0.0901
0.7481, -0.5238, 1.4516, -0.0110, 0.0044, 0.0901
0.7271, -0.5196, 1.4420, -0.0103, 0.0079, 0.0900
0.7032, -0.5175, 1.4310, -0.0100, 0.0119, 0.0900
0.6802, -0.5178, 1.4179, -0.0101, 0.0158, 0.0899
0.6625, -0.5185, 1.4053, -0.0102, 0.0187, 0.0900
0.6482, -0.5187, 1.3968, -0.0102, 0.0211, 0.0900
0.6324, -0.5204, 1.3891, -0.0105, 0.0239, 0.0900
0.6153, -0.5252, 1.3769, -0.0115, 0.0267, 0.0901
0.5974, -0.5322, 1.3608, -0.0129, 0.0297, 0.0903
0.5752, -0.5424, 1.3411, -0.0150, 0.0333, 0.0906
0.5513, -0.5545, 1.3193, -0.0174, 0.0373, 0.0910
0.5326, -0.5637, 1.3029, -0.0195, 0.0404, 0.0914
0.5201, -0.5701, 1.2934, -0.0210, 0.0426, 0.0917
0.5085, -0.5754, 1.2826, -0.0222, 0.0446, 0.0920
0.4933, -0.5802, 1.2680, -0.0233, 0.0472, 0.0923
0.4733, -0.5875, 1.2545, -0.0250, 0.0506, 0.0927
0.4512, -0.5982, 1.2435, -0.0275, 0.0545, 0.0932
0.4345, -0.6049, 1.2362, -0.0293, 0.0574, 0.0935
0.4302, -0.6015, 1.2365, -0.0291, 0.0581, 0.0937
0.4346, -0.5935, 1.2423, -0.0280, 0.0573, 0.0937
0.4416, -0.5869, 1.2482, -0.0271, 0.0561, 0.0937
0.4540, -0.5814, 1.2533, -0.0262, 0.0538, 0.0938
0.4762, -0.5760, 1.2598, -0.0252, 0.0498, 0.0938
0.5051, -0.5710, 1.2721, -0.0242, 0.0447, 0.0938
0.5335, -0.5656, 1.2895, -0.0231, 0.0398, 0.0937
0.5596, -0.5584, 1.3075, -0.0217, 0.0353, 0.0936
0.5848, -0.5500, 1.3264, -0.0201, 0.0310, 0.0935
0.6100, -0.5429, 1.3481, -0.0186, 0.0267, 0.0932
0.6392, -0.5371, 1.3741, -0.0173, 0.0219, 0.0930
0.6725, -0.5310, 1.4053, -0.0158, 0.0164, 0.0926
0.7088, -0.5252, 1.4404, -0.0144, 0.0104, 0.0922
0.7474, -0.5199, 1.4741, -0.0128, 0.0040, 0.0917
0.7863, -0.5132, 1.5029, -0.0108, -0.0025, 0.0911
0.8265, -0.5046, 1.5276, -0.0083, -0.0094, 0.0904
0.8691, -0.4931, 1.5526, -0.0053, -0.0168, 0.0897
0.9104, -0.4812, 1.5795, -0.0023, -0.0238, 0.0890
0.9451, -0.4730, 1.6037, -0.0001, -0.0297, 0.0883
0.9720, -0.4673, 1.6244, 0.0016, -0.0343, 0.0878
0.9948, -0.4613, 1.6421, 0.0032, -0.0382, 0.0873
1.0178, -0.4539, 1.6588, 0.0052, -0.0421, 0.0867
1.0435, -0.4437, 1.6788, 0.0076, -0.0464, 0.0862
1.0711, -0.4305, 1.7016, 0.0104, -0.0511, 0.0857
1.0984, -0.4161, 1.7231, 0.0134, -0.0557, 0.0852
1.1218, -0.4029, 1.7406, 0.0160, -0.0597, 0.0849
1.1380, -0.3915, 1.7504, 0.0182, -0.0626, 0.0847
1.1490, -0.3799, 1.7517, 0.0203, -0.0647, 0.0845
1.1651, -0.3660, 1.7546, 0.0229, -0.0677, 0.0844
1.1941, -0.3476, 1.7669, 0.0263, -0.0729, 0.0842
1.2334, -0.3263, 1.7855, 0.0302, -0.0798, 0.0839
1.2758, -0.3057, 1.8057, 0.0340, -0.0873, 0.0837
1.3157, -0.2879, 1.8235, 0.0372, -0.0945, 0.0835
1.3520, -0.2740, 1.8381, 0.0397, -0.1011, 0.0834
1.3859, -0.2632, 1.8530, 0.0415, -0.1073, 0.0834
1.4175, -0.2539, 1.8695, 0.0429, -0.1131, 0.0835
1.4464, -0.2469, 1.8861, 0.0439, -0.1184, 0.0836
1.4721, -0.2430, 1.9032, 0.0442, -0.1230, 0.0838
1.4939, -0.2429, 1.9196, 0.0437, -0.1269, 0.0840
1.5106, -0.2466, 1.9321, 0.0426, -0.1299, 0.0844
1.5207, -0.2529, 1.9400, 0.0410, -0.1318, 0.0848
1.5224, -0.2628, 1.9427, 0.0387, -0.1321, 0.0852
1.5183, -0.2730, 1.9399, 0.0363, -0.1316, 0.0857
1.5157, -0.2785, 1.9386, 0.0349, -0.1313, 0.0861
1.5162, -0.2798, 1.9424, 0.0342, -0.1314, 0.0864
1.5172, -0.2768, 1.9487, 0.0343, -0.1316, 0.0865
1.5180, -0.2711, 1.9557, 0.0351, -0.1317, 0.0866
1.5175, -0.2667, 1.9598, 0.0356, -0.1317, 0.0867
1.5153, -0.2657, 1.9600, 0.0357, -0.1314, 0.0868
1.5155, -0.2668, 1.9609, 0.0356, -0.1314, 0.0867
1.5191, -0.2697, 1.9635, 0.0354, -0.1320, 0.0867
1.5207, -0.2740, 1.9660, 0.0348, -0.1322, 0.0866
1.5179, -0.2752, 1.9659, 0.0348, -0.1317, 0.0865
1.5102, -0.2742, 1.9609, 0.0353, -0.1304, 0.0863
1.4989, -0.2754, 1.9521, 0.0354, -0.1286, 0.0862
1.4853, -0.2782, 1.9399, 0.0354, -0.1263, 0.0860
1.4710, -0.2796, 1.9262, 0.0356, -0.1240, 0.0859
1.4586, -0.2782, 1.9138, 0.0362, -0.1221, 0.0858
1.4452, -0.2756, 1.8997, 0.0369, -0.1200, 0.0857
1.4305, -0.2750, 1.8831, 0.0372, -0.1178, 0.0857
1.4171, -0.2763, 1.8680, 0.0371, -0.1158, 0.0857
1.4025, -0.2770, 1.8554, 0.0370, -0.1134, 0.0857
1.3865, -0.2773, 1.8445, 0.0370, -0.1108, 0.0857
1.3753, -0.2777, 1.8378, 0.0372, -0.1090, 0.0856
1.3690, -0.2783, 1.8351, 0.0373, -0.1080, 0.0855
1.3612, -0.2814, 1.8313, 0.0368, -0.1068, 0.0854
1.3505, -0.2864, 1.8246, 0.0360, -0.1051, 0.0854
1.3436, -0.2891, 1.8173, 0.0357, -0.1041, 0.0855
1.3465, -0.2870, 1.8146, 0.0363, -0.1048, 0.0854
1.3574, -0.2804, 1.8176, 0.0376, -0.1070, 0.0853
1.3735, -0.2725, 1.8221, 0.0391, -0.1100, 0.0852
1.3923, -0.2663, 1.8255, 0.0401, -0.1135, 0.0853
1.4108, -0.2627, 1.8268, 0.0407, -0.1169, 0.0854
1.4294, -0.2612, 1.8283, 0.0407, -0.1204, 0.0856
1.4488, -0.2609, 1.8343, 0.0405, -0.1239, 0.0858
1.4662, -0.2624, 1.8425, 0.0398, -0.1269, 0.0862
1.4810, -0.2670, 1.8491, 0.0385, -0.1295, 0.0866
1.4926, -0.2730, 1.8544, 0.0369, -0.1315, 0.0870
1.4994, -0.2789, 1.8583, 0.0353, -0.1327, 0.0875
1.5030, -0.2842, 1.8621, 0.0338, -0.1333, 0.0880
1.5040, -0.2879, 1.8661, 0.0325, -0.1335, 0.0885
1.4988, -0.2916, 1.8655, 0.0312, -0.1325, 0.0890
1.4858, -0.2985, 1.8572, 0.0293, -0.1303, 0.0895
1.4678, -0.3104, 1.8433, 0.0267, -0.1273, 0.0901
1.4480, -0.3235, 1.8285, 0.0241, -0.1239, 0.0906
1.4281, -0.3331, 1.8158, 0.0221, -0.1205, 0.0910
1.4083, -0.3402, 1.8038, 0.0207, -0.1171, 0.0914
1.3884, -0.3485, 1.7911, 0.0191, -0.1137, 0.0917
1.3668, -0.3592, 1.7782, 0.0171, -0.1101, 0.0920
1.3428, -0.3711, 1.7644, 0.0150, -0.1060, 0.0922
1.3174, -0.3819, 1.7502, 0.0132, -0.1017, 0.0924
1.2902, -0.3912, 1.7359, 0.0117, -0.0971, 0.0925
1.2627, -0.4009, 1.7216, 0.0102, -0.0924, 0.0925
1.2367, -0.4114, 1.7085, 0.0087, -0.0879, 0.0924
1.2056, -0.4226, 1.6935, 0.0070, -0.0826, 0.0924
1.1659, -0.4345, 1.6749, 0.0050, -0.0758, 0.0923
1.1267, -0.4461, 1.6582, 0.0030, -0.0690, 0.0922
1.0958, -0.4554, 1.6456, 0.0016, -0.0636, 0.0920
1.0709, -0.4630, 1.6325, 0.0006, -0.0593, 0.0918
1.0461, -0.4703, 1.6182, -0.0004, -0.0550, 0.0917
1.0209, -0.4775, 1.6049, -0.0014, -0.0506, 0.0914
1.0004, -0.4828, 1.5930, -0.0019, -0.0470, 0.0911
0.9863, -0.4848, 1.5826, -0.0019, -0.0446, 0.0908
0.9785, -0.4832, 1.5751, -0.0011, -0.0432, 0.0903
0.9775, -0.4788, 1.5716, 0.0000, -0.0431, 0.0899
0.9791, -0.4759, 1.5707, 0.0009, -0.0433, 0.0894
0.9770, -0.4769, 1.5701, 0.0009, -0.0429, 0.0891
0.9685, -0.4784, 1.5663, 0.0007, -0.0414, 0.0889
0.9569, -0.4773, 1.5592, 0.0009, -0.0394, 0.0887
0.9500, -0.4721, 1.5531, 0.0018, -0.0382, 0.0885
0.9507, -0.4626, 1.5517, 0.0034, -0.0383, 0.0883
0.9567, -0.4510, 1.5557, 0.0054, -0.0394, 0.0880
0.9654, -0.4397, 1.5632, 0.0072, -0.0408, 0.0878
0.9744, -0.4310, 1.5708, 0.0086, -0.0422, 0.0876
0.9827, -0.4238, 1.5745, 0.0096, -0.0437, 0.0875
0.9939, -0.4166, 1.5776, 0.0107, -0.0456, 0.0875
1.0110, -0.4117, 1.5853, 0.0115, -0.0486, 0.0875
1.0303, -0.4101, 1.5956, 0.0117, -0.0519, 0.0876
1.0453, -0.4103, 1.6024, 0.0115, -0.0545, 0.0878
1.0520, -0.4124, 1.6048, 0.0109, -0.0557, 0.0880
1.0526, -0.4153, 1.6056, 0.0101, -0.0558, 0.0882
1.0526, -0.4176, 1.6047, 0.0094, -0.0559, 0.0884
1.0575, -0.4185, 1.6034, 0.0090, -0.0569, 0.0886
1.0655, -0.4178, 1.6024, 0.0090, -0.0584, 0.0888
1.0711, -0.4182, 1.5983, 0.0087, -0.0597, 0.0889
1.0742, -0.4203, 1.5918, 0.0084, -0.0604, 0.0891
1.0763, -0.4196, 1.5863, 0.0087, -0.0610, 0.0891
1.0782, -0.4150, 1.5829, 0.0097, -0.0615, 0.0890
1.0802, -0.4097, 1.5833, 0.0109, -0.0620, 0.0889
1.0823, -0.4063, 1.5859, 0.0118, -0.0623, 0.0887
1.0807, -0.4085, 1.5874, 0.0118, -0.0621, 0.0886
1.0711, -0.4169, 1.5864, 0.0106, -0.0603, 0.0885
1.0540, -0.4272, 1.5834, 0.0089, -0.0573, 0.0885
1.0326, -0.4369, 1.5812, 0.0073, -0.0534, 0.0885
1.0089, -0.4460, 1.5799, 0.0056, -0.0490, 0.0885
0.9845, -0.4542, 1.5763, 0.0042, -0.0446, 0.0885
0.9604, -0.4616, 1.5690, 0.0030, -0.0402, 0.0884
0.9345, -0.4669, 1.5610, 0.0021, -0.0356, 0.0883
0.9066, -0.4695, 1.5549, 0.0016, -0.0305, 0.0881
0.8808, -0.4716, 1.5478, 0.0012, -0.0259, 0.0880
0.8604, -0.4725, 1.5392, 0.0010, -0.0223, 0.0878
0.8457, -0.4697, 1.5327, 0.0014, -0.0198, 0.0877
0.8380, -0.4628, 1.5277, 0.0025, -0.0185, 0.0875
0.8379, -0.4542, 1.5231, 0.0039, -0.0187, 0.0874
0.8433, -0.4468, 1.5212, 0.0051, -0.0198, 0.0873
0.8506, -0.4414, 1.5224, 0.0060, -0.0211, 0.0873
0.8565, -0.4403, 1.5243, 0.0061, -0.0222, 0.0873
0.8603, -0.4461, 1.5268, 0.0050, -0.0228, 0.0874
0.8666, -0.4557, 1.5326, 0.0031, -0.0238, 0.0876
0.8799, -0.4635, 1.5435, 0.0015, -0.0259, 0.0878
0.8978, -0.4656, 1.5576, 0.0010, -0.0289, 0.0880
0.9149, -0.4638, 1.5683, 0.0011, -0.0319, 0.0881
0.9295, -0.4633, 1.5737, 0.0011, -0.0346, 0.0882
0.9444, -0.4638, 1.5811, 0.0010, -0.0373, 0.0884
0.9639, -0.4637, 1.5935, 0.0010, -0.0407, 0.0885
0.9876, -0.4634, 1.6080, 0.0011, -0.0449, 0.0886
1.0108, -0.4629, 1.6220, 0.0014, -0.0489, 0.0886
1.0320, -0.4596, 1.6363, 0.0021, -0.0526, 0.0886
1.0514, -0.4515, 1.6508, 0.0036, -0.0560, 0.0886
1.0695, -0.4425, 1.6629, 0.0054, -0.0592, 0.0885
1.0896, -0.4340, 1.6732, 0.0072, -0.0628, 0.0884
1.1131, -0.4258, 1.6840, 0.0089, -0.0669, 0.0884
1.1333, -0.4192, 1.6925, 0.0103, -0.0705, 0.0884
1.1457, -0.4130, 1.6962, 0.0115, -0.0727, 0.0885
1.1501, -0.4073, 1.6978, 0.0125, -0.0735, 0.0885
1.1476, -0.4029, 1.6990, 0.0131, -0.0731, 0.0886
1.1421, -0.4003, 1.7021, 0.0133, -0.0720, 0.0887
1.1373, -0.3993, 1.7069, 0.0133, -0.0710, 0.0887
1.1323, -0.3979, 1.7082, 0.0135, -0.0701, 0.0888
1.1271, -0.3938, 1.7055, 0.0141, -0.0692, 0.0888
1.1248, -0.3858, 1.7026, 0.0155, -0.0689, 0.0887
1.1222, -0.3787, 1.6994, 0.0168, -0.0685, 0.0886
1.1138, -0.3768, 1.6936, 0.0171, -0.0670, 0.0885
1.1006, -0.3793, 1.6831, 0.0167, -0.0648, 0.0885
1.0843, -0.3857, 1.6681, 0.0156, -0.0621, 0.0885
1.0651, -0.3949, 1.6513, 0.0140, -0.0588, 0.0886
1.0445, -0.4077, 1.6353, 0.0117, -0.0554, 0.0888
1.0263, -0.4203, 1.6243, 0.0093, -0.0522, 0.0890
1.0102, -0.4273, 1.6182, 0.0079, -0.0493, 0.0892
0.9924, -0.4327, 1.6125, 0.0068, -0.0461, 0.0893
0.9731, -0.4414, 1.6051, 0.0050, -0.0426, 0.0895
0.9570, -0.4515, 1.5978, 0.0029, -0.0398, 0.0898
0.9451, -0.4584, 1.5920, 0.0014, -0.0377, 0.0901
0.9346, -0.4597, 1.5868, 0.0009, -0.0359, 0.0903
0.9241, -0.4582, 1.5820, 0.0009, -0.0341, 0.0905
0.9121, -0.4565, 1.5770, 0.0008, -0.0321, 0.0907
0.8958, -0.4557, 1.5704, 0.0005, -0.0294, 0.0910
0.8778, -0.4584, 1.5617, -0.0004, -0.0264, 0.0913
0.8638, -0.4650, 1.5518, -0.0019, -0.0240, 0.0916
