-0.1076, 0.1416, 0.4792, 0.4660, 1.0974, -0.1630
-0.1067, 0.1430, 0.4784, 0.4642, 1.0960, -0.1673
-0.1053, 0.1455, 0.4770, 0.4610, 1.0933, -0.1742
-0.1044, 0.1482, 0.4769, 0.4590, 1.0937, -0.1812
-0.1038, 0.1505, 0.4773, 0.4578, 1.0952, -0.1871
-0.1027, 0.1526, 0.4763, 0.4553, 1.0933, -0.1928
-0.1014, 0.1541, 0.4738, 0.4517, 1.0881, -0.1973
-0.1001, 0.1546, 0.4709, 0.4483, 1.0817, -0.1993
-0.0988, 0.1547, 0.4676, 0.4448, 1.0744, -0.2005
-0.0971, 0.1550, 0.4636, 0.4405, 1.0658, -0.2024
-0.0955, 0.1552, 0.4598, 0.4364, 1.0575, -0.2044
-0.0939, 0.1555, 0.4564, 0.4326, 1.0501, -0.2064
-0.0920, 0.1558, 0.4520, 0.4277, 1.0404, -0.2088
-0.0901, 0.1555, 0.4473, 0.4230, 1.0300, -0.2097
-0.0890, 0.1545, 0.4450, 0.4214, 1.0249, -0.2086
-0.0888, 0.1533, 0.4462, 0.4238, 1.0273, -0.2062
-0.0889, 0.1523, 0.4484, 0.4274, 1.0323, -0.2041
-0.0889, 0.1515, 0.4501, 0.4302, 1.0364, -0.2028
-0.0891, 0.1505, 0.4523, 0.4336, 1.0413, -0.2007
-0.0897, 0.1486, 0.4546, 0.4376, 1.0462, -0.1961
-0.0907, 0.1456, 0.4561, 0.4416, 1.0493, -0.1885
-0.0919, 0.1424, 0.4577, 0.4457, 1.0524, -0.1802
-0.0931, 0.1397, 0.4595, 0.4496, 1.0561, -0.1732
-0.0936, 0.1379, 0.4596, 0.4511, 1.0562, -0.1686
-0.0934, 0.1366, 0.4575, 0.4495, 1.0513, -0.1660
-0.0930, 0.1355, 0.4551, 0.4476, 1.0456, -0.1640
-0.0931, 0.1341, 0.4543, 0.4478, 1.0435, -0.1608
-0.0933, 0.1329, 0.4538, 0.4483, 1.0422, -0.1579
-0.0929, 0.1325, 0.4522, 0.4468, 1.0384, -0.1576
-0.0924, 0.1326, 0.4507, 0.4451, 1.0349, -0.1584
-0.0922, 0.1322, 0.4498, 0.4446, 1.0329, -0.1577
-0.0923, 0.1312, 0.4493, 0.4448, 1.0315, -0.1554
-0.0928, 0.1303, 0.4503, 0.4465, 1.0336, -0.1533
-0.0938, 0.1297, 0.4528, 0.4498, 1.0392, -0.1513
-0.0949, 0.1290, 0.4554, 0.4530, 1.0448, -0.1491
-0.0957, 0.1285, 0.4567, 0.4547, 1.0479, -0.1474
-0.0957, 0.1283, 0.4563, 0.4543, 1.0469, -0.1472
-0.0952, 0.1283, 0.4543, 0.4520, 1.0424, -0.1476
-0.0944, 0.1286, 0.4518, 0.4489, 1.0368, -0.1493
-0.0936, 0.1293, 0.4494, 0.4457, 1.0317, -0.1520
-0.0927, 0.1302, 0.4474, 0.4429, 1.0274, -0.1549
-0.0917, 0.1317, 0.4461, 0.4404, 1.0248, -0.1595
-0.0908, 0.1335, 0.4458, 0.4388, 1.0245, -0.1649
-0.0899, 0.1350, 0.4452, 0.4371, 1.0236, -0.1695
-0.0885, 0.1363, 0.4427, 0.4335, 1.0183, -0.1741
-0.0867, 0.1374, 0.4390, 0.4286, 1.0100, -0.1783
-0.0852, 0.1377, 0.4353, 0.4242, 1.0017, -0.1805
-0.0842, 0.1378, 0.4324, 0.4206, 0.9952, -0.1818
-0.0835, 0.1385, 0.4302, 0.4176, 0.9905, -0.1841
-0.0830, 0.1390, 0.4290, 0.4156, 0.9879, -0.1859
-0.0828, 0.1389, 0.4287, 0.4151, 0.9871, -0.1860
-0.0823, 0.1379, 0.4276, 0.4146, 0.9846, -0.1843
-0.0817, 0.1364, 0.4262, 0.4142, 0.9810, -0.1813
-0.0814, 0.1353, 0.4259, 0.4147, 0.9802, -0.1792
-0.0808, 0.1355, 0.4260, 0.4146, 0.9804, -0.1804
-0.0796, 0.1365, 0.4251, 0.4130, 0.9787, -0.1840
-0.0781, 0.1374, 0.4235, 0.4108, 0.9754, -0.1875
-0.0767, 0.1377, 0.4220, 0.4092, 0.9722, -0.1893
-0.0760, 0.1372, 0.4215, 0.4091, 0.9711, -0.1890
-0.0757, 0.1369, 0.4223, 0.4103, 0.9728, -0.1886
-0.0754, 0.1370, 0.4232, 0.4115, 0.9750, -0.1890
-0.0750, 0.1372, 0.4234, 0.4115, 0.9755, -0.1898
-0.0745, 0.1376, 0.4236, 0.4113, 0.9761, -0.1914
-0.0744, 0.1383, 0.4245, 0.4119, 0.9786, -0.1933
-0.0746, 0.1389, 0.4260, 0.4130, 0.9821, -0.1945
-0.0747, 0.1389, 0.4262, 0.4131, 0.9827, -0.1944
-0.0746, 0.1385, 0.4250, 0.4118, 0.9798, -0.1936
-0.0743, 0.1384, 0.4234, 0.4099, 0.9763, -0.1935
-0.0742, 0.1381, 0.4219, 0.4081, 0.9727, -0.1928
-0.0740, 0.1374, 0.4200, 0.4063, 0.9682, -0.1913
-0.0734, 0.1376, 0.4180, 0.4036, 0.9636, -0.1925
-0.0726, 0.1391, 0.4163, 0.4004, 0.9601, -0.1966
-0.0721, 0.1404, 0.4154, 0.3981, 0.9584, -0.2003
-0.0718, 0.1412, 0.4150, 0.3969, 0.9576, -0.2025
-0.0717, 0.1414, 0.4144, 0.3957, 0.9562, -0.2032
-0.0718, 0.1409, 0.4135, 0.3948, 0.9541, -0.2021
-0.0720, 0.1400, 0.4123, 0.3937, 0.9512, -0.1998
-0.0719, 0.1392, 0.4102, 0.3915, 0.9460, -0.1978
-0.0719, 0.1389, 0.4075, 0.3881, 0.9399, -0.1971
-0.0719, 0.1392, 0.4050, 0.3846, 0.9345, -0.1980
-0.0719, 0.1400, 0.4041, 0.3827, 0.9325, -0.1997
-0.0722, 0.1409, 0.4050, 0.3829, 0.9348, -0.2017
-0.0726, 0.1414, 0.4065, 0.3841, 0.9384, -0.2028
-0.0731, 0.1414, 0.4080, 0.3855, 0.9417, -0.2026
-0.0735, 0.1412, 0.4092, 0.3869, 0.9444, -0.2019
-0.0740, 0.1406, 0.4111, 0.3894, 0.9485, -0.2004
-0.0748, 0.1399, 0.4146, 0.3937, 0.9562, -0.1984
-0.0756, 0.1396, 0.4186, 0.3983, 0.9651, -0.1974
-0.0763, 0.1391, 0.4216, 0.4020, 0.9717, -0.1961
-0.0770, 0.1379, 0.4239, 0.4054, 0.9765, -0.1930
-0.0776, 0.1366, 0.4256, 0.4083, 0.9800, -0.1898
-0.0778, 0.1354, 0.4256, 0.4090, 0.9797, -0.1872
-0.0774, 0.1344, 0.4237, 0.4073, 0.9750, -0.1854
-0.0772, 0.1338, 0.4220, 0.4056, 0.9710, -0.1843
-0.0773, 0.1333, 0.4217, 0.4053, 0.9702, -0.1832
-0.0775, 0.1333, 0.4218, 0.4052, 0.9704, -0.1830
-0.0777, 0.1332, 0.4221, 0.4054, 0.9713, -0.1827
-0.0780, 0.1328, 0.4222, 0.4056, 0.9713, -0.1815
-0.0779, 0.1328, 0.4218, 0.4049, 0.9704, -0.1816
-0.0776, 0.1338, 0.4212, 0.4034, 0.9695, -0.1843
-0.0768, 0.1355, 0.4202, 0.4009, 0.9675, -0.1889
-0.0754, 0.1373, 0.4176, 0.3967, 0.9621, -0.1946
-0.0736, 0.1392, 0.4138, 0.3910, 0.9539, -0.2006
-0.0726, 0.1401, 0.4108, 0.3869, 0.9474, -0.2037
-0.0725, 0.1392, 0.4088, 0.3851, 0.9427, -0.2018
-0.0728, 0.1369, 0.4062, 0.3836, 0.9363, -0.1963
-0.0732, 0.1340, 0.4034, 0.3825, 0.9293, -0.1893
-0.0736, 0.1313, 0.4012, 0.3820, 0.9237, -0.1827
-0.0741, 0.1292, 0.4001, 0.3824, 0.9209, -0.1775
-0.0749, 0.1276, 0.4003, 0.3836, 0.9208, -0.1733
-0.0757, 0.1266, 0.4003, 0.3844, 0.9207, -0.1702
-0.0762, 0.1262, 0.3999, 0.3841, 0.9196, -0.1688
-0.0765, 0.1260, 0.3996, 0.3839, 0.9189, -0.1680
-0.0769, 0.1261, 0.4003, 0.3846, 0.9205, -0.1678
-0.0777, 0.1266, 0.4030, 0.3873, 0.9267, -0.1685
-0.0790, 0.1268, 0.4072, 0.3918, 0.9362, -0.1680
-0.0801, 0.1265, 0.4100, 0.3951, 0.9423, -0.1662
-0.0808, 0.1260, 0.4108, 0.3964, 0.9440, -0.1645
-0.0814, 0.1256, 0.4119, 0.3978, 0.9461, -0.1630
-0.0820, 0.1254, 0.4136, 0.3998, 0.9498, -0.1619
-0.0826, 0.1251, 0.4151, 0.4017, 0.9530, -0.1607
-0.0828, 0.1249, 0.4155, 0.4023, 0.9537, -0.1602
-0.0824, 0.1254, 0.4145, 0.4009, 0.9516, -0.1615
-0.0817, 0.1260, 0.4126, 0.3983, 0.9473, -0.1636
-0.0809, 0.1268, 0.4105, 0.3952, 0.9425, -0.1661
-0.0803, 0.1278, 0.4087, 0.3924, 0.9386, -0.1688
-0.0795, 0.1288, 0.4068, 0.3892, 0.9343, -0.1720
-0.0783, 0.1302, 0.4044, 0.3855, 0.9292, -0.1762
-0.0770, 0.1316, 0.4021, 0.3819, 0.9244, -0.1807
-0.0759, 0.1328, 0.4002, 0.3789, 0.9204, -0.1845
-0.0754, 0.1336, 0.3997, 0.3776, 0.9192, -0.1867
-0.0757, 0.1339, 0.4008, 0.3785, 0.9219, -0.1873
-0.0763, 0.1341, 0.4028, 0.3804, 0.9265, -0.1873
-0.0772, 0.1337, 0.4057, 0.3838, 0.9330, -0.1860
-0.0781, 0.1332, 0.4095, 0.3885, 0.9415, -0.1842
-0.0788, 0.1333, 0.4128, 0.3920, 0.9489, -0.1841
-0.0791, 0.1335, 0.4143, 0.3934, 0.9524, -0.1844
-0.0795, 0.1330, 0.4148, 0.3940, 0.9536, -0.1829
-0.0800, 0.1323, 0.4149, 0.3944, 0.9537, -0.1810
-0.0800, 0.1323, 0.4147, 0.3938, 0.9532, -0.1811
-0.0800, 0.1326, 0.4145, 0.3932, 0.9529, -0.1818
-0.0801, 0.1324, 0.4143, 0.3929, 0.9524, -0.1811
-0.0804, 0.1319, 0.4140, 0.3927, 0.9517, -0.1799
-0.0806, 0.1318, 0.4141, 0.3928, 0.9521, -0.1794
-0.0806, 0.1321, 0.4142, 0.3926, 0.9525, -0.1800
-0.0800, 0.1322, 0.4125, 0.3905, 0.9488, -0.1809
-0.0790, 0.1319, 0.4098, 0.3876, 0.9424, -0.1809
-0.0785, 0.1320, 0.4087, 0.3864, 0.9400, -0.1816
-0.0782, 0.1328, 0.4093, 0.3864, 0.9415, -0.1837
-0.0782, 0.1336, 0.4100, 0.3865, 0.9432, -0.1857
-0.0785, 0.1341, 0.4111, 0.3873, 0.9457, -0.1866
-0.0791, 0.1343, 0.4125, 0.3886, 0.9490, -0.1865
-0.0797, 0.1342, 0.4135, 0.3896, 0.9512, -0.1858
-0.0800, 0.1344, 0.4145, 0.3903, 0.9533, -0.1863
-0.0800, 0.1350, 0.4154, 0.3910, 0.9555, -0.1878
-0.0794, 0.1355, 0.4148, 0.3901, 0.9541, -0.1896
-0.0782, 0.1367, 0.4123, 0.3866, 0.9488, -0.1936
-0.0768, 0.1385, 0.4097, 0.3824, 0.9433, -0.1990
-0.0763, 0.1395, 0.4084, 0.3802, 0.9405, -0.2021
-0.0764, 0.1395, 0.4083, 0.3800, 0.9403, -0.2020
-0.0769, 0.1392, 0.4094, 0.3815, 0.9427, -0.2009
-0.0772, 0.1392, 0.4108, 0.3832, 0.9458, -0.2008
-0.0771, 0.1393, 0.4110, 0.3834, 0.9463, -0.2014
-0.0770, 0.1392, 0.4106, 0.3832, 0.9455, -0.2013
-0.0772, 0.1386, 0.4103, 0.3833, 0.9446, -0.1996
-0.0773, 0.1373, 0.4090, 0.3827, 0.9414, -0.1965
-0.0774, 0.1357, 0.4072, 0.3817, 0.9367, -0.1925
-0.0776, 0.1337, 0.4058, 0.3815, 0.9331, -0.1876
-0.0784, 0.1314, 0.4054, 0.3826, 0.9318, -0.1816
-0.0795, 0.1294, 0.4056, 0.3841, 0.9318, -0.1760
-0.0805, 0.1279, 0.4056, 0.3849, 0.9314, -0.1717
-0.0812, 0.1269, 0.4057, 0.3855, 0.9315, -0.1689
-0.0815, 0.1263, 0.4057, 0.3858, 0.9315, -0.1674
-0.0815, 0.1259, 0.4051, 0.3854, 0.9300, -0.1665
-0.0815, 0.1257, 0.4053, 0.3857, 0.9302, -0.1662
-0.0816, 0.1263, 0.4070, 0.3872, 0.9341, -0.1677
-0.0817, 0.1275, 0.4095, 0.3893, 0.9401, -0.1705
-0.0820, 0.1280, 0.4122, 0.3921, 0.9464, -0.1717
-0.0823, 0.1282, 0.4144, 0.3946, 0.9515, -0.1717
-0.0822, 0.1289, 0.4158, 0.3957, 0.9549, -0.1736
-0.0818, 0.1301, 0.4165, 0.3957, 0.9567, -0.1767
-0.0813, 0.1311, 0.4169, 0.3954, 0.9577, -0.1793
-0.0810, 0.1322, 0.4174, 0.3953, 0.9591, -0.1821
-0.0803, 0.1336, 0.4175, 0.3945, 0.9597, -0.1858
-0.0794, 0.1352, 0.4167, 0.3926, 0.9585, -0.1905
-0.0785, 0.1368, 0.4157, 0.3904, 0.9567, -0.1950
-0.0777, 0.1379, 0.4150, 0.3888, 0.9552, -0.1981
-0.0771, 0.1389, 0.4142, 0.3873, 0.9539, -0.2012
-0.0769, 0.1398, 0.4138, 0.3861, 0.9534, -0.2036
-0.0773, 0.1401, 0.4146, 0.3865, 0.9553, -0.2041
-0.0780, 0.1401, 0.4162, 0.3882, 0.9589, -0.2035
-0.0786, 0.1401, 0.4179, 0.3901, 0.9627, -0.2031
-0.0790, 0.1402, 0.4193, 0.3915, 0.9658, -0.2030
-0.0794, 0.1401, 0.4196, 0.3917, 0.9664, -0.2023
-0.0796, 0.1395, 0.4186, 0.3908, 0.9640, -0.2008
-0.0800, 0.1387, 0.4171, 0.3894, 0.9605, -0.1984
-0.0803, 0.1377, 0.4159, 0.3885, 0.9575, -0.1957
-0.0803, 0.1372, 0.4153, 0.3882, 0.9559, -0.1945
-0.0801, 0.1370, 0.4149, 0.3878, 0.9550, -0.1943
-0.0798, 0.1371, 0.4138, 0.3865, 0.9525, -0.1946
-0.0792, 0.1371, 0.4119, 0.3844, 0.9481, -0.1953
-0.0786, 0.1370, 0.4104, 0.3830, 0.9447, -0.1956
-0.0783, 0.1370, 0.4099, 0.3825, 0.9433, -0.1957
-0.0784, 0.1364, 0.4098, 0.3830, 0.9431, -0.1942
-0.0791, 0.1349, 0.4107, 0.3851, 0.9448, -0.1903
-0.0800, 0.1333, 0.4121, 0.3877, 0.9474, -0.1858
-0.0804, 0.1324, 0.4125, 0.3890, 0.9481, -0.1833
-0.0804, 0.1321, 0.4128, 0.3896, 0.9485, -0.1827
-0.0804, 0.1320, 0.4137, 0.3910, 0.9506, -0.1824
-0.0805, 0.1322, 0.4149, 0.3923, 0.9533, -0.1828
-0.0804, 0.1326, 0.4158, 0.3932, 0.9554, -0.1840
-0.0801, 0.1329, 0.4157, 0.3931, 0.9552, -0.1851
-0.0792, 0.1340, 0.4138, 0.3905, 0.9512, -0.1886
-0.0777, 0.1366, 0.4111, 0.3857, 0.9456, -0.1960
-0.0762, 0.1399, 0.4086, 0.3806, 0.9407, -0.2048
-0.0749, 0.1423, 0.4062, 0.3762, 0.9358, -0.2117
-0.0737, 0.1430, 0.4029, 0.3721, 0.9284, -0.2144
-0.0724, 0.1425, 0.3982, 0.3673, 0.9175, -0.2142
-0.0712, 0.1417, 0.3933, 0.3625, 0.9062, -0.2131
-0.0704, 0.1405, 0.3894, 0.3590, 0.8970, -0.2108
-0.0699, 0.1390, 0.3865, 0.3569, 0.8899, -0.2073
-0.0700, 0.1373, 0.3855, 0.3571, 0.8873, -0.2031
-0.0707, 0.1360, 0.3868, 0.3595, 0.8899, -0.1994
-0.0715, 0.1354, 0.3888, 0.3622, 0.8942, -0.1973
-0.0722, 0.1348, 0.3908, 0.3647, 0.8985, -0.1955
-0.0731, 0.1339, 0.3926, 0.3674, 0.9023, -0.1924
-0.0741, 0.1323, 0.3938, 0.3697, 0.9047, -0.1877
-0.0750, 0.1304, 0.3944, 0.3715, 0.9055, -0.1824
-0.0755, 0.1293, 0.3948, 0.3726, 0.9061, -0.1794
-0.0756, 0.1291, 0.3951, 0.3729, 0.9066, -0.1788
-0.0755, 0.1286, 0.3944, 0.3723, 0.9050, -0.1777
-0.0751, 0.1280, 0.3927, 0.3707, 0.9012, -0.1764
-0.0745, 0.1278, 0.3907, 0.3683, 0.8965, -0.1765
-0.0737, 0.1286, 0.3886, 0.3653, 0.8920, -0.1788
-0.0735, 0.1297, 0.3886, 0.3642, 0.8923, -0.1816
-0.0745, 0.1299, 0.3913, 0.3668, 0.8986, -0.1814
-0.0762, 0.1295, 0.3956, 0.3717, 0.9083, -0.1791
-0.0777, 0.1294, 0.4003, 0.3769, 0.9190, -0.1777
-0.0786, 0.1299, 0.4038, 0.3804, 0.9271, -0.1782
-0.0786, 0.1309, 0.4049, 0.3809, 0.9298, -0.1807
-0.0781, 0.1322, 0.4043, 0.3793, 0.9287, -0.1843
-0.0777, 0.1334, 0.4038, 0.3778, 0.9278, -0.1874
-0.0776, 0.1344, 0.4035, 0.3765, 0.9273, -0.1900
-0.0773, 0.1356, 0.4031, 0.3751, 0.9267, -0.1932
-0.0768, 0.1365, 0.4028, 0.3741, 0.9263, -0.1959
-0.0764, 0.1364, 0.4026, 0.3741, 0.9258, -0.1961
-0.0767, 0.1353, 0.4032, 0.3756, 0.9270, -0.1935
-0.0774, 0.1338, 0.4047, 0.3783, 0.9301, -0.1894
-0.0782, 0.1320, 0.4060, 0.3809, 0.9324, -0.1845
-0.0789, 0.1300, 0.4068, 0.3832, 0.9338, -0.1795
-0.0796, 0.1281, 0.4078, 0.3856, 0.9356, -0.1744
-0.0802, 0.1265, 0.4083, 0.3872, 0.9364, -0.1700
-0.0805, 0.1254, 0.4085, 0.3882, 0.9366, -0.1673
-0.0808, 0.1249, 0.4097, 0.3899, 0.9393, -0.1658
-0.0811, 0.1249, 0.4106, 0.3908, 0.9413, -0.1655
-0.0809, 0.1252, 0.4102, 0.3900, 0.9404, -0.1663
-0.0807, 0.1260, 0.4102, 0.3894, 0.9406, -0.1684
-0.0805, 0.1278, 0.4108, 0.3888, 0.9426, -0.1727
-0.0801, 0.1302, 0.4111, 0.3873, 0.9438, -0.1787
-0.0796, 0.1323, 0.4108, 0.3855, 0.9437, -0.1841
-0.0792, 0.1336, 0.4104, 0.3840, 0.9430, -0.1875
-0.0792, 0.1339, 0.4104, 0.3836, 0.9429, -0.1882
-0.0797, 0.1331, 0.4100, 0.3836, 0.9420, -0.1860
-0.0799, 0.1325, 0.4085, 0.3818, 0.9383, -0.1844
-0.0796, 0.1328, 0.4061, 0.3786, 0.9330, -0.1853
-0.0790, 0.1334, 0.4036, 0.3750, 0.9276, -0.1874
-0.0784, 0.1340, 0.4022, 0.3730, 0.9246, -0.1893
-0.0782, 0.1346, 0.4023, 0.3727, 0.9251, -0.1911
-0.0781, 0.1354, 0.4025, 0.3723, 0.9258, -0.1931
-0.0782, 0.1351, 0.4025, 0.3724, 0.9256, -0.1924
-0.0791, 0.1332, 0.4035, 0.3749, 0.9274, -0.1872
-0.0804, 0.1304, 0.4057, 0.3794, 0.9316, -0.1797
-0.0816, 0.1279, 0.4079, 0.3839, 0.9361, -0.1728
-0.0822, 0.1267, 0.4095, 0.3866, 0.9394, -0.1695
-0.0821, 0.1268, 0.4098, 0.3869, 0.9400, -0.1698
-0.0814, 0.1271, 0.4083, 0.3851, 0.9364, -0.1709
-0.0804, 0.1272, 0.4060, 0.3826, 0.9312, -0.1719
-0.0794, 0.1274, 0.4039, 0.3802, 0.9264, -0.1732
-0.0787, 0.1279, 0.4021, 0.3780, 0.9224, -0.1749
-0.0780, 0.1285, 0.4007, 0.3761, 0.9193, -0.1768
-0.0774, 0.1296, 0.3998, 0.3744, 0.9176, -0.1797
-0.0768, 0.1311, 0.3997, 0.3732, 0.9176, -0.1838
-0.0766, 0.1329, 0.4003, 0.3728, 0.9196, -0.1880
-0.0765, 0.1346, 0.4012, 0.3727, 0.9220, -0.1924
-0.0759, 0.1366, 0.4010, 0.3712, 0.9221, -0.1976
-0.0750, 0.1386, 0.3995, 0.3684, 0.9193, -0.2031
-0.0739, 0.1401, 0.3976, 0.3653, 0.9152, -0.2078
-0.0731, 0.1412, 0.3962, 0.3633, 0.9122, -0.2110
-0.0726, 0.1417, 0.3960, 0.3629, 0.9119, -0.2129
-0.0723, 0.1419, 0.3962, 0.3634, 0.9123, -0.2137
-0.0719, 0.1415, 0.3957, 0.3634, 0.9110, -0.2133
-0.0714, 0.1409, 0.3952, 0.3636, 0.9097, -0.2122
-0.0715, 0.1401, 0.3959, 0.3653, 0.9112, -0.2101
-0.0721, 0.1389, 0.3973, 0.3679, 0.9140, -0.2068
-0.0728, 0.1383, 0.3990, 0.3704, 0.9179, -0.2049
-0.0736, 0.1386, 0.4015, 0.3730, 0.9235, -0.2047
-0.0743, 0.1386, 0.4035, 0.3754, 0.9281, -0.2043
-0.0748, 0.1386, 0.4051, 0.3774, 0.9317, -0.2035
-0.0754, 0.1389, 0.4073, 0.3796, 0.9366, -0.2038
-0.0760, 0.1395, 0.4088, 0.3809, 0.9401, -0.2046
-0.0761, 0.1394, 0.4085, 0.3807, 0.9394, -0.2042
-0.0761, 0.1384, 0.4076, 0.3805, 0.9369, -0.2016
-0.0768, 0.1365, 0.4080, 0.3823, 0.9372, -0.1965
-0.0779, 0.1349, 0.4095, 0.3852, 0.9401, -0.1916
-0.0784, 0.1344, 0.4099, 0.3860, 0.9408, -0.1898
-0.0785, 0.1339, 0.4093, 0.3858, 0.9394, -0.1886
-0.0789, 0.1330, 0.4094, 0.3868, 0.9393, -0.1859
-0.0792, 0.1324, 0.4099, 0.3878, 0.9402, -0.1841
-0.0790, 0.1324, 0.4098, 0.3877, 0.9399, -0.1842
-0.0785, 0.1329, 0.4088, 0.3864, 0.9377, -0.1856
-0.0777, 0.1337, 0.4076, 0.3845, 0.9351, -0.1881
-0.0770, 0.1343, 0.4065, 0.3830, 0.9327, -0.1900
-0.0765, 0.1348, 0.4058, 0.3818, 0.9310, -0.1915
-0.0764, 0.1353, 0.4057, 0.3815, 0.9308, -0.1926
-0.0763, 0.1354, 0.4058, 0.3815, 0.9310, -0.1929
-0.0765, 0.1344, 0.4052, 0.3816, 0.9294, -0.1903
-0.0772, 0.1320, 0.4043, 0.3822, 0.9268, -0.1840
-0.0782, 0.1293, 0.4039, 0.3835, 0.9251, -0.1766
-0.0790, 0.1273, 0.4034, 0.3841, 0.9235, -0.1713
-0.0792, 0.1266, 0.4020, 0.3829, 0.9202, -0.1695
-0.0789, 0.1263, 0.4003, 0.3809, 0.9163, -0.1690
-0.0788, 0.1258, 0.3995, 0.3804, 0.9146, -0.1679
-0.0792, 0.1250, 0.4001, 0.3817, 0.9159, -0.1657
-0.0796, 0.1244, 0.4012, 0.3833, 0.9185, -0.1640
-0.0796, 0.1246, 0.4018, 0.3838, 0.9199, -0.1645
-0.0792, 0.1251, 0.4019, 0.3835, 0.9204, -0.1660
-0.0791, 0.1254, 0.4021, 0.3835, 0.9210, -0.1669
-0.0790, 0.1259, 0.4026, 0.3837, 0.9225, -0.1682
-0.0788, 0.1270, 0.4031, 0.3835, 0.9241, -0.1710
-0.0786, 0.1281, 0.4036, 0.3832, 0.9255, -0.1739
-0.0783, 0.1293, 0.4046, 0.3836, 0.9282, -0.1769
-0.0780, 0.1304, 0.4059, 0.3844, 0.9315, -0.1797
-0.0778, 0.1310, 0.4069, 0.3851, 0.9341, -0.1813
-0.0779, 0.1314, 0.4082, 0.3863, 0.9372, -0.1821
-0.0784, 0.1310, 0.4098, 0.3884, 0.9409, -0.1807
-0.0791, 0.1295, 0.4106, 0.3903, 0.9426, -0.1767
-0.0798, 0.1281, 0.4111, 0.3918, 0.9434, -0.1727
-0.0803, 0.1275, 0.4114, 0.3925, 0.9440, -0.1709
-0.0803, 0.1281, 0.4115, 0.3921, 0.9444, -0.1723
-0.0802, 0.1294, 0.4122, 0.3920, 0.9464, -0.1755
-0.0803, 0.1307, 0.4134, 0.3922, 0.9493, -0.1787
-0.0804, 0.1317, 0.4138, 0.3919, 0.9507, -0.1809
-0.0805, 0.1319, 0.4137, 0.3915, 0.9505, -0.1813
-0.0808, 0.1315, 0.4139, 0.3920, 0.9509, -0.1801
-0.0813, 0.1312, 0.4149, 0.3933, 0.9532, -0.1792
-0.0814, 0.1314, 0.4154, 0.3935, 0.9542, -0.1797
-0.0812, 0.1313, 0.4137, 0.3915, 0.9503, -0.1797
-0.0807, 0.1309, 0.4106, 0.3882, 0.9431, -0.1789
-0.0801, 0.1308, 0.4079, 0.3852, 0.9370, -0.1792
-0.0799, 0.1303, 0.4063, 0.3837, 0.9332, -0.1783
-0.0799, 0.1291, 0.4047, 0.3827, 0.9290, -0.1753
-0.0795, 0.1276, 0.4018, 0.3804, 0.9219, -0.1720
-0.0792, 0.1260, 0.3985, 0.3778, 0.9142, -0.1684
-0.0794, 0.1240, 0.3968, 0.3772, 0.9098, -0.1635
-0.0799, 0.1218, 0.3960, 0.3779, 0.9074, -0.1576
-0.0802, 0.1199, 0.3949, 0.3779, 0.9044, -0.1530
-0.0806, 0.1192, 0.3950, 0.3784, 0.9043, -0.1511
-0.0810, 0.1197, 0.3969, 0.3803, 0.9089, -0.1520
-0.0812, 0.1209, 0.3995, 0.3824, 0.9150, -0.1548
-0.0811, 0.1223, 0.4013, 0.3836, 0.9194, -0.1582
-0.0809, 0.1237, 0.4018, 0.3830, 0.9209, -0.1620
-0.0808, 0.1252, 0.4026, 0.3827, 0.9231, -0.1659
-0.0812, 0.1262, 0.4046, 0.3843, 0.9280, -0.1681
-0.0819, 0.1266, 0.4076, 0.3874, 0.9351, -0.1689
-0.0831, 0.1270, 0.4123, 0.3925, 0.9458, -0.1690
-0.0844, 0.1272, 0.4176, 0.3984, 0.9578, -0.1687
-0.0852, 0.1273, 0.4215, 0.4028, 0.9668, -0.1684
-0.0853, 0.1279, 0.4234, 0.4047, 0.9712, -0.1698
-0.0847, 0.1288, 0.4232, 0.4041, 0.9710, -0.1725
-0.0837, 0.1301, 0.4218, 0.4019, 0.9683, -0.1764
-0.0824, 0.1318, 0.4195, 0.3981, 0.9632, -0.1812
-0.0810, 0.1331, 0.4164, 0.3939, 0.9566, -0.1853
-0.0798, 0.1335, 0.4138, 0.3908, 0.9508, -0.1870
-0.0790, 0.1335, 0.4123, 0.3892, 0.9474, -0.1873
-0.0789, 0.1330, 0.4118, 0.3889, 0.9462, -0.1861
-0.0797, 0.1320, 0.4126, 0.3903, 0.9477, -0.1827
-0.0809, 0.1307, 0.4142, 0.3928, 0.9511, -0.1786
-0.0819, 0.1295, 0.4156, 0.3951, 0.9541, -0.1748
-0.0828, 0.1287, 0.4174, 0.3975, 0.9578, -0.1719
-0.0837, 0.1281, 0.4199, 0.4006, 0.9635, -0.1698
-0.0846, 0.1269, 0.4218, 0.4035, 0.9674, -0.1662
-0.0850, 0.1248, 0.4213, 0.4043, 0.9658, -0.1611
-0.0850, 0.1228, 0.4194, 0.4036, 0.9610, -0.1564
-0.0850, 0.1214, 0.4182, 0.4032, 0.9580, -0.1531
-0.0849, 0.1207, 0.4174, 0.4027, 0.9561, -0.1517
-0.0844, 0.1205, 0.4155, 0.4006, 0.9519, -0.1517
-0.0836, 0.1206, 0.4127, 0.3973, 0.9456, -0.1527
-0.0825, 0.1215, 0.4101, 0.3937, 0.9400, -0.1558
-0.0812, 0.1232, 0.4077, 0.3899, 0.9350, -0.1608
-0.0795, 0.1247, 0.4044, 0.3852, 0.9278, -0.1657
-0.0780, 0.1254, 0.4006, 0.3804, 0.9193, -0.1684
-0.0773, 0.1254, 0.3978, 0.3773, 0.9130, -0.1690
-0.0767, 0.1256, 0.3960, 0.3751, 0.9091, -0.1697
-0.0762, 0.1260, 0.3946, 0.3732, 0.9059, -0.1711
-0.0757, 0.1262, 0.3932, 0.3717, 0.9027, -0.1717
-0.0753, 0.1261, 0.3914, 0.3699, 0.8987, -0.1718
-0.0748, 0.1262, 0.3898, 0.3681, 0.8950, -0.1725
-0.0744, 0.1269, 0.3895, 0.3676, 0.8946, -0.1745
-0.0744, 0.1285, 0.3916, 0.3691, 0.8998, -0.1784
-0.0749, 0.1302, 0.3953, 0.3722, 0.9085, -0.1823
-0.0757, 0.1313, 0.3990, 0.3757, 0.9172, -0.1844
-0.0766, 0.1320, 0.4016, 0.3783, 0.9234, -0.1856
-0.0770, 0.1327, 0.4029, 0.3792, 0.9266, -0.1873
-0.0772, 0.1336, 0.4039, 0.3796, 0.9291, -0.1895
-0.0775, 0.1341, 0.4047, 0.3801, 0.9309, -0.1906
-0.0775, 0.1344, 0.4044, 0.3796, 0.9302, -0.1914
-0.0771, 0.1353, 0.4033, 0.3778, 0.9280, -0.1940
-0.0764, 0.1364, 0.4018, 0.3753, 0.9247, -0.1973
-0.0758, 0.1370, 0.4001, 0.3729, 0.9210, -0.1994
-0.0757, 0.1369, 0.3994, 0.3721, 0.9192, -0.1993
-0.0764, 0.1361, 0.4007, 0.3741, 0.9220, -0.1967
-0.0775, 0.1355, 0.4041, 0.3781, 0.9293, -0.1945
-0.0783, 0.1359, 0.4076, 0.3818, 0.9374, -0.1950
-0.0787, 0.1370, 0.4104, 0.3841, 0.9437, -0.1973
-0.0787, 0.1382, 0.4121, 0.3851, 0.9478, -0.2000
-0.0784, 0.1390, 0.4123, 0.3848, 0.9484, -0.2021
-0.0781, 0.1391, 0.4116, 0.3840, 0.9468, -0.2023
-0.0780, 0.1382, 0.4105, 0.3832, 0.9438, -0.2002
-0.0779, 0.1372, 0.4086, 0.3817, 0.9393, -0.1975
-0.0778, 0.1364, 0.4067, 0.3800, 0.9347, -0.1956
-0.0779, 0.1353, 0.4052, 0.3791, 0.9309, -0.1927
-0.0777, 0.1338, 0.4031, 0.3779, 0.9259, -0.1891
-0.0773, 0.1326, 0.4009, 0.3765, 0.9204, -0.1863
-0.0769, 0.1319, 0.3993, 0.3755, 0.9167, -0.1846
-0.0769, 0.1312, 0.3992, 0.3760, 0.9162, -0.1829
-0.0776, 0.1303, 0.4012, 0.3791, 0.9204, -0.1802
-0.0786, 0.1297, 0.4047, 0.3836, 0.9282, -0.1779
-0.0794, 0.1302, 0.4085, 0.3877, 0.9369, -0.1785
-0.0798, 0.1312, 0.4111, 0.3900, 0.9429, -0.1805
-0.0794, 0.1319, 0.4105, 0.3890, 0.9418, -0.1825
-0.0785, 0.1319, 0.4080, 0.3863, 0.9362, -0.1834
-0.0783, 0.1311, 0.4066, 0.3853, 0.9328, -0.1816
-0.0789, 0.1295, 0.4065, 0.3862, 0.9322, -0.1773
-0.0799, 0.1278, 0.4073, 0.3881, 0.9338, -0.1725
-0.0810, 0.1265, 0.4089, 0.3906, 0.9371, -0.1687
-0.0820, 0.1254, 0.4104, 0.3929, 0.9402, -0.1651
-0.0828, 0.1242, 0.4117, 0.3951, 0.9428, -0.1617
-0.0829, 0.1235, 0.4120, 0.3958, 0.9432, -0.1601
-0.0825, 0.1232, 0.4111, 0.3949, 0.9411, -0.1597
-0.0825, 0.1229, 0.4116, 0.3957, 0.9422, -0.1592
-0.0829, 0.1233, 0.4146, 0.3987, 0.9490, -0.1599
-0.0830, 0.1247, 0.4174, 0.4008, 0.9557, -0.1632
-0.0825, 0.1266, 0.4180, 0.4000, 0.9575, -0.1682
-0.0814, 0.1286, 0.4165, 0.3967, 0.9546, -0.1740
-0.0801, 0.1303, 0.4137, 0.3924, 0.9488, -0.1791
-0.0789, 0.1310, 0.4107, 0.3885, 0.9421, -0.1818
-0.0780, 0.1312, 0.4082, 0.3857, 0.9364, -0.1830
-0.0772, 0.1315, 0.4068, 0.3839, 0.9331, -0.1844
-0.0766, 0.1323, 0.4061, 0.3829, 0.9319, -0.1869
-0.0761, 0.1336, 0.4063, 0.3822, 0.9325, -0.1905
-0.0759, 0.1352, 0.4070, 0.3817, 0.9345, -0.1946
-0.0758, 0.1360, 0.4069, 0.3810, 0.9346, -0.1966
-0.0756, 0.1361, 0.4067, 0.3806, 0.9341, -0.1969
-0.0758, 0.1366, 0.4074, 0.3809, 0.9359, -0.1979
-0.0760, 0.1371, 0.4078, 0.3808, 0.9370, -0.1990
-0.0763, 0.1373, 0.4075, 0.3801, 0.9363, -0.1991
-0.0766, 0.1375, 0.4071, 0.3794, 0.9358, -0.1991
-0.0771, 0.1372, 0.4069, 0.3790, 0.9352, -0.1980
-0.0777, 0.1362, 0.4068, 0.3794, 0.9349, -0.1951
-0.0780, 0.1357, 0.4063, 0.3790, 0.9337, -0.1935
-0.0778, 0.1360, 0.4051, 0.3773, 0.9310, -0.1943
-0.0774, 0.1363, 0.4039, 0.3757, 0.9284, -0.1953
-0.0769, 0.1363, 0.4028, 0.3745, 0.9259, -0.1957
-0.0763, 0.1363, 0.4009, 0.3725, 0.9217, -0.1960
-0.0754, 0.1360, 0.3979, 0.3694, 0.9150, -0.1959
-0.0748, 0.1351, 0.3948, 0.3664, 0.9077, -0.1941
-0.0748, 0.1339, 0.3929, 0.3650, 0.9032, -0.1913
-0.0748, 0.1334, 0.3925, 0.3649, 0.9022, -0.1899
-0.0749, 0.1335, 0.3934, 0.3658, 0.9042, -0.1902
-0.0754, 0.1334, 0.3949, 0.3676, 0.9076, -0.1895
-0.0760, 0.1323, 0.3953, 0.3690, 0.9085, -0.1863
-0.0765, 0.1308, 0.3948, 0.3694, 0.9069, -0.1822
-0.0769, 0.1299, 0.3946, 0.3699, 0.9062, -0.1797
-0.0775, 0.1297, 0.3955, 0.3711, 0.9083, -0.1787
-0.0784, 0.1293, 0.3979, 0.3741, 0.9137, -0.1771
-0.0794, 0.1286, 0.4009, 0.3780, 0.9202, -0.1747
-0.0799, 0.1284, 0.4030, 0.3808, 0.9249, -0.1737
-0.0797, 0.1289, 0.4037, 0.3815, 0.9266, -0.1750
-0.0793, 0.1295, 0.4041, 0.3817, 0.9276, -0.1768
-0.0795, 0.1295, 0.4051, 0.3832, 0.9299, -0.1763
-0.0803, 0.1281, 0.4071, 0.3866, 0.9340, -0.1723
-0.0813, 0.1268, 0.4094, 0.3903, 0.9389, -0.1684
-0.0814, 0.1264, 0.4103, 0.3920, 0.9408, -0.1671
-0.0813, 0.1262, 0.4098, 0.3916, 0.9394, -0.1668
-0.0813, 0.1258, 0.4091, 0.3912, 0.9377, -0.1657
-0.0817, 0.1244, 0.4084, 0.3915, 0.9357, -0.1623
-0.0819, 0.1227, 0.4074, 0.3918, 0.9329, -0.1580
-0.0818, 0.1215, 0.4055, 0.3907, 0.9283, -0.1552
-0.0813, 0.1210, 0.4034, 0.3887, 0.9234, -0.1546
-0.0809, 0.1214, 0.4025, 0.3875, 0.9213, -0.1558
-0.0809, 0.1216, 0.4024, 0.3872, 0.9211, -0.1566
-0.0811, 0.1213, 0.4022, 0.3873, 0.9207, -0.1558
-0.0809, 0.1209, 0.4015, 0.3868, 0.9190, -0.1553
-0.0805, 0.1212, 0.4007, 0.3856, 0.9173, -0.1565
-0.0802, 0.1219, 0.4006, 0.3849, 0.9171, -0.1585
-0.0799, 0.1231, 0.4011, 0.3845, 0.9187, -0.1619
-0.0795, 0.1253, 0.4020, 0.3839, 0.9212, -0.1676
-0.0789, 0.1269, 0.4024, 0.3831, 0.9225, -0.1721
-0.0780, 0.1275, 0.4010, 0.3811, 0.9195, -0.1742
-0.0766, 0.1280, 0.3979, 0.3773, 0.9126, -0.1765
-0.0749, 0.1294, 0.3946, 0.3726, 0.9055, -0.1810
-0.0733, 0.1310, 0.3922, 0.3688, 0.9005, -0.1859
-0.0723, 0.1321, 0.3908, 0.3664, 0.8976, -0.1892
-0.0719, 0.1324, 0.3905, 0.3657, 0.8969, -0.1899
-0.0722, 0.1322, 0.3912, 0.3665, 0.8984, -0.1890
-0.0726, 0.1324, 0.3928, 0.3679, 0.9022, -0.1890
-0.0731, 0.1330, 0.3944, 0.3691, 0.9061, -0.1897
-0.0735, 0.1323, 0.3945, 0.3694, 0.9063, -0.1877
-0.0740, 0.1304, 0.3932, 0.3690, 0.9030, -0.1825
-0.0744, 0.1287, 0.3925, 0.3692, 0.9010, -0.1782
-0.0747, 0.1286, 0.3931, 0.3699, 0.9025, -0.1779
-0.0746, 0.1293, 0.3940, 0.3704, 0.9047, -0.1797
-0.0744, 0.1301, 0.3945, 0.3705, 0.9061, -0.1818
-0.0744, 0.1311, 0.3958, 0.3713, 0.9092, -0.1843
-0.0744, 0.1324, 0.3975, 0.3723, 0.9135, -0.1875
-0.0744, 0.1333, 0.3981, 0.3722, 0.9152, -0.1899
-0.0747, 0.1330, 0.3976, 0.3716, 0.9140, -0.1889
-0.0752, 0.1319, 0.3966, 0.3708, 0.9114, -0.1862
-0.0757, 0.1308, 0.3954, 0.3699, 0.9084, -0.1832
-0.0761, 0.1292, 0.3943, 0.3696, 0.9056, -0.1791
-0.0766, 0.1270, 0.3936, 0.3701, 0.9034, -0.1734
-0.0773, 0.1252, 0.3939, 0.3715, 0.9035, -0.1687
-0.0777, 0.1247, 0.3949, 0.3729, 0.9058, -0.1672
-0.0776, 0.1250, 0.3950, 0.3728, 0.9060, -0.1680
-0.0768, 0.1259, 0.3935, 0.3705, 0.9029, -0.1707
-0.0760, 0.1270, 0.3918, 0.3679, 0.8995, -0.1739
-0.0757, 0.1273, 0.3907, 0.3664, 0.8972, -0.1749
-0.0756, 0.1276, 0.3902, 0.3656, 0.8960, -0.1754
-0.0756, 0.1285, 0.3906, 0.3655, 0.8972, -0.1775
-0.0757, 0.1298, 0.3920, 0.3662, 0.9008, -0.1805
-0.0760, 0.1309, 0.3933, 0.3668, 0.9041, -0.1830
-0.0759, 0.1322, 0.3941, 0.3668, 0.9062, -0.1859
-0.0755, 0.1344, 0.3948, 0.3661, 0.9083, -0.1915
-0.0747, 0.1371, 0.3953, 0.3647, 0.9100, -0.1987
-0.0740, 0.1396, 0.3957, 0.3634, 0.9116, -0.2050
-0.0738, 0.1408, 0.3964, 0.3632, 0.9133, -0.2081
-0.0738, 0.1404, 0.3959, 0.3630, 0.9122, -0.2072
-0.0740, 0.1388, 0.3944, 0.3623, 0.9084, -0.2031
-0.0747, 0.1365, 0.3933, 0.3625, 0.9052, -0.1970
-0.0751, 0.1351, 0.3927, 0.3626, 0.9034, -0.1935
-0.0746, 0.1354, 0.3920, 0.3617, 0.9020, -0.1947
-0.0739, 0.1367, 0.3917, 0.3605, 0.9016, -0.1983
-0.0733, 0.1381, 0.3921, 0.3599, 0.9027, -0.2022
-0.0728, 0.1395, 0.3928, 0.3598, 0.9047, -0.2058
-0.0725, 0.1406, 0.3939, 0.3603, 0.9074, -0.2087
-0.0727, 0.1408, 0.3951, 0.3616, 0.9103, -0.2091
-0.0734, 0.1401, 0.3964, 0.3635, 0.9131, -0.2068
-0.0741, 0.1395, 0.3979, 0.3655, 0.9163, -0.2049
-0.0744, 0.1401, 0.3989, 0.3661, 0.9186, -0.2061
-0.0743, 0.1408, 0.3991, 0.3657, 0.9193, -0.2079
-0.0748, 0.1407, 0.3993, 0.3659, 0.9199, -0.2073
-0.0757, 0.1398, 0.3996, 0.3665, 0.9203, -0.2045
-0.0767, 0.1387, 0.3995, 0.3667, 0.9199, -0.2012
-0.0774, 0.1382, 0.3992, 0.3665, 0.9193, -0.1994
-0.0777, 0.1378, 0.3989, 0.3662, 0.9184, -0.1982
-0.0780, 0.1370, 0.3984, 0.3662, 0.9172, -0.1962
-0.0780, 0.1368, 0.3985, 0.3664, 0.9171, -0.1957
-0.0779, 0.1371, 0.3991, 0.3672, 0.9186, -0.1964
-0.0778, 0.1371, 0.3996, 0.3679, 0.9197, -0.1965
-0.0782, 0.1368, 0.4005, 0.3690, 0.9215, -0.1955
-0.0791, 0.1362, 0.4025, 0.3715, 0.9258, -0.1933
-0.0801, 0.1354, 0.4046, 0.3744, 0.9305, -0.1907
-0.0807, 0.1343, 0.4054, 0.3761, 0.9319, -0.1873
-0.0806, 0.1330, 0.4040, 0.3755, 0.9283, -0.1842
-0.0801, 0.1321, 0.4017, 0.3735, 0.9228, -0.1823
-0.0798, 0.1322, 0.4007, 0.3721, 0.9206, -0.1828
-0.0798, 0.1335, 0.4019, 0.3725, 0.9235, -0.1858
-0.0799, 0.1348, 0.4040, 0.3740, 0.9287, -0.1887
-0.0802, 0.1358, 0.4064, 0.3761, 0.9343, -0.1907
-0.0808, 0.1369, 0.4100, 0.3795, 0.9428, -0.1929
-0.0816, 0.1384, 0.4142, 0.3831, 0.9526, -0.1957
-0.0818, 0.1398, 0.4162, 0.3845, 0.9575, -0.1987
-0.0812, 0.1408, 0.4157, 0.3835, 0.9567, -0.2013
-0.0805, 0.1414, 0.4146, 0.3820, 0.9543, -0.2033
-0.0798, 0.1420, 0.4139, 0.3811, 0.9529, -0.2050
-0.0791, 0.1420, 0.4128, 0.3801, 0.9504, -0.2053
-0.0785, 0.1409, 0.4101, 0.3780, 0.9441, -0.2031
-0.0781, 0.1389, 0.4068, 0.3757, 0.9360, -0.1985
-0.0781, 0.1365, 0.4040, 0.3744, 0.9291, -0.1925
-0.0777, 0.1350, 0.4015, 0.3728, 0.9231, -0.1892
-0.0769, 0.1352, 0.3995, 0.3706, 0.9186, -0.1901
-0.0762, 0.1354, 0.3985, 0.3694, 0.9163, -0.1913
-0.0763, 0.1347, 0.3987, 0.3703, 0.9166, -0.1895
-0.0772, 0.1327, 0.3998, 0.3730, 0.9188, -0.1844
-0.0786, 0.1304, 0.4019, 0.3770, 0.9230, -0.1778
-0.0800, 0.1286, 0.4048, 0.3815, 0.9292, -0.1725
-0.0809, 0.1279, 0.4071, 0.3845, 0.9342, -0.1703
-0.0811, 0.1287, 0.4087, 0.3857, 0.9380, -0.1721
-0.0812, 0.1301, 0.4103, 0.3865, 0.9420, -0.1755
-0.0810, 0.1313, 0.4111, 0.3865, 0.9441, -0.1785
-0.0803, 0.1323, 0.4107, 0.3854, 0.9433, -0.1814
-0.0797, 0.1332, 0.4104, 0.3846, 0.9428, -0.1838
-0.0794, 0.1338, 0.4106, 0.3845, 0.9435, -0.1853
-0.0790, 0.1340, 0.4099, 0.3837, 0.9420, -0.1859
-0.0785, 0.1339, 0.4081, 0.3817, 0.9378, -0.1859
-0.0780, 0.1343, 0.4062, 0.3793, 0.9335, -0.1870
-0.0774, 0.1349, 0.4045, 0.3770, 0.9298, -0.1885
-0.0770, 0.1344, 0.4022, 0.3749, 0.9246, -0.1875
-0.0768, 0.1326, 0.3999, 0.3736, 0.9188, -0.1830
-0.0773, 0.1302, 0.3988, 0.3741, 0.9157, -0.1769
-0.0782, 0.1282, 0.3989, 0.3756, 0.9153, -0.1713
-0.0787, 0.1269, 0.3984, 0.3762, 0.9140, -0.1675
-0.0786, 0.1262, 0.3972, 0.3754, 0.9110, -0.1660
-0.0782, 0.1259, 0.3960, 0.3745, 0.9082, -0.1654
-0.0779, 0.1254, 0.3950, 0.3739, 0.9056, -0.1646
-0.0779, 0.1249, 0.3946, 0.3739, 0.9046, -0.1635
-0.0783, 0.1247, 0.3953, 0.3748, 0.9061, -0.1629
-0.0786, 0.1254, 0.3962, 0.3753, 0.9083, -0.1642
-0.0787, 0.1265, 0.3971, 0.3755, 0.9106, -0.1670
-0.0789, 0.1274, 0.3985, 0.3765, 0.9140, -0.1691
-0.0793, 0.1278, 0.4005, 0.3785, 0.9187, -0.1698
-0.0802, 0.1274, 0.4031, 0.3817, 0.9245, -0.1682
-0.0813, 0.1265, 0.4056, 0.3850, 0.9298, -0.1652
-0.0821, 0.1259, 0.4073, 0.3872, 0.9335, -0.1632
-0.0824, 0.1257, 0.4079, 0.3879, 0.9348, -0.1626
-0.0824, 0.1256, 0.4075, 0.3877, 0.9340, -0.1623
-0.0823, 0.1252, 0.4071, 0.3875, 0.9329, -0.1614
-0.0822, 0.1249, 0.4066, 0.3871, 0.9316, -0.1609
-0.0820, 0.1250, 0.4059, 0.3863, 0.9301, -0.1613
-0.0815, 0.1257, 0.4053, 0.3853, 0.9290, -0.1635
-0.0805, 0.1276, 0.4046, 0.3834, 0.9279, -0.1688
-0.0787, 0.1301, 0.4033, 0.3804, 0.9254, -0.1763
-0.0769, 0.1322, 0.4015, 0.3774, 0.9219, -0.1828
-0.0758, 0.1335, 0.4007, 0.3759, 0.9204, -0.1870
-0.0754, 0.1345, 0.4017, 0.3765, 0.9229, -0.1898
-0.0756, 0.1349, 0.4034, 0.3784, 0.9269, -0.1909
-0.0759, 0.1345, 0.4044, 0.3800, 0.9291, -0.1900
-0.0759, 0.1339, 0.4039, 0.3800, 0.9278, -0.1886
-0.0757, 0.1331, 0.4022, 0.3788, 0.9237, -0.1868
-0.0759, 0.1317, 0.4011, 0.3786, 0.9207, -0.1835
-0.0764, 0.1305, 0.4015, 0.3801, 0.9212, -0.1803
-0.0768, 0.1299, 0.4025, 0.3819, 0.9235, -0.1789
-0.0770, 0.1296, 0.4036, 0.3835, 0.9258, -0.1781
-0.0772, 0.1294, 0.4044, 0.3848, 0.9276, -0.1775
-0.0773, 0.1291, 0.4048, 0.3856, 0.9285, -0.1768
-0.0774, 0.1284, 0.4045, 0.3859, 0.9276, -0.1750
-0.0777, 0.1270, 0.4036, 0.3860, 0.9252, -0.1714
-0.0783, 0.1252, 0.4034, 0.3872, 0.9244, -0.1667
-0.0788, 0.1239, 0.4038, 0.3886, 0.9250, -0.1632
-0.0785, 0.1245, 0.4035, 0.3880, 0.9247, -0.1646
-0.0778, 0.1269, 0.4033, 0.3860, 0.9249, -0.1710
-0.0770, 0.1295, 0.4031, 0.3839, 0.9252, -0.1778
-0.0759, 0.1314, 0.4016, 0.3809, 0.9224, -0.1832
-0.0749, 0.1327, 0.3998, 0.3780, 0.9186, -0.1870
-0.0744, 0.1333, 0.3988, 0.3765, 0.9166, -0.1889
-0.0744, 0.1337, 0.3992, 0.3767, 0.9176, -0.1896
-0.0747, 0.1339, 0.4004, 0.3778, 0.9203, -0.1900
-0.0746, 0.1349, 0.4014, 0.3784, 0.9229, -0.1923
-0.0746, 0.1363, 0.4028, 0.3790, 0.9264, -0.1958
-0.0753, 0.1370, 0.4054, 0.3814, 0.9324, -0.1968
-0.0767, 0.1367, 0.4084, 0.3848, 0.9393, -0.1950
-0.0779, 0.1366, 0.4111, 0.3878, 0.9453, -0.1937
-0.0783, 0.1374, 0.4126, 0.3889, 0.9490, -0.1952
-0.0779, 0.1387, 0.4123, 0.3876, 0.9486, -0.1985
-0.0772, 0.1396, 0.4111, 0.3855, 0.9461, -0.2012
-0.0767, 0.1403, 0.4097, 0.3834, 0.9431, -0.2029
-0.0763, 0.1402, 0.4084, 0.3820, 0.9401, -0.2031
-0.0765, 0.1389, 0.4079, 0.3823, 0.9386, -0.1995
-0.0769, 0.1372, 0.4072, 0.3825, 0.9364, -0.1950
-0.0768, 0.1363, 0.4056, 0.3811, 0.9325, -0.1929
-0.0767, 0.1358, 0.4048, 0.3803, 0.9306, -0.1917
-0.0770, 0.1350, 0.4049, 0.3809, 0.9308, -0.1896
-0.0772, 0.1342, 0.4045, 0.3807, 0.9298, -0.1875
-0.0766, 0.1340, 0.4020, 0.3779, 0.9240, -0.1873
-0.0753, 0.1345, 0.3981, 0.3730, 0.9154, -0.1895
-0.0747, 0.1351, 0.3957, 0.3697, 0.9102, -0.1914
-0.0749, 0.1348, 0.3949, 0.3688, 0.9086, -0.1907
-0.0751, 0.1346, 0.3942, 0.3679, 0.9070, -0.1900
-0.0749, 0.1356, 0.3940, 0.3668, 0.9069, -0.1927
-0.0748, 0.1373, 0.3955, 0.3671, 0.9107, -0.1969
-0.0747, 0.1392, 0.3974, 0.3679, 0.9156, -0.2017
-0.0740, 0.1412, 0.3983, 0.3675, 0.9180, -0.2071
-0.0730, 0.1429, 0.3978, 0.3660, 0.9174, -0.2119
-0.0719, 0.1437, 0.3960, 0.3634, 0.9134, -0.2149
-0.0713, 0.1429, 0.3937, 0.3613, 0.9079, -0.2135
-0.0715, 0.1407, 0.3924, 0.3615, 0.9045, -0.2080
-0.0722, 0.1378, 0.3928, 0.3641, 0.9047, -0.2006
-0.0728, 0.1352, 0.3939, 0.3672, 0.9064, -0.1940
-0.0733, 0.1333, 0.3949, 0.3698, 0.9083, -0.1892
-0.0741, 0.1315, 0.3965, 0.3728, 0.9113, -0.1843
-0.0750, 0.1301, 0.3984, 0.3759, 0.9153, -0.1803
-0.0755, 0.1298, 0.4001, 0.3780, 0.9191, -0.1792
-0.0758, 0.1300, 0.4017, 0.3797, 0.9228, -0.1794
-0.0763, 0.1299, 0.4035, 0.3819, 0.9269, -0.1787
-0.0768, 0.1294, 0.4052, 0.3842, 0.9307, -0.1772
-0.0770, 0.1293, 0.4058, 0.3848, 0.9320, -0.1768
-0.0769, 0.1299, 0.4055, 0.3841, 0.9316, -0.1781
-0.0769, 0.1305, 0.4056, 0.3836, 0.9319, -0.1794
-0.0771, 0.1306, 0.4058, 0.3836, 0.9324, -0.1794
-0.0774, 0.1307, 0.4056, 0.3831, 0.9320, -0.1793
-0.0776, 0.1306, 0.4045, 0.3818, 0.9296, -0.1788
-0.0775, 0.1299, 0.4023, 0.3796, 0.9243, -0.1772
-0.0771, 0.1296, 0.3992, 0.3761, 0.9172, -0.1768
-0.0766, 0.1294, 0.3962, 0.3728, 0.9104, -0.1767
-0.0763, 0.1288, 0.3936, 0.3700, 0.9042, -0.1755
-0.0757, 0.1284, 0.3906, 0.3668, 0.8973, -0.1751
-0.0751, 0.1287, 0.3886, 0.3642, 0.8928, -0.1763
-0.0751, 0.1294, 0.3886, 0.3636, 0.8931, -0.1778
-0.0754, 0.1298, 0.3897, 0.3642, 0.8956, -0.1785
-0.0756, 0.1303, 0.3909, 0.3652, 0.8986, -0.1794
-0.0757, 0.1311, 0.3925, 0.3663, 0.9023, -0.1812
-0.0759, 0.1316, 0.3943, 0.3679, 0.9065, -0.1818
-0.0765, 0.1311, 0.3958, 0.3698, 0.9099, -0.1801
-0.0770, 0.1307, 0.3964, 0.3706, 0.9112, -0.1784
-0.0772, 0.1312, 0.3967, 0.3702, 0.9119, -0.1791
-0.0773, 0.1322, 0.3972, 0.3698, 0.9134, -0.1810
-0.0776, 0.1329, 0.3977, 0.3696, 0.9147, -0.1823
-0.0777, 0.1329, 0.3975, 0.3692, 0.9143, -0.1820
-0.0778, 0.1323, 0.3965, 0.3685, 0.9120, -0.1803
-0.0780, 0.1311, 0.3957, 0.3683, 0.9098, -0.1773
-0.0780, 0.1302, 0.3950, 0.3683, 0.9081, -0.1751
-0.0778, 0.1301, 0.3944, 0.3677, 0.9067, -0.1751
-0.0776, 0.1302, 0.3935, 0.3667, 0.9048, -0.1756
-0.0773, 0.1303, 0.3920, 0.3650, 0.9014, -0.1762
-0.0770, 0.1306, 0.3909, 0.3635, 0.8988, -0.1772
-0.0771, 0.1311, 0.3916, 0.3641, 0.9005, -0.1783
-0.0772, 0.1314, 0.3937, 0.3665, 0.9053, -0.1791
-0.0773, 0.1317, 0.3959, 0.3691, 0.9102, -0.1798
-0.0773, 0.1318, 0.3973, 0.3709, 0.9134, -0.1801
-0.0772, 0.1311, 0.3977, 0.3721, 0.9140, -0.1785
-0.0774, 0.1301, 0.3983, 0.3738, 0.9153, -0.1760
-0.0779, 0.1293, 0.3999, 0.3763, 0.9187, -0.1739
-0.0785, 0.1284, 0.4017, 0.3791, 0.9226, -0.1712
-0.0793, 0.1278, 0.4039, 0.3822, 0.9274, -0.1692
-0.0798, 0.1275, 0.4058, 0.3846, 0.9315, -0.1682
-0.0799, 0.1265, 0.4056, 0.3854, 0.9309, -0.1657
-0.0798, 0.1251, 0.4041, 0.3847, 0.9269, -0.1623
-0.0797, 0.1242, 0.4021, 0.3831, 0.9221, -0.1603
-0.0793, 0.1239, 0.3998, 0.3808, 0.9170, -0.1599
-0.0792, 0.1238, 0.3987, 0.3796, 0.9142, -0.1597
-0.0795, 0.1232, 0.3990, 0.3804, 0.9148, -0.1582
-0.0797, 0.1232, 0.3998, 0.3815, 0.9165, -0.1581
-0.0790, 0.1244, 0.4002, 0.3814, 0.9176, -0.1616
-0.0778, 0.1260, 0.3993, 0.3796, 0.9158, -0.1663
-0.0767, 0.1265, 0.3973, 0.3772, 0.9113, -0.1687
-0.0763, 0.1263, 0.3965, 0.3765, 0.9093, -0.1686
-0.0767, 0.1263, 0.3980, 0.3783, 0.9124, -0.1683
-0.0771, 0.1266, 0.4000, 0.3804, 0.9170, -0.1689
-0.0768, 0.1274, 0.4002, 0.3801, 0.9176, -0.1712
-0.0760, 0.1288, 0.3983, 0.3769, 0.9134, -0.1751
-0.0752, 0.1300, 0.3954, 0.3727, 0.9072, -0.1786
-0.0748, 0.1309, 0.3933, 0.3694, 0.9025, -0.1811
-0.0748, 0.1319, 0.3933, 0.3686, 0.9028, -0.1834
-0.0753, 0.1328, 0.3953, 0.3701, 0.9076, -0.1854
-0.0757, 0.1337, 0.3973, 0.3717, 0.9122, -0.1872
-0.0754, 0.1343, 0.3976, 0.3716, 0.9129, -0.1889
-0.0749, 0.1342, 0.3967, 0.3707, 0.9107, -0.1891
-0.0745, 0.1333, 0.3955, 0.3701, 0.9078, -0.1873
-0.0744, 0.1322, 0.3940, 0.3692, 0.9041, -0.1848
-0.0747, 0.1309, 0.3931, 0.3691, 0.9016, -0.1814
-0.0755, 0.1294, 0.3939, 0.3710, 0.9030, -0.1775
-0.0766, 0.1283, 0.3959, 0.3742, 0.9074, -0.1739
-0.0776, 0.1274, 0.3978, 0.3770, 0.9115, -0.1711
-0.0784, 0.1266, 0.3993, 0.3791, 0.9146, -0.1688
-0.0791, 0.1262, 0.4007, 0.3810, 0.9179, -0.1673
-0.0795, 0.1262, 0.4020, 0.3823, 0.9208, -0.1672
-0.0799, 0.1262, 0.4033, 0.3838, 0.9238, -0.1668
-0.0808, 0.1260, 0.4051, 0.3858, 0.9279, -0.1654
-0.0817, 0.1259, 0.4071, 0.3879, 0.9326, -0.1646
-0.0825, 0.1266, 0.4097, 0.3902, 0.9387, -0.1656
-0.0835, 0.1276, 0.4136, 0.3937, 0.9479, -0.1673
-0.0849, 0.1284, 0.4187, 0.3988, 0.9599, -0.1683
-0.0862, 0.1286, 0.4230, 0.4033, 0.9697, -0.1680
-0.0868, 0.1278, 0.4240, 0.4049, 0.9718, -0.1657
-0.0868, 0.1264, 0.4224, 0.4041, 0.9679, -0.1622
-0.0865, 0.1256, 0.4202, 0.4021, 0.9628, -0.1607
-0.0860, 0.1256, 0.4182, 0.3999, 0.9583, -0.1611
-0.0853, 0.1256, 0.4160, 0.3975, 0.9533, -0.1617
-0.0845, 0.1254, 0.4137, 0.3951, 0.9480, -0.1620
-0.0835, 0.1261, 0.4120, 0.3929, 0.9441, -0.1643
-0.0824, 0.1278, 0.4108, 0.3905, 0.9420, -0.1694
-0.0817, 0.1299, 0.4109, 0.3891, 0.9425, -0.1750
-0.0816, 0.1317, 0.4124, 0.3896, 0.9466, -0.1794
-0.0818, 0.1332, 0.4141, 0.3903, 0.9509, -0.1829
-0.0817, 0.1344, 0.4148, 0.3901, 0.9527, -0.1859
-0.0815, 0.1355, 0.4149, 0.3893, 0.9535, -0.1889
-0.0814, 0.1363, 0.4155, 0.3892, 0.9551, -0.1912
-0.0814, 0.1363, 0.4159, 0.3897, 0.9562, -0.1912
-0.0815, 0.1353, 0.4158, 0.3901, 0.9556, -0.1889
-0.0814, 0.1344, 0.4147, 0.3895, 0.9530, -0.1870
-0.0812, 0.1337, 0.4131, 0.3881, 0.9494, -0.1858
-0.0811, 0.1324, 0.4116, 0.3871, 0.9456, -0.1831
-0.0807, 0.1316, 0.4100, 0.3859, 0.9418, -0.1817
-0.0799, 0.1321, 0.4082, 0.3834, 0.9379, -0.1838
-0.0790, 0.1330, 0.4061, 0.3802, 0.9332, -0.1869
-0.0785, 0.1333, 0.4044, 0.3779, 0.9295, -0.1883
-0.0783, 0.1334, 0.4032, 0.3764, 0.9267, -0.1889
-0.0777, 0.1338, 0.4018, 0.3745, 0.9236, -0.1904
-0.0768, 0.1344, 0.3997, 0.3719, 0.9190, -0.1925
-0.0758, 0.1349, 0.3970, 0.3686, 0.9131, -0.1946
-0.0748, 0.1353, 0.3949, 0.3660, 0.9084, -0.1965
-0.0740, 0.1356, 0.3932, 0.3640, 0.9047, -0.1978
-0.0735, 0.1351, 0.3920, 0.3631, 0.9018, -0.1968
-0.0740, 0.1338, 0.3929, 0.3649, 0.9035, -0.1934
-0.0752, 0.1328, 0.3957, 0.3687, 0.9096, -0.1899
-0.0761, 0.1323, 0.3977, 0.3710, 0.9140, -0.1882
-0.0762, 0.1317, 0.3976, 0.3713, 0.9136, -0.1865
-0.0763, 0.1306, 0.3966, 0.3709, 0.9111, -0.1836
-0.0765, 0.1295, 0.3957, 0.3706, 0.9089, -0.1808
-0.0770, 0.1283, 0.3950, 0.3705, 0.9070, -0.1775
-0.0775, 0.1274, 0.3943, 0.3702, 0.9053, -0.1750
-0.0780, 0.1274, 0.3944, 0.3702, 0.9054, -0.1744
-0.0788, 0.1276, 0.3959, 0.3718, 0.9090, -0.1742
-0.0796, 0.1281, 0.3987, 0.3746, 0.9154, -0.1748
-0.0800, 0.1288, 0.4014, 0.3774, 0.9219, -0.1762
-0.0802, 0.1291, 0.4027, 0.3787, 0.9249, -0.1768
-0.0802, 0.1290, 0.4028, 0.3790, 0.9250, -0.1765
-0.0798, 0.1293, 0.4025, 0.3786, 0.9243, -0.1776
-0.0789, 0.1306, 0.4016, 0.3769, 0.9225, -0.1814
-0.0776, 0.1325, 0.4003, 0.3743, 0.9200, -0.1869
-0.0766, 0.1342, 0.3994, 0.3722, 0.9184, -0.1919
-0.0760, 0.1355, 0.3992, 0.3712, 0.9182, -0.1953
-0.0759, 0.1362, 0.3995, 0.3710, 0.9191, -0.1970
-0.0766, 0.1356, 0.4007, 0.3727, 0.9217, -0.1948
-0.0780, 0.1333, 0.4028, 0.3765, 0.9259, -0.1882
-0.0792, 0.1312, 0.4049, 0.3805, 0.9301, -0.1820
-0.0799, 0.1300, 0.4068, 0.3835, 0.9341, -0.1786
-0.0806, 0.1295, 0.4091, 0.3867, 0.9392, -0.1767
-0.0814, 0.1300, 0.4125, 0.3901, 0.9470, -0.1774
-0.0820, 0.1312, 0.4156, 0.3927, 0.9542, -0.1795
-0.0824, 0.1315, 0.4167, 0.3935, 0.9567, -0.1799
-0.0825, 0.1309, 0.4157, 0.3928, 0.9544, -0.1783
-0.0826, 0.1299, 0.4141, 0.3914, 0.9504, -0.1759
-0.0829, 0.1286, 0.4129, 0.3907, 0.9473, -0.1724
-0.0835, 0.1272, 0.4120, 0.3903, 0.9449, -0.1687
-0.0838, 0.1271, 0.4114, 0.3895, 0.9436, -0.1681
-0.0835, 0.1285, 0.4112, 0.3881, 0.9433, -0.1716
-0.0826, 0.1306, 0.4108, 0.3863, 0.9430, -0.1775
-0.0813, 0.1330, 0.4097, 0.3833, 0.9409, -0.1841
-0.0800, 0.1348, 0.4075, 0.3796, 0.9364, -0.1895
-0.0791, 0.1354, 0.4053, 0.3767, 0.9315, -0.1916
-0.0789, 0.1347, 0.4036, 0.3752, 0.9274, -0.1900
-0.0792, 0.1335, 0.4022, 0.3744, 0.9239, -0.1866
-0.0794, 0.1327, 0.4006, 0.3730, 0.9201, -0.1846
-0.0793, 0.1323, 0.3992, 0.3714, 0.9167, -0.1839
-0.0794, 0.1322, 0.3989, 0.3711, 0.9161, -0.1834
-0.0798, 0.1322, 0.3997, 0.3720, 0.9180, -0.1831
-0.0799, 0.1324, 0.4003, 0.3725, 0.9193, -0.1834
-0.0800, 0.1326, 0.4010, 0.3730, 0.9210, -0.1839
-0.0803, 0.1331, 0.4030, 0.3749, 0.9256, -0.1848
-0.0805, 0.1339, 0.4057, 0.3775, 0.9320, -0.1866
-0.0806, 0.1345, 0.4084, 0.3802, 0.9382, -0.1879
-0.0807, 0.1350, 0.4107, 0.3826, 0.9435, -0.1890
-0.0806, 0.1358, 0.4119, 0.3834, 0.9463, -0.1909
-0.0800, 0.1367, 0.4111, 0.3818, 0.9447, -0.1935
-0.0793, 0.1372, 0.4094, 0.3797, 0.9410, -0.1951
-0.0793, 0.1369, 0.4088, 0.3792, 0.9396, -0.1942
-0.0796, 0.1359, 0.4080, 0.3789, 0.9374, -0.1913
-0.0798, 0.1343, 0.4059, 0.3776, 0.9322, -0.1871
-0.0802, 0.1324, 0.4042, 0.3768, 0.9278, -0.1821
-0.0807, 0.1309, 0.4029, 0.3763, 0.9246, -0.1779
-0.0810, 0.1302, 0.4019, 0.3754, 0.9220, -0.1756
-0.0813, 0.1301, 0.4014, 0.3747, 0.9209, -0.1752
-0.0816, 0.1305, 0.4017, 0.3746, 0.9217, -0.1755
-0.0818, 0.1307, 0.4021, 0.3747, 0.9225, -0.1759
-0.0817, 0.1309, 0.4017, 0.3740, 0.9216, -0.1763
-0.0814, 0.1310, 0.4004, 0.3725, 0.9188, -0.1768
-0.0805, 0.1313, 0.3982, 0.3697, 0.9136, -0.1781
-0.0791, 0.1321, 0.3957, 0.3666, 0.9080, -0.1810
-0.0776, 0.1333, 0.3939, 0.3641, 0.9042, -0.1850
-0.0766, 0.1344, 0.3934, 0.3630, 0.9032, -0.1886
-0.0765, 0.1353, 0.3946, 0.3638, 0.9061, -0.1909
-0.0769, 0.1360, 0.3963, 0.3652, 0.9102, -0.1923
-0.0768, 0.1372, 0.3968, 0.3649, 0.9117, -0.1952
-0.0762, 0.1393, 0.3964, 0.3628, 0.9112, -0.2008
-0.0756, 0.1412, 0.3958, 0.3608, 0.9103, -0.2057
-0.0757, 0.1413, 0.3956, 0.3605, 0.9099, -0.2060
-0.0766, 0.1395, 0.3962, 0.3624, 0.9108, -0.2010
-0.0778, 0.1371, 0.3973, 0.3652, 0.9128, -0.1946
-0.0788, 0.1352, 0.3990, 0.3685, 0.9162, -0.1894
-0.0796, 0.1337, 0.4007, 0.3715, 0.9197, -0.1853
-0.0797, 0.1331, 0.4013, 0.3728, 0.9208, -0.1837
-0.0796, 0.1328, 0.4012, 0.3731, 0.9205, -0.1830
-0.0798, 0.1321, 0.4016, 0.3741, 0.9214, -0.1811
-0.0801, 0.1319, 0.4025, 0.3753, 0.9233, -0.1803
-0.0801, 0.1324, 0.4032, 0.3759, 0.9250, -0.1813
-0.0799, 0.1334, 0.4041, 0.3763, 0.9273, -0.1836
-0.0798, 0.1345, 0.4055, 0.3771, 0.9307, -0.1862
-0.0799, 0.1347, 0.4071, 0.3789, 0.9345, -0.1865
-0.0803, 0.1340, 0.4083, 0.3808, 0.9372, -0.1843
-0.0806, 0.1327, 0.4084, 0.3819, 0.9370, -0.1805
-0.0808, 0.1311, 0.4074, 0.3820, 0.9346, -0.1764
-0.0809, 0.1297, 0.4064, 0.3819, 0.9320, -0.1726
-0.0813, 0.1284, 0.4063, 0.3826, 0.9313, -0.1691
-0.0818, 0.1277, 0.4072, 0.3842, 0.9334, -0.1671
-0.0822, 0.1274, 0.4081, 0.3855, 0.9353, -0.1659
-0.0823, 0.1275, 0.4079, 0.3852, 0.9351, -0.1663
-0.0818, 0.1285, 0.4071, 0.3836, 0.9335, -0.1692
-0.0811, 0.1296, 0.4061, 0.3818, 0.9314, -0.1724
-0.0807, 0.1302, 0.4059, 0.3812, 0.9312, -0.1744
-0.0808, 0.1302, 0.4068, 0.3823, 0.9330, -0.1745
-0.0809, 0.1302, 0.4076, 0.3832, 0.9347, -0.1744
-0.0812, 0.1308, 0.4085, 0.3837, 0.9369, -0.1756
-0.0816, 0.1314, 0.4098, 0.3845, 0.9399, -0.1769
-0.0816, 0.1321, 0.4100, 0.3842, 0.9406, -0.1785
-0.0810, 0.1328, 0.4093, 0.3828, 0.9390, -0.1806
-0.0809, 0.1328, 0.4094, 0.3829, 0.9392, -0.1808
-0.0815, 0.1318, 0.4104, 0.3848, 0.9413, -0.1779
-0.0819, 0.1310, 0.4114, 0.3865, 0.9432, -0.1755
-0.0820, 0.1309, 0.4124, 0.3877, 0.9454, -0.1753
-0.0820, 0.1313, 0.4135, 0.3887, 0.9478, -0.1763
-0.0816, 0.1324, 0.4139, 0.3885, 0.9491, -0.1793
-0.0809, 0.1341, 0.4133, 0.3866, 0.9481, -0.1841
-0.0799, 0.1357, 0.4116, 0.3836, 0.9445, -0.1887
-0.0792, 0.1366, 0.4096, 0.3807, 0.9401, -0.1913
-0.0789, 0.1363, 0.4078, 0.3788, 0.9360, -0.1910
-0.0785, 0.1360, 0.4056, 0.3766, 0.9309, -0.1907
-0.0778, 0.1362, 0.4030, 0.3735, 0.9249, -0.1918
-0.0773, 0.1361, 0.4004, 0.3707, 0.9191, -0.1920
-0.0768, 0.1359, 0.3978, 0.3679, 0.9130, -0.1919
-0.0760, 0.1354, 0.3944, 0.3645, 0.9051, -0.1912
-0.0753, 0.1341, 0.3906, 0.3612, 0.8962, -0.1888
-0.0748, 0.1329, 0.3878, 0.3588, 0.8895, -0.1867
-0.0746, 0.1320, 0.3865, 0.3581, 0.8863, -0.1847
-0.0750, 0.1306, 0.3861, 0.3586, 0.8849, -0.1811
-0.0755, 0.1293, 0.3860, 0.3594, 0.8844, -0.1777
-0.0758, 0.1287, 0.3859, 0.3599, 0.8841, -0.1760
-0.0758, 0.1289, 0.3861, 0.3600, 0.8845, -0.1767
-0.0759, 0.1295, 0.3875, 0.3614, 0.8879, -0.1781
-0.0762, 0.1301, 0.3901, 0.3640, 0.8939, -0.1793
-0.0766, 0.1313, 0.3938, 0.3674, 0.9026, -0.1821
-0.0773, 0.1328, 0.3989, 0.3723, 0.9146, -0.1852
-0.0785, 0.1333, 0.4035, 0.3770, 0.9252, -0.1856
-0.0796, 0.1328, 0.4067, 0.3808, 0.9323, -0.1834
-0.0807, 0.1320, 0.4099, 0.3850, 0.9394, -0.1808
-0.0814, 0.1318, 0.4129, 0.3885, 0.9462, -0.1799
-0.0815, 0.1322, 0.4146, 0.3901, 0.9501, -0.1809
-0.0814, 0.1326, 0.4149, 0.3901, 0.9509, -0.1820
-0.0811, 0.1327, 0.4144, 0.3893, 0.9497, -0.1823
-0.0810, 0.1324, 0.4139, 0.3888, 0.9486, -0.1819
-0.0810, 0.1321, 0.4137, 0.3888, 0.9481, -0.1812
-0.0809, 0.1317, 0.4129, 0.3880, 0.9462, -0.1804
-0.0807, 0.1316, 0.4111, 0.3860, 0.9422, -0.1801
-0.0802, 0.1323, 0.4089, 0.3827, 0.9374, -0.1823
-0.0793, 0.1336, 0.4063, 0.3787, 0.9319, -0.1861
-0.0791, 0.1338, 0.4045, 0.3763, 0.9277, -0.1866
-0.0798, 0.1322, 0.4041, 0.3769, 0.9266, -0.1822
-0.0812, 0.1294, 0.4049, 0.3796, 0.9276, -0.1744
-0.0825, 0.1267, 0.4057, 0.3823, 0.9289, -0.1667
-0.0834, 0.1246, 0.4060, 0.3840, 0.9291, -0.1611
-0.0840, 0.1231, 0.4059, 0.3849, 0.9286, -0.1569
-0.0841, 0.1219, 0.4055, 0.3854, 0.9274, -0.1539
-0.0839, 0.1210, 0.4045, 0.3849, 0.9249, -0.1521
-0.0834, 0.1208, 0.4033, 0.3839, 0.9222, -0.1519
-0.0827, 0.1215, 0.4024, 0.3825, 0.9203, -0.1539
-0.0818, 0.1229, 0.4016, 0.3808, 0.9190, -0.1580
-0.0809, 0.1246, 0.4011, 0.3791, 0.9184, -0.1627
-0.0805, 0.1253, 0.4007, 0.3780, 0.9178, -0.1648
-0.0804, 0.1254, 0.4000, 0.3770, 0.9161, -0.1652
-0.0800, 0.1263, 0.3989, 0.3751, 0.9140, -0.1675
-0.0796, 0.1278, 0.3984, 0.3735, 0.9134, -0.1713
-0.0794, 0.1293, 0.3990, 0.3732, 0.9153, -0.1750
-0.0791, 0.1310, 0.4002, 0.3734, 0.9184, -0.1795
-0.0787, 0.1326, 0.4012, 0.3736, 0.9211, -0.1836
-0.0788, 0.1336, 0.4024, 0.3743, 0.9241, -0.1860
-0.0788, 0.1345, 0.4032, 0.3747, 0.9263, -0.1882
-0.0786, 0.1349, 0.4030, 0.3742, 0.9260, -0.1893
-0.0791, 0.1343, 0.4034, 0.3749, 0.9266, -0.1875
-0.0801, 0.1329, 0.4049, 0.3775, 0.9299, -0.1836
-0.0811, 0.1315, 0.4066, 0.3803, 0.9332, -0.1793
-0.0815, 0.1298, 0.4067, 0.3816, 0.9331, -0.1748
-0.0814, 0.1278, 0.4053, 0.3815, 0.9293, -0.1703
-0.0813, 0.1267, 0.4044, 0.3813, 0.9269, -0.1676
-0.0814, 0.1267, 0.4050, 0.3819, 0.9284, -0.1678
-0.0814, 0.1275, 0.4062, 0.3827, 0.9312, -0.1696
-0.0810, 0.1283, 0.4064, 0.3825, 0.9320, -0.1720
-0.0803, 0.1292, 0.4053, 0.3807, 0.9297, -0.1748
-0.0798, 0.1297, 0.4043, 0.3792, 0.9275, -0.1766
-0.0800, 0.1295, 0.4044, 0.3794, 0.9277, -0.1761
-0.0805, 0.1291, 0.4052, 0.3803, 0.9295, -0.1750
-0.0809, 0.1289, 0.4056, 0.3809, 0.9304, -0.1744
-0.0809, 0.1285, 0.4052, 0.3807, 0.9293, -0.1735
-0.0807, 0.1281, 0.4044, 0.3802, 0.9276, -0.1727
-0.0807, 0.1278, 0.4042, 0.3801, 0.9270, -0.1721
-0.0807, 0.1281, 0.4042, 0.3800, 0.9272, -0.1725
-0.0808, 0.1288, 0.4046, 0.3800, 0.9284, -0.1740
-0.0812, 0.1293, 0.4061, 0.3813, 0.9320, -0.1749
-0.0816, 0.1299, 0.4077, 0.3827, 0.9357, -0.1757
-0.0814, 0.1305, 0.4073, 0.3817, 0.9349, -0.1773
-0.0807, 0.1305, 0.4043, 0.3783, 0.9281, -0.1778
-0.0798, 0.1299, 0.4008, 0.3748, 0.9200, -0.1769
-0.0791, 0.1302, 0.3991, 0.3728, 0.9161, -0.1781
-0.0785, 0.1315, 0.3988, 0.3716, 0.9159, -0.1817
-0.0781, 0.1328, 0.3988, 0.3707, 0.9162, -0.1851
-0.0779, 0.1331, 0.3984, 0.3699, 0.9152, -0.1862
-0.0777, 0.1329, 0.3972, 0.3687, 0.9125, -0.1858
-0.0774, 0.1322, 0.3952, 0.3669, 0.9079, -0.1846
-0.0768, 0.1310, 0.3925, 0.3646, 0.9014, -0.1824
-0.0759, 0.1303, 0.3892, 0.3616, 0.8938, -0.1813
-0.0749, 0.1304, 0.3868, 0.3589, 0.8884, -0.1825
-0.0746, 0.1307, 0.3863, 0.3581, 0.8875, -0.1836
-0.0752, 0.1307, 0.3877, 0.3595, 0.8907, -0.1831
-0.0763, 0.1302, 0.3901, 0.3624, 0.8962, -0.1810
-0.0774, 0.1294, 0.3921, 0.3650, 0.9006, -0.1781
-0.0781, 0.1283, 0.3929, 0.3666, 0.9022, -0.1749
-0.0785, 0.1275, 0.3932, 0.3675, 0.9027, -0.1723
-0.0789, 0.1268, 0.3937, 0.3684, 0.9037, -0.1702
-0.0796, 0.1261, 0.3951, 0.3704, 0.9068, -0.1678
-0.0803, 0.1258, 0.3971, 0.3729, 0.9114, -0.1664
-0.0808, 0.1259, 0.3989, 0.3747, 0.9153, -0.1662
-0.0811, 0.1260, 0.4000, 0.3758, 0.9178, -0.1661
-0.0815, 0.1263, 0.4010, 0.3766, 0.9203, -0.1666
-0.0819, 0.1270, 0.4025, 0.3776, 0.9239, -0.1678
-0.0825, 0.1279, 0.4049, 0.3796, 0.9295, -0.1693
-0.0831, 0.1287, 0.4074, 0.3818, 0.9355, -0.1709
-0.0834, 0.1297, 0.4089, 0.3828, 0.9392, -0.1731
-0.0834, 0.1311, 0.4096, 0.3825, 0.9413, -0.1765
-0.0833, 0.1329, 0.4102, 0.3818, 0.9431, -0.1807
-0.0832, 0.1344, 0.4106, 0.3811, 0.9446, -0.1843
-0.0831, 0.1351, 0.4106, 0.3804, 0.9448, -0.1861
-0.0836, 0.1350, 0.4107, 0.3804, 0.9452, -0.1854
-0.0843, 0.1348, 0.4119, 0.3817, 0.9480, -0.1844
-0.0845, 0.1351, 0.4121, 0.3817, 0.9486, -0.1849
-0.0839, 0.1353, 0.4105, 0.3797, 0.9449, -0.1857
-0.0831, 0.1354, 0.4086, 0.3776, 0.9405, -0.1867
-0.0819, 0.1356, 0.4065, 0.3753, 0.9357, -0.1881
-0.0805, 0.1357, 0.4039, 0.3728, 0.9299, -0.1892
-0.0797, 0.1355, 0.4024, 0.3715, 0.9263, -0.1894
-0.0794, 0.1353, 0.4021, 0.3715, 0.9256, -0.1894
-0.0791, 0.1354, 0.4014, 0.3708, 0.9241, -0.1899
-0.0787, 0.1355, 0.4000, 0.3692, 0.9209, -0.1906
-0.0784, 0.1355, 0.3992, 0.3682, 0.9190, -0.1909
-0.0785, 0.1355, 0.3995, 0.3687, 0.9198, -0.1908
-0.0786, 0.1357, 0.4005, 0.3697, 0.9220, -0.1914
-0.0784, 0.1362, 0.4013, 0.3705, 0.9238, -0.1928
-0.0781, 0.1366, 0.4017, 0.3710, 0.9249, -0.1939
-0.0779, 0.1369, 0.4018, 0.3710, 0.9250, -0.1951
-0.0776, 0.1375, 0.4016, 0.3705, 0.9247, -0.1967
-0.0776, 0.1381, 0.4023, 0.3709, 0.9262, -0.1982
-0.0778, 0.1383, 0.4034, 0.3721, 0.9287, -0.1987
-0.0782, 0.1375, 0.4041, 0.3734, 0.9300, -0.1966
-0.0789, 0.1360, 0.4043, 0.3746, 0.9300, -0.1925
-0.0798, 0.1343, 0.4047, 0.3762, 0.9305, -0.1879
-0.0810, 0.1328, 0.4061, 0.3787, 0.9332, -0.1834
-0.0819, 0.1318, 0.4071, 0.3804, 0.9353, -0.1803
-0.0824, 0.1316, 0.4079, 0.3812, 0.9369, -0.1793
-0.0829, 0.1322, 0.4095, 0.3825, 0.9408, -0.1805
-0.0832, 0.1331, 0.4114, 0.3840, 0.9453, -0.1824
-0.0836, 0.1333, 0.4133, 0.3860, 0.9497, -0.1827
-0.0840, 0.1330, 0.4148, 0.3879, 0.9528, -0.1815
-0.0841, 0.1326, 0.4153, 0.3889, 0.9539, -0.1805
-0.0841, 0.1328, 0.4160, 0.3897, 0.9554, -0.1809
-0.0843, 0.1330, 0.4168, 0.3905, 0.9573, -0.1811
-0.0844, 0.1325, 0.4172, 0.3915, 0.9580, -0.1799
-0.0844, 0.1316, 0.4179, 0.3931, 0.9591, -0.1777
-0.0846, 0.1309, 0.4192, 0.3955, 0.9619, -0.1758
-0.0849, 0.1305, 0.4210, 0.3983, 0.9659, -0.1744
-0.0850, 0.1301, 0.4224, 0.4005, 0.9688, -0.1732
-0.0849, 0.1296, 0.4226, 0.4014, 0.9690, -0.1721
-0.0847, 0.1294, 0.4221, 0.4013, 0.9677, -0.1716
-0.0845, 0.1296, 0.4217, 0.4010, 0.9669, -0.1721
-0.0844, 0.1295, 0.4213, 0.4007, 0.9659, -0.1720
-0.0841, 0.1292, 0.4202, 0.3998, 0.9633, -0.1715
-0.0837, 0.1291, 0.4187, 0.3982, 0.9598, -0.1714
-0.0835, 0.1288, 0.4171, 0.3966, 0.9561, -0.1708
-0.0831, 0.1282, 0.4145, 0.3942, 0.9501, -0.1695
-0.0821, 0.1276, 0.4104, 0.3900, 0.9407, -0.1689
-0.0811, 0.1276, 0.4067, 0.3859, 0.9324, -0.1696
-0.0806, 0.1273, 0.4051, 0.3845, 0.9287, -0.1691
-0.0811, 0.1256, 0.4051, 0.3858, 0.9285, -0.1647
-0.0820, 0.1233, 0.4063, 0.3889, 0.9308, -0.1585
-0.0827, 0.1218, 0.4072, 0.3911, 0.9326, -0.1541
-0.0827, 0.1217, 0.4069, 0.3909, 0.9319, -0.1538
-0.0823, 0.1228, 0.4064, 0.3898, 0.9312, -0.1566
-0.0819, 0.1239, 0.4062, 0.3889, 0.9310, -0.1595
-0.0816, 0.1244, 0.4053, 0.3876, 0.9293, -0.1609
-0.0815, 0.1242, 0.4040, 0.3862, 0.9262, -0.1605
-0.0818, 0.1232, 0.4028, 0.3855, 0.9234, -0.1577
-0.0824, 0.1215, 0.4026, 0.3863, 0.9224, -0.1532
-0.0829, 0.1200, 0.4028, 0.3876, 0.9225, -0.1493
-0.0829, 0.1190, 0.4022, 0.3878, 0.9210, -0.1468
-0.0824, 0.1181, 0.4009, 0.3870, 0.9176, -0.1451
-0.0817, 0.1175, 0.3997, 0.3862, 0.9148, -0.1440
-0.0814, 0.1166, 0.3988, 0.3858, 0.9124, -0.1420
-0.0816, 0.1156, 0.3984, 0.3859, 0.9112, -0.1395
-0.0816, 0.1156, 0.3985, 0.3857, 0.9113, -0.1397
-0.0815, 0.1164, 0.3986, 0.3852, 0.9118, -0.1417
-0.0817, 0.1164, 0.3988, 0.3852, 0.9123, -0.1417
-0.0821, 0.1157, 0.3992, 0.3860, 0.9130, -0.1400
-0.0825, 0.1149, 0.3996, 0.3869, 0.9136, -0.1379
-0.0826, 0.1143, 0.3990, 0.3866, 0.9122, -0.1365
-0.0825, 0.1140, 0.3976, 0.3852, 0.9089, -0.1359
-0.0823, 0.1143, 0.3971, 0.3843, 0.9076, -0.1371
-0.0820, 0.1157, 0.3979, 0.3842, 0.9098, -0.1408
-0.0818, 0.1175, 0.3993, 0.3845, 0.9135, -0.1456
-0.0820, 0.1190, 0.4013, 0.3855, 0.9182, -0.1492
-0.0823, 0.1205, 0.4037, 0.3870, 0.9241, -0.1528
-0.0825, 0.1226, 0.4060, 0.3879, 0.9298, -0.1579
-0.0827, 0.1246, 0.4080, 0.3886, 0.9348, -0.1626
-0.0828, 0.1258, 0.4087, 0.3882, 0.9367, -0.1656
-0.0824, 0.1263, 0.4075, 0.3864, 0.9341, -0.1670
-0.0817, 0.1262, 0.4048, 0.3833, 0.9280, -0.1674
-0.0810, 0.1258, 0.4019, 0.3803, 0.9213, -0.1668
-0.0806, 0.1256, 0.4007, 0.3790, 0.9186, -0.1664
-0.0804, 0.1262, 0.4012, 0.3791, 0.9199, -0.1681
-0.0801, 0.1277, 0.4027, 0.3797, 0.9236, -0.1718
-0.0797, 0.1296, 0.4043, 0.3801, 0.9276, -0.1765
-0.0795, 0.1314, 0.4057, 0.3805, 0.9313, -0.1809
-0.0797, 0.1324, 0.4078, 0.3821, 0.9364, -0.1830
-0.0800, 0.1328, 0.4096, 0.3837, 0.9405, -0.1838
-0.0804, 0.1329, 0.4109, 0.3851, 0.9436, -0.1836
-0.0810, 0.1323, 0.4119, 0.3864, 0.9456, -0.1817
-0.0815, 0.1311, 0.4112, 0.3862, 0.9437, -0.1785
-0.0822, 0.1295, 0.4103, 0.3860, 0.9413, -0.1742
-0.0828, 0.1282, 0.4100, 0.3863, 0.9400, -0.1706
-0.0830, 0.1275, 0.4092, 0.3856, 0.9379, -0.1691
-0.0831, 0.1275, 0.4087, 0.3850, 0.9368, -0.1691
-0.0832, 0.1277, 0.4085, 0.3845, 0.9362, -0.1695
-0.0835, 0.1277, 0.4084, 0.3842, 0.9359, -0.1694
-0.0840, 0.1278, 0.4089, 0.3845, 0.9372, -0.1693
-0.0843, 0.1280, 0.4096, 0.3851, 0.9388, -0.1697
-0.0844, 0.1289, 0.4106, 0.3856, 0.9413, -0.1716
-0.0844, 0.1309, 0.4127, 0.3867, 0.9467, -0.1763
-0.0843, 0.1332, 0.4157, 0.3885, 0.9539, -0.1819
-0.0842, 0.1349, 0.4180, 0.3902, 0.9596, -0.1859
-0.0840, 0.1353, 0.4183, 0.3905, 0.9604, -0.1870
-0.0836, 0.1345, 0.4166, 0.3892, 0.9563, -0.1854
-0.0831, 0.1334, 0.4142, 0.3874, 0.9505, -0.1829
-0.0826, 0.1325, 0.4115, 0.3851, 0.9441, -0.1810
-0.0819, 0.1316, 0.4083, 0.3822, 0.9365, -0.1792
-0.0813, 0.1308, 0.4054, 0.3795, 0.9298, -0.1777
-0.0808, 0.1308, 0.4035, 0.3775, 0.9254, -0.1780
-0.0802, 0.1311, 0.4019, 0.3755, 0.9217, -0.1789
-0.0796, 0.1312, 0.3996, 0.3728, 0.9165, -0.1796
-0.0790, 0.1313, 0.3972, 0.3701, 0.9112, -0.1800
-0.0790, 0.1310, 0.3964, 0.3692, 0.9091, -0.1792
-0.0796, 0.1305, 0.3977, 0.3710, 0.9121, -0.1775
-0.0804, 0.1301, 0.4006, 0.3746, 0.9186, -0.1760
-0.0811, 0.1294, 0.4030, 0.3779, 0.9238, -0.1737
-0.0816, 0.1286, 0.4043, 0.3799, 0.9264, -0.1713
-0.0823, 0.1281, 0.4057, 0.3818, 0.9294, -0.1695
-0.0832, 0.1274, 0.4078, 0.3846, 0.9339, -0.1671
-0.0843, 0.1268, 0.4101, 0.3874, 0.9388, -0.1648
-0.0852, 0.1271, 0.4122, 0.3893, 0.9436, -0.1650
-0.0857, 0.1286, 0.4143, 0.3903, 0.9487, -0.1683
-0.0862, 0.1305, 0.4168, 0.3916, 0.9548, -0.1724
-0.0865, 0.1320, 0.4185, 0.3922, 0.9590, -0.1758
-0.0863, 0.1331, 0.4185, 0.3912, 0.9592, -0.1787
-0.0861, 0.1341, 0.4185, 0.3905, 0.9596, -0.1812
-0.0861, 0.1350, 0.4192, 0.3905, 0.9613, -0.1833
-0.0860, 0.1356, 0.4191, 0.3898, 0.9613, -0.1850
-0.0860, 0.1358, 0.4186, 0.3889, 0.9602, -0.1854
-0.0861, 0.1356, 0.4182, 0.3884, 0.9594, -0.1849
-0.0862, 0.1357, 0.4184, 0.3884, 0.9598, -0.1851
-0.0861, 0.1364, 0.4186, 0.3880, 0.9604, -0.1870
-0.0858, 0.1372, 0.4190, 0.3880, 0.9615, -0.1891
-0.0857, 0.1375, 0.4201, 0.3892, 0.9641, -0.1899
-0.0854, 0.1378, 0.4209, 0.3900, 0.9661, -0.1909
-0.0849, 0.1381, 0.4208, 0.3898, 0.9660, -0.1922
-0.0845, 0.1376, 0.4205, 0.3901, 0.9653, -0.1912
-0.0846, 0.1361, 0.4201, 0.3907, 0.9639, -0.1876
-0.0849, 0.1342, 0.4194, 0.3914, 0.9621, -0.1828
-0.0855, 0.1321, 0.4191, 0.3924, 0.9609, -0.1774
-0.0862, 0.1303, 0.4188, 0.3932, 0.9598, -0.1728
-0.0866, 0.1295, 0.4184, 0.3930, 0.9586, -0.1707
-0.0866, 0.1297, 0.4181, 0.3924, 0.9580, -0.1711
-0.0863, 0.1307, 0.4180, 0.3916, 0.9581, -0.1736
-0.0860, 0.1319, 0.4182, 0.3909, 0.9588, -0.1769
-0.0857, 0.1327, 0.4188, 0.3911, 0.9603, -0.1791
-0.0853, 0.1325, 0.4187, 0.3911, 0.9599, -0.1790
-0.0850, 0.1318, 0.4179, 0.3908, 0.9579, -0.1777
-0.0847, 0.1317, 0.4177, 0.3907, 0.9573, -0.1775
-0.0845, 0.1320, 0.4174, 0.3902, 0.9569, -0.1784
-0.0843, 0.1321, 0.4168, 0.3894, 0.9555, -0.1787
-0.0842, 0.1319, 0.4160, 0.3885, 0.9535, -0.1783
-0.0842, 0.1313, 0.4152, 0.3880, 0.9516, -0.1767
-0.0845, 0.1303, 0.4151, 0.3886, 0.9511, -0.1739
-0.0850, 0.1295, 0.4158, 0.3899, 0.9524, -0.1714
-0.0854, 0.1295, 0.4167, 0.3909, 0.9544, -0.1710
-0.0856, 0.1299, 0.4168, 0.3907, 0.9548, -0.1717
-0.0855, 0.1301, 0.4156, 0.3892, 0.9519, -0.1720
-0.0847, 0.1305, 0.4134, 0.3867, 0.9470, -0.1734
-0.0839, 0.1313, 0.4120, 0.3848, 0.9440, -0.1760
-0.0835, 0.1322, 0.4117, 0.3841, 0.9435, -0.1782
-0.0834, 0.1330, 0.4118, 0.3839, 0.9439, -0.1800
-0.0832, 0.1336, 0.4119, 0.3839, 0.9443, -0.1815
-0.0828, 0.1337, 0.4111, 0.3834, 0.9424, -0.1819
-0.0824, 0.1331, 0.4096, 0.3825, 0.9387, -0.1808
-0.0820, 0.1326, 0.4086, 0.3822, 0.9363, -0.1798
-0.0815, 0.1332, 0.4085, 0.3819, 0.9361, -0.1816
-0.0812, 0.1344, 0.4090, 0.3819, 0.9376, -0.1848
-0.0813, 0.1345, 0.4093, 0.3822, 0.9383, -0.1852
-0.0816, 0.1333, 0.4084, 0.3820, 0.9359, -0.1822
-0.0815, 0.1320, 0.4068, 0.3813, 0.9320, -0.1792
-0.0809, 0.1312, 0.4051, 0.3802, 0.9280, -0.1777
-0.0805, 0.1300, 0.4035, 0.3796, 0.9240, -0.1751
-0.0803, 0.1289, 0.4027, 0.3797, 0.9220, -0.1725
-0.0801, 0.1288, 0.4026, 0.3799, 0.9219, -0.1726
-0.0796, 0.1296, 0.4027, 0.3796, 0.9223, -0.1748
-0.0788, 0.1309, 0.4021, 0.3782, 0.9213, -0.1783
-0.0778, 0.1324, 0.4003, 0.3752, 0.9177, -0.1825
-0.0771, 0.1332, 0.3989, 0.3730, 0.9147, -0.1847
-0.0771, 0.1329, 0.3982, 0.3723, 0.9131, -0.1840
-0.0775, 0.1317, 0.3976, 0.3724, 0.9116, -0.1808
-0.0781, 0.1300, 0.3976, 0.3734, 0.9112, -0.1762
-0.0785, 0.1287, 0.3972, 0.3739, 0.9101, -0.1729
-0.0781, 0.1282, 0.3957, 0.3726, 0.9065, -0.1720
-0.0778, 0.1283, 0.3946, 0.3713, 0.9043, -0.1727
-0.0780, 0.1290, 0.3956, 0.3717, 0.9067, -0.1743
-0.0786, 0.1301, 0.3979, 0.3734, 0.9124, -0.1765
-0.0791, 0.1317, 0.4006, 0.3751, 0.9189, -0.1798
-0.0794, 0.1333, 0.4025, 0.3760, 0.9237, -0.1834
-0.0798, 0.1340, 0.4043, 0.3775, 0.9279, -0.1847
-0.0806, 0.1332, 0.4065, 0.3804, 0.9326, -0.1821
-0.0817, 0.1316, 0.4083, 0.3835, 0.9363, -0.1776
-0.0824, 0.1303, 0.4097, 0.3861, 0.9391, -0.1739
-0.0831, 0.1293, 0.4114, 0.3887, 0.9427, -0.1709
-0.0838, 0.1288, 0.4134, 0.3913, 0.9471, -0.1693
-0.0840, 0.1290, 0.4148, 0.3928, 0.9504, -0.1697
-0.0840, 0.1297, 0.4156, 0.3932, 0.9521, -0.1715
-0.0837, 0.1307, 0.4157, 0.3925, 0.9526, -0.1743
-0.0828, 0.1322, 0.4139, 0.3894, 0.9489, -0.1787
-0.0814, 0.1340, 0.4108, 0.3846, 0.9423, -0.1844
-0.0804, 0.1354, 0.4084, 0.3808, 0.9371, -0.1888
-0.0801, 0.1360, 0.4074, 0.3791, 0.9348, -0.1906
-0.0801, 0.1366, 0.4076, 0.3787, 0.9353, -0.1921
-0.0805, 0.1378, 0.4095, 0.3797, 0.9398, -0.1950
-0.0812, 0.1391, 0.4122, 0.3817, 0.9462, -0.1975
-0.0820, 0.1398, 0.4145, 0.3836, 0.9516, -0.1988
-0.0823, 0.1407, 0.4160, 0.3845, 0.9553, -0.2008
-0.0817, 0.1424, 0.4157, 0.3829, 0.9551, -0.2052
-0.0806, 0.1444, 0.4140, 0.3794, 0.9516, -0.2109
-0.0802, 0.1459, 0.4134, 0.3775, 0.9508, -0.2148
-0.0807, 0.1465, 0.4151, 0.3787, 0.9547, -0.2158
-0.0815, 0.1465, 0.4176, 0.3814, 0.9604, -0.2152
-0.0822, 0.1462, 0.4201, 0.3843, 0.9659, -0.2140
-0.0823, 0.1462, 0.4212, 0.3854, 0.9684, -0.2140
-0.0815, 0.1471, 0.4205, 0.3839, 0.9669, -0.2167
-0.0808, 0.1480, 0.4197, 0.3824, 0.9654, -0.2194
-0.0806, 0.1480, 0.4194, 0.3820, 0.9648, -0.2196
-0.0802, 0.1477, 0.4183, 0.3808, 0.9623, -0.2189
-0.0795, 0.1476, 0.4160, 0.3781, 0.9570, -0.2193
-0.0786, 0.1478, 0.4133, 0.3749, 0.9511, -0.2204
-0.0780, 0.1480, 0.4113, 0.3724, 0.9466, -0.2214
-0.0776, 0.1480, 0.4096, 0.3702, 0.9427, -0.2217
-0.0774, 0.1476, 0.4083, 0.3690, 0.9397, -0.2208
-0.0776, 0.1464, 0.4076, 0.3690, 0.9378, -0.2177
-0.0778, 0.1449, 0.4065, 0.3686, 0.9349, -0.2140
-0.0780, 0.1437, 0.4050, 0.3676, 0.9313, -0.2111
-0.0785, 0.1427, 0.4047, 0.3677, 0.9304, -0.2081
-0.0797, 0.1412, 0.4064, 0.3704, 0.9339, -0.2038
-0.0811, 0.1393, 0.4089, 0.3745, 0.9392, -0.1983
-0.0823, 0.1379, 0.4117, 0.3785, 0.9451, -0.1941
-0.0831, 0.1376, 0.4142, 0.3815, 0.9510, -0.1929
-0.0831, 0.1378, 0.4146, 0.3817, 0.9520, -0.1934
-0.0825, 0.1379, 0.4122, 0.3788, 0.9466, -0.1942
-0.0819, 0.1379, 0.4094, 0.3755, 0.9403, -0.1947
-0.0815, 0.1377, 0.4074, 0.3733, 0.9357, -0.1945
-0.0809, 0.1370, 0.4048, 0.3709, 0.9299, -0.1935
-0.0801, 0.1360, 0.4019, 0.3685, 0.9230, -0.1918
-0.0796, 0.1350, 0.4001, 0.3672, 0.9188, -0.1898
-0.0796, 0.1335, 0.3995, 0.3676, 0.9171, -0.1863
-0.0799, 0.1311, 0.3992, 0.3690, 0.9157, -0.1803
-0.0803, 0.1288, 0.3988, 0.3703, 0.9144, -0.1746
-0.0808, 0.1278, 0.3992, 0.3715, 0.9152, -0.1719
-0.0811, 0.1281, 0.4004, 0.3725, 0.9180, -0.1725
-0.0811, 0.1293, 0.4016, 0.3732, 0.9214, -0.1753
-0.0810, 0.1307, 0.4027, 0.3735, 0.9242, -0.1788
-0.0805, 0.1319, 0.4028, 0.3731, 0.9249, -0.1817
-0.0798, 0.1331, 0.4021, 0.3717, 0.9234, -0.1851
-0.0790, 0.1344, 0.4014, 0.3703, 0.9222, -0.1888
-0.0785, 0.1353, 0.4017, 0.3702, 0.9231, -0.1914
-0.0785, 0.1359, 0.4030, 0.3716, 0.9262, -0.1927
-0.0788, 0.1360, 0.4046, 0.3735, 0.9299, -0.1927
-0.0788, 0.1363, 0.4051, 0.3741, 0.9311, -0.1932
-0.0780, 0.1369, 0.4035, 0.3720, 0.9276, -0.1952
-0.0770, 0.1370, 0.4006, 0.3687, 0.9209, -0.1961
-0.0764, 0.1358, 0.3978, 0.3665, 0.9142, -0.1938
-0.0763, 0.1339, 0.3964, 0.3665, 0.9106, -0.1892
-0.0762, 0.1327, 0.3958, 0.3668, 0.9088, -0.1864
-0.0754, 0.1325, 0.3939, 0.3649, 0.9043, -0.1865
-0.0744, 0.1318, 0.3909, 0.3623, 0.8974, -0.1856
-0.0736, 0.1304, 0.3878, 0.3602, 0.8899, -0.1828
-0.0729, 0.1294, 0.3848, 0.3576, 0.8827, -0.1812
-0.0723, 0.1291, 0.3826, 0.3555, 0.8777, -0.1809
-0.0722, 0.1289, 0.3821, 0.3550, 0.8764, -0.1807
-0.0724, 0.1287, 0.3824, 0.3556, 0.8770, -0.1801
-0.0727, 0.1281, 0.3826, 0.3563, 0.8773, -0.1786
-0.0730, 0.1274, 0.3832, 0.3575, 0.8784, -0.1769
-0.0737, 0.1271, 0.3854, 0.3605, 0.8834, -0.1755
-0.0748, 0.1275, 0.3896, 0.3650, 0.8930, -0.1757
-0.0759, 0.1287, 0.3940, 0.3693, 0.9032, -0.1778
-0.0768, 0.1302, 0.3979, 0.3726, 0.9123, -0.1807
-0.0778, 0.1319, 0.4019, 0.3761, 0.9220, -0.1838
-0.0787, 0.1336, 0.4063, 0.3799, 0.9323, -0.1873
-0.0795, 0.1353, 0.4102, 0.3833, 0.9415, -0.1907
-0.0801, 0.1366, 0.4133, 0.3862, 0.9489, -0.1933
-0.0804, 0.1379, 0.4162, 0.3887, 0.9557, -0.1963
-0.0805, 0.1391, 0.4182, 0.3904, 0.9605, -0.1992
-0.0803, 0.1394, 0.4180, 0.3902, 0.9602, -0.2000
-0.0800, 0.1392, 0.4163, 0.3884, 0.9563, -0.2000
-0.0799, 0.1398, 0.4154, 0.3869, 0.9544, -0.2015
-0.0800, 0.1407, 0.4149, 0.3854, 0.9535, -0.2039
-0.0803, 0.1406, 0.4136, 0.3837, 0.9505, -0.2034
-0.0808, 0.1394, 0.4123, 0.3828, 0.9473, -0.2001
-0.0811, 0.1380, 0.4110, 0.3822, 0.9441, -0.1965
-0.0816, 0.1364, 0.4105, 0.3825, 0.9424, -0.1922
-0.0828, 0.1346, 0.4121, 0.3855, 0.9457, -0.1871
-0.0840, 0.1332, 0.4148, 0.3894, 0.9514, -0.1830
-0.0849, 0.1326, 0.4176, 0.3929, 0.9576, -0.1810
-0.0855, 0.1324, 0.4205, 0.3965, 0.9642, -0.1800
-0.0861, 0.1322, 0.4233, 0.3997, 0.9704, -0.1794
-0.0871, 0.1317, 0.4260, 0.4028, 0.9764, -0.1776
-0.0882, 0.1307, 0.4283, 0.4059, 0.9814, -0.1744
-0.0889, 0.1301, 0.4294, 0.4073, 0.9839, -0.1726
-0.0890, 0.1308, 0.4292, 0.4062, 0.9835, -0.1740
-0.0885, 0.1321, 0.4279, 0.4035, 0.9808, -0.1776
-0.0878, 0.1335, 0.4261, 0.4002, 0.9771, -0.1817
-0.0874, 0.1340, 0.4240, 0.3973, 0.9725, -0.1830
-0.0872, 0.1330, 0.4214, 0.3948, 0.9661, -0.1807
-0.0867, 0.1322, 0.4184, 0.3918, 0.9590, -0.1793
-0.0860, 0.1326, 0.4162, 0.3889, 0.9540, -0.1806
-0.0856, 0.1331, 0.4153, 0.3874, 0.9518, -0.1818
-0.0853, 0.1330, 0.4141, 0.3860, 0.9491, -0.1817
-0.0847, 0.1329, 0.4117, 0.3832, 0.9436, -0.1815
-0.0839, 0.1332, 0.4087, 0.3794, 0.9368, -0.1827
-0.0833, 0.1338, 0.4070, 0.3767, 0.9330, -0.1845
-0.0834, 0.1344, 0.4075, 0.3764, 0.9344, -0.1859
-0.0838, 0.1351, 0.4093, 0.3777, 0.9388, -0.1872
-0.0843, 0.1357, 0.4119, 0.3799, 0.9447, -0.1882
-0.0845, 0.1364, 0.4145, 0.3823, 0.9509, -0.1899
-0.0846, 0.1369, 0.4168, 0.3846, 0.9563, -0.1912
-0.0846, 0.1370, 0.4185, 0.3866, 0.9601, -0.1915
-0.0842, 0.1371, 0.4185, 0.3867, 0.9604, -0.1922
-0.0838, 0.1376, 0.4178, 0.3855, 0.9590, -0.1938
-0.0837, 0.1384, 0.4177, 0.3847, 0.9590, -0.1959
-0.0838, 0.1389, 0.4173, 0.3836, 0.9582, -0.1970
-0.0836, 0.1392, 0.4158, 0.3816, 0.9552, -0.1978
-0.0834, 0.1396, 0.4144, 0.3795, 0.9520, -0.1988
-0.0832, 0.1394, 0.4132, 0.3781, 0.9494, -0.1984
-0.0831, 0.1390, 0.4122, 0.3772, 0.9471, -0.1975
-0.0831, 0.1389, 0.4118, 0.3767, 0.9462, -0.1971
-0.0835, 0.1385, 0.4123, 0.3774, 0.9474, -0.1956
-0.0842, 0.1375, 0.4131, 0.3788, 0.9489, -0.1926
-0.0846, 0.1365, 0.4130, 0.3793, 0.9487, -0.1898
-0.0847, 0.1358, 0.4122, 0.3787, 0.9466, -0.1881
-0.0842, 0.1361, 0.4112, 0.3774, 0.9444, -0.1891
-0.0832, 0.1384, 0.4108, 0.3754, 0.9440, -0.1954
-0.0824, 0.1415, 0.4117, 0.3743, 0.9468, -0.2032
-0.0823, 0.1437, 0.4134, 0.3746, 0.9513, -0.2087
-0.0820, 0.1459, 0.4147, 0.3745, 0.9548, -0.2140
-0.0815, 0.1481, 0.4154, 0.3737, 0.9568, -0.2198
-0.0809, 0.1499, 0.4157, 0.3730, 0.9580, -0.2244
-0.0804, 0.1514, 0.4162, 0.3724, 0.9594, -0.2285
-0.0801, 0.1531, 0.4167, 0.3717, 0.9609, -0.2328
-0.0802, 0.1543, 0.4177, 0.3720, 0.9635, -0.2357
-0.0807, 0.1550, 0.4192, 0.3731, 0.9672, -0.2369
-0.0811, 0.1552, 0.4200, 0.3738, 0.9691, -0.2370
-0.0818, 0.1546, 0.4210, 0.3752, 0.9712, -0.2352
-0.0827, 0.1537, 0.4231, 0.3781, 0.9755, -0.2324
-0.0831, 0.1531, 0.4242, 0.3799, 0.9780, -0.2308
-0.0827, 0.1528, 0.4235, 0.3795, 0.9763, -0.2303
-0.0823, 0.1525, 0.4224, 0.3786, 0.9737, -0.2300
-0.0822, 0.1526, 0.4227, 0.3789, 0.9742, -0.2304
-0.0822, 0.1531, 0.4238, 0.3800, 0.9769, -0.2314
-0.0823, 0.1527, 0.4241, 0.3806, 0.9773, -0.2306
-0.0824, 0.1512, 0.4228, 0.3803, 0.9741, -0.2270
-0.0826, 0.1498, 0.4211, 0.3792, 0.9698, -0.2235
-0.0829, 0.1484, 0.4197, 0.3785, 0.9664, -0.2200
-0.0835, 0.1462, 0.4189, 0.3790, 0.9639, -0.2143
-0.0844, 0.1433, 0.4187, 0.3807, 0.9628, -0.2067
-0.0854, 0.1404, 0.4191, 0.3830, 0.9629, -0.1991
-0.0861, 0.1383, 0.4194, 0.3848, 0.9630, -0.1936
-0.0865, 0.1363, 0.4190, 0.3858, 0.9618, -0.1885
-0.0870, 0.1338, 0.4181, 0.3864, 0.9589, -0.1821
-0.0875, 0.1315, 0.4168, 0.3864, 0.9554, -0.1762
-0.0879, 0.1298, 0.4160, 0.3866, 0.9533, -0.1718
-0.0882, 0.1286, 0.4160, 0.3873, 0.9527, -0.1687
-0.0884, 0.1278, 0.4156, 0.3873, 0.9515, -0.1666
-0.0885, 0.1269, 0.4149, 0.3870, 0.9497, -0.1645
-0.0887, 0.1260, 0.4149, 0.3878, 0.9495, -0.1620
-0.0888, 0.1255, 0.4153, 0.3886, 0.9501, -0.1606
-0.0885, 0.1260, 0.4147, 0.3876, 0.9488, -0.1620
-0.0875, 0.1273, 0.4128, 0.3847, 0.9448, -0.1658
-0.0861, 0.1291, 0.4100, 0.3804, 0.9388, -0.1711
-0.0843, 0.1309, 0.4066, 0.3755, 0.9314, -0.1767
-0.0830, 0.1322, 0.4043, 0.3724, 0.9266, -0.1806
-0.0826, 0.1330, 0.4051, 0.3729, 0.9285, -0.1828
-0.0828, 0.1346, 0.4078, 0.3750, 0.9349, -0.1864
-0.0828, 0.1367, 0.4104, 0.3766, 0.9415, -0.1915
-0.0829, 0.1382, 0.4126, 0.3780, 0.9467, -0.1951
-0.0830, 0.1394, 0.4140, 0.3789, 0.9504, -0.1977
-0.0827, 0.1405, 0.4138, 0.3777, 0.9501, -0.2007
-0.0819, 0.1412, 0.4112, 0.3743, 0.9445, -0.2029
-0.0812, 0.1408, 0.4082, 0.3713, 0.9376, -0.2023
-0.0811, 0.1393, 0.4064, 0.3704, 0.9331, -0.1988
-0.0812, 0.1375, 0.4057, 0.3710, 0.9311, -0.1945
-0.0814, 0.1358, 0.4054, 0.3720, 0.9301, -0.1904
-0.0814, 0.1345, 0.4046, 0.3723, 0.9279, -0.1872
-0.0807, 0.1335, 0.4027, 0.3712, 0.9234, -0.1854
-0.0796, 0.1331, 0.4003, 0.3693, 0.9176, -0.1854
-0.0783, 0.1331, 0.3977, 0.3670, 0.9116, -0.1861
-0.0775, 0.1329, 0.3958, 0.3655, 0.9072, -0.1864
-0.0774, 0.1324, 0.3955, 0.3658, 0.9062, -0.1853
-0.0777, 0.1320, 0.3956, 0.3666, 0.9063, -0.1839
-0.0778, 0.1318, 0.3956, 0.3669, 0.9062, -0.1832
-0.0784, 0.1311, 0.3959, 0.3679, 0.9068, -0.1813
-0.0792, 0.1301, 0.3960, 0.3686, 0.9067, -0.1782
-0.0797, 0.1296, 0.3958, 0.3688, 0.9062, -0.1765
-0.0802, 0.1294, 0.3967, 0.3701, 0.9081, -0.1756
-0.0811, 0.1285, 0.3990, 0.3733, 0.9130, -0.1728
-0.0826, 0.1268, 0.4023, 0.3784, 0.9200, -0.1674
-0.0840, 0.1247, 0.4048, 0.3827, 0.9252, -0.1614
-0.0849, 0.1231, 0.4063, 0.3857, 0.9282, -0.1568
-0.0857, 0.1221, 0.4081, 0.3885, 0.9320, -0.1537
-0.0866, 0.1211, 0.4098, 0.3912, 0.9356, -0.1506
-0.0873, 0.1202, 0.4113, 0.3934, 0.9388, -0.1478
-0.0876, 0.1202, 0.4126, 0.3949, 0.9418, -0.1476
-0.0877, 0.1211, 0.4140, 0.3960, 0.9452, -0.1496
-0.0876, 0.1221, 0.4154, 0.3969, 0.9486, -0.1520
-0.0873, 0.1233, 0.4168, 0.3978, 0.9520, -0.1551
-0.0870, 0.1252, 0.4190, 0.3991, 0.9575, -0.1598
-0.0867, 0.1272, 0.4215, 0.4006, 0.9638, -0.1650
-0.0863, 0.1288, 0.4233, 0.4016, 0.9683, -0.1691
-0.0861, 0.1293, 0.4247, 0.4030, 0.9717, -0.1704
-0.0864, 0.1287, 0.4263, 0.4052, 0.9751, -0.1689
-0.0866, 0.1280, 0.4269, 0.4064, 0.9765, -0.1672
-0.0860, 0.1283, 0.4257, 0.4049, 0.9739, -0.1684
-0.0848, 0.1298, 0.4236, 0.4016, 0.9696, -0.1729
-0.0838, 0.1322, 0.4223, 0.3984, 0.9674, -0.1796
-0.0829, 0.1349, 0.4218, 0.3959, 0.9669, -0.1866
-0.0818, 0.1367, 0.4202, 0.3929, 0.9638, -0.1918
-0.0805, 0.1375, 0.4173, 0.3891, 0.9574, -0.1948
-0.0795, 0.1375, 0.4142, 0.3856, 0.9504, -0.1953
-0.0789, 0.1373, 0.4119, 0.3831, 0.9450, -0.1953
-0.0785, 0.1376, 0.4107, 0.3814, 0.9424, -0.1964
-0.0784, 0.1377, 0.4102, 0.3808, 0.9415, -0.1965
-0.0788, 0.1364, 0.4096, 0.3809, 0.9398, -0.1930
-0.0796, 0.1340, 0.4088, 0.3817, 0.9374, -0.1863
-0.0804, 0.1314, 0.4081, 0.3826, 0.9350, -0.1793
-0.0811, 0.1294, 0.4071, 0.3828, 0.9324, -0.1739
-0.0816, 0.1283, 0.4063, 0.3826, 0.9301, -0.1706
-0.0820, 0.1279, 0.4061, 0.3825, 0.9295, -0.1693
-0.0826, 0.1280, 0.4068, 0.3832, 0.9311, -0.1690
-0.0832, 0.1287, 0.4085, 0.3847, 0.9352, -0.1701
-0.0834, 0.1307, 0.4109, 0.3860, 0.9409, -0.1749
-0.0830, 0.1338, 0.4129, 0.3862, 0.9462, -0.1827
-0.0823, 0.1373, 0.4140, 0.3851, 0.9495, -0.1918
-0.0814, 0.1404, 0.4141, 0.3830, 0.9504, -0.1998
-0.0807, 0.1426, 0.4133, 0.3805, 0.9490, -0.2057
-0.0801, 0.1440, 0.4124, 0.3783, 0.9471, -0.2097
-0.0797, 0.1455, 0.4122, 0.3769, 0.9469, -0.2135
-0.0795, 0.1467, 0.4123, 0.3761, 0.9474, -0.2166
-0.0797, 0.1467, 0.4120, 0.3755, 0.9467, -0.2166
-0.0800, 0.1463, 0.4110, 0.3743, 0.9442, -0.2156
-0.0797, 0.1462, 0.4085, 0.3712, 0.9384, -0.2154
-0.0791, 0.1463, 0.4050, 0.3670, 0.9306, -0.2162
-0.0787, 0.1464, 0.4023, 0.3635, 0.9244, -0.2166
-0.0785, 0.1459, 0.4003, 0.3611, 0.9196, -0.2154
-0.0783, 0.1452, 0.3983, 0.3590, 0.9149, -0.2138
-0.0779, 0.1448, 0.3962, 0.3566, 0.9098, -0.2130
-0.0774, 0.1443, 0.3941, 0.3542, 0.9047, -0.2121
-0.0772, 0.1438, 0.3930, 0.3532, 0.9019, -0.2108
-0.0774, 0.1431, 0.3936, 0.3543, 0.9030, -0.2087
-0.0781, 0.1420, 0.3952, 0.3568, 0.9062, -0.2055
-0.0787, 0.1410, 0.3964, 0.3588, 0.9085, -0.2025
-0.0794, 0.1397, 0.3968, 0.3602, 0.9091, -0.1985
-0.0805, 0.1373, 0.3973, 0.3623, 0.9096, -0.1920
-0.0820, 0.1345, 0.3986, 0.3657, 0.9119, -0.1840
-0.0836, 0.1321, 0.4007, 0.3696, 0.9160, -0.1773
-0.0850, 0.1311, 0.4037, 0.3736, 0.9226, -0.1740
-0.0862, 0.1311, 0.4074, 0.3777, 0.9308, -0.1730
-0.0869, 0.1313, 0.4104, 0.3808, 0.9376, -0.1733
-0.0871, 0.1321, 0.4123, 0.3824, 0.9421, -0.1752
-0.0871, 0.1333, 0.4137, 0.3832, 0.9456, -0.1781
-0.0874, 0.1341, 0.4153, 0.3843, 0.9492, -0.1801
-0.0879, 0.1342, 0.4167, 0.3857, 0.9525, -0.1801
-0.0884, 0.1337, 0.4178, 0.3872, 0.9547, -0.1787
-0.0890, 0.1333, 0.4188, 0.3885, 0.9570, -0.1773
-0.0894, 0.1333, 0.4196, 0.3893, 0.9587, -0.1771
-0.0896, 0.1339, 0.4194, 0.3884, 0.9584, -0.1785
-0.0894, 0.1347, 0.4181, 0.3861, 0.9557, -0.1807
-0.0894, 0.1349, 0.4169, 0.3845, 0.9530, -0.1813
-0.0892, 0.1348, 0.4163, 0.3838, 0.9516, -0.1813
-0.0888, 0.1353, 0.4157, 0.3830, 0.9505, -0.1828
-0.0883, 0.1355, 0.4154, 0.3827, 0.9497, -0.1836
-0.0881, 0.1351, 0.4154, 0.3834, 0.9496, -0.1828
-0.0882, 0.1344, 0.4159, 0.3849, 0.9506, -0.1810
-0.0888, 0.1336, 0.4171, 0.3872, 0.9532, -0.1787
-0.0892, 0.1337, 0.4186, 0.3891, 0.9567, -0.1785
-0.0892, 0.1347, 0.4201, 0.3903, 0.9602, -0.1809
-0.0889, 0.1359, 0.4211, 0.3910, 0.9629, -0.1839
-0.0886, 0.1360, 0.4214, 0.3914, 0.9635, -0.1845
-0.0886, 0.1349, 0.4207, 0.3918, 0.9618, -0.1817
-0.0883, 0.1332, 0.4193, 0.3916, 0.9582, -0.1781
-0.0880, 0.1317, 0.4180, 0.3916, 0.9548, -0.1746
-0.0883, 0.1297, 0.4180, 0.3931, 0.9543, -0.1698
-0.0889, 0.1268, 0.4183, 0.3957, 0.9542, -0.1624
-0.0894, 0.1234, 0.4178, 0.3979, 0.9523, -0.1539
-0.0898, 0.1208, 0.4177, 0.4000, 0.9515, -0.1472
-0.0905, 0.1191, 0.4190, 0.4028, 0.9540, -0.1428
-0.0911, 0.1177, 0.4199, 0.4051, 0.9557, -0.1389
-0.0916, 0.1162, 0.4200, 0.4065, 0.9556, -0.1349
-0.0920, 0.1158, 0.4210, 0.4081, 0.9578, -0.1335
-0.0918, 0.1172, 0.4224, 0.4091, 0.9614, -0.1371
-0.0910, 0.1191, 0.4229, 0.4086, 0.9630, -0.1422
-0.0902, 0.1201, 0.4224, 0.4076, 0.9621, -0.1453
-0.0894, 0.1212, 0.4220, 0.4066, 0.9614, -0.1482
-0.0886, 0.1227, 0.4224, 0.4063, 0.9628, -0.1523
-0.0878, 0.1240, 0.4230, 0.4062, 0.9643, -0.1560
-0.0869, 0.1252, 0.4230, 0.4056, 0.9647, -0.1597
-0.0859, 0.1263, 0.4227, 0.4047, 0.9643, -0.1629
-0.0852, 0.1269, 0.4219, 0.4035, 0.9626, -0.1647
-0.0843, 0.1275, 0.4206, 0.4017, 0.9598, -0.1669
-0.0829, 0.1292, 0.4187, 0.3985, 0.9559, -0.1721
-0.0810, 0.1316, 0.4158, 0.3937, 0.9498, -0.1792
-0.0794, 0.1334, 0.4127, 0.3889, 0.9432, -0.1846
-0.0789, 0.1340, 0.4111, 0.3867, 0.9399, -0.1865
-0.0794, 0.1334, 0.4113, 0.3872, 0.9402, -0.1847
-0.0804, 0.1322, 0.4128, 0.3897, 0.9433, -0.1810
-0.0824, 0.1304, 0.4163, 0.3948, 0.9510, -0.1753
-0.0848, 0.1284, 0.4213, 0.4016, 0.9619, -0.1687
-0.0865, 0.1269, 0.4251, 0.4069, 0.9702, -0.1637
-0.0873, 0.1260, 0.4263, 0.4088, 0.9728, -0.1610
-0.0871, 0.1265, 0.4252, 0.4071, 0.9705, -0.1622
-0.0862, 0.1280, 0.4217, 0.4019, 0.9633, -0.1665
-0.0848, 0.1299, 0.4169, 0.3949, 0.9530, -0.1719
-0.0835, 0.1320, 0.4128, 0.3886, 0.9443, -0.1779
-0.0825, 0.1335, 0.4099, 0.3841, 0.9380, -0.1821
-0.0821, 0.1334, 0.4076, 0.3815, 0.9329, -0.1822
-0.0821, 0.1326, 0.4062, 0.3804, 0.9295, -0.1802
-0.0823, 0.1323, 0.4061, 0.3805, 0.9295, -0.1791
-0.0832, 0.1318, 0.4076, 0.3824, 0.9329, -0.1774
-0.0846, 0.1305, 0.4104, 0.3863, 0.9389, -0.1732
-0.0863, 0.1292, 0.4142, 0.3913, 0.9474, -0.1687
-0.0885, 0.1280, 0.4190, 0.3971, 0.9580, -0.1642
-0.0906, 0.1269, 0.4229, 0.4018, 0.9668, -0.1601
-0.0917, 0.1264, 0.4248, 0.4038, 0.9710, -0.1581
-0.0922, 0.1268, 0.4257, 0.4043, 0.9732, -0.1586
-0.0922, 0.1281, 0.4267, 0.4042, 0.9758, -0.1619
-0.0918, 0.1301, 0.4275, 0.4036, 0.9782, -0.1668
-0.0914, 0.1316, 0.4278, 0.4026, 0.9791, -0.1709
-0.0911, 0.1324, 0.4276, 0.4015, 0.9788, -0.1729
-0.0908, 0.1326, 0.4269, 0.4005, 0.9775, -0.1738
-0.0903, 0.1331, 0.4257, 0.3984, 0.9747, -0.1755
-0.0894, 0.1344, 0.4233, 0.3945, 0.9696, -0.1794
-0.0879, 0.1366, 0.4200, 0.3889, 0.9627, -0.1857
-0.0862, 0.1395, 0.4170, 0.3832, 0.9566, -0.1942
-0.0844, 0.1429, 0.4145, 0.3778, 0.9517, -0.2037
-0.0829, 0.1460, 0.4125, 0.3731, 0.9478, -0.2123
-0.0821, 0.1478, 0.4114, 0.3704, 0.9457, -0.2174
-0.0821, 0.1482, 0.4116, 0.3702, 0.9463, -0.2185
-0.0826, 0.1480, 0.4129, 0.3716, 0.9490, -0.2176
-0.0833, 0.1475, 0.4145, 0.3736, 0.9524, -0.2160
-0.0839, 0.1473, 0.4159, 0.3753, 0.9553, -0.2151
-0.0843, 0.1477, 0.4172, 0.3765, 0.9582, -0.2158
-0.0850, 0.1479, 0.4190, 0.3783, 0.9623, -0.2159
-0.0861, 0.1476, 0.4211, 0.3807, 0.9667, -0.2147
-0.0867, 0.1473, 0.4222, 0.3821, 0.9689, -0.2135
-0.0871, 0.1470, 0.4219, 0.3820, 0.9680, -0.2124
-0.0875, 0.1462, 0.4207, 0.3810, 0.9648, -0.2104
-0.0876, 0.1453, 0.4185, 0.3791, 0.9595, -0.2083
-0.0876, 0.1448, 0.4165, 0.3770, 0.9545, -0.2072
-0.0877, 0.1448, 0.4155, 0.3760, 0.9522, -0.2071
-0.0875, 0.1452, 0.4149, 0.3751, 0.9507, -0.2083
-0.0873, 0.1457, 0.4144, 0.3743, 0.9496, -0.2096
-0.0874, 0.1465, 0.4148, 0.3742, 0.9505, -0.2115
-0.0873, 0.1484, 0.4156, 0.3739, 0.9527, -0.2161
-0.0869, 0.1510, 0.4162, 0.3728, 0.9546, -0.2225
-0.0864, 0.1535, 0.4166, 0.3716, 0.9560, -0.2288
-0.0861, 0.1552, 0.4167, 0.3706, 0.9564, -0.2329
-0.0862, 0.1552, 0.4160, 0.3698, 0.9547, -0.2328
-0.0864, 0.1539, 0.4146, 0.3692, 0.9512, -0.2293
-0.0867, 0.1518, 0.4132, 0.3691, 0.9474, -0.2237
-0.0874, 0.1496, 0.4129, 0.3703, 0.9460, -0.2175
-0.0884, 0.1476, 0.4140, 0.3731, 0.9480, -0.2118
-0.0894, 0.1463, 0.4159, 0.3762, 0.9521, -0.2074
-0.0903, 0.1455, 0.4178, 0.3790, 0.9562, -0.2046
-0.0905, 0.1453, 0.4191, 0.3807, 0.9591, -0.2039
-0.0903, 0.1453, 0.4193, 0.3811, 0.9596, -0.2039
-0.0901, 0.1445, 0.4184, 0.3807, 0.9573, -0.2024
-0.0899, 0.1434, 0.4174, 0.3803, 0.9546, -0.1999
-0.0900, 0.1424, 0.4173, 0.3810, 0.9543, -0.1977
-0.0903, 0.1421, 0.4183, 0.3823, 0.9564, -0.1969
-0.0904, 0.1422, 0.4195, 0.3836, 0.9593, -0.1973
-0.0906, 0.1423, 0.4211, 0.3854, 0.9628, -0.1974
-0.0909, 0.1421, 0.4229, 0.3879, 0.9671, -0.1968
-0.0909, 0.1417, 0.4244, 0.3901, 0.9704, -0.1960
-0.0907, 0.1409, 0.4253, 0.3920, 0.9724, -0.1944
-0.0909, 0.1393, 0.4263, 0.3946, 0.9742, -0.1903
-0.0914, 0.1371, 0.4274, 0.3977, 0.9763, -0.1847
-0.0920, 0.1351, 0.4284, 0.4004, 0.9780, -0.1794
-0.0925, 0.1331, 0.4290, 0.4028, 0.9789, -0.1741
-0.0928, 0.1318, 0.4292, 0.4044, 0.9791, -0.1705
-0.0926, 0.1313, 0.4295, 0.4053, 0.9796, -0.1691
-0.0925, 0.1309, 0.4303, 0.4069, 0.9815, -0.1682
-0.0922, 0.1304, 0.4317, 0.4093, 0.9845, -0.1671
-0.0919, 0.1297, 0.4334, 0.4123, 0.9882, -0.1654
-0.0918, 0.1289, 0.4355, 0.4159, 0.9927, -0.1634
-0.0917, 0.1287, 0.4374, 0.4188, 0.9970, -0.1629
-0.0915, 0.1290, 0.4389, 0.4206, 1.0006, -0.1638
-0.0912, 0.1297, 0.4397, 0.4214, 1.0027, -0.1656
-0.0903, 0.1308, 0.4386, 0.4196, 1.0005, -0.1690
-0.0890, 0.1321, 0.4361, 0.4161, 0.9951, -0.1730
-0.0884, 0.1323, 0.4338, 0.4136, 0.9901, -0.1739
-0.0885, 0.1308, 0.4327, 0.4134, 0.9872, -0.1704
-0.0888, 0.1291, 0.4318, 0.4137, 0.9850, -0.1660
-0.0889, 0.1284, 0.4311, 0.4134, 0.9833, -0.1642
-0.0893, 0.1283, 0.4317, 0.4141, 0.9847, -0.1637
-0.0903, 0.1281, 0.4339, 0.4166, 0.9898, -0.1626
-0.0916, 0.1274, 0.4368, 0.4200, 0.9963, -0.1602
-0.0926, 0.1268, 0.4386, 0.4222, 1.0003, -0.1580
-0.0925, 0.1265, 0.4375, 0.4211, 0.9981, -0.1576
-0.0918, 0.1259, 0.4341, 0.4175, 0.9902, -0.1568
-0.0911, 0.1247, 0.4302, 0.4137, 0.9811, -0.1546
-0.0904, 0.1242, 0.4269, 0.4102, 0.9736, -0.1539
-0.0897, 0.1244, 0.4244, 0.4071, 0.9681, -0.1550
-0.0895, 0.1245, 0.4232, 0.4055, 0.9653, -0.1554
-0.0896, 0.1251, 0.4236, 0.4054, 0.9665, -0.1569
-0.0895, 0.1273, 0.4252, 0.4056, 0.9708, -0.1623
-0.0895, 0.1296, 0.4271, 0.4061, 0.9757, -0.1679
-0.0896, 0.1308, 0.4285, 0.4066, 0.9791, -0.1708
-0.0895, 0.1320, 0.4288, 0.4060, 0.9802, -0.1738
-0.0892, 0.1334, 0.4282, 0.4041, 0.9793, -0.1775
-0.0890, 0.1340, 0.4273, 0.4024, 0.9774, -0.1791
-0.0890, 0.1339, 0.4264, 0.4012, 0.9753, -0.1788
-0.0890, 0.1336, 0.4252, 0.3996, 0.9724, -0.1782
-0.0889, 0.1334, 0.4236, 0.3977, 0.9687, -0.1776
-0.0891, 0.1328, 0.4220, 0.3958, 0.9649, -0.1763
-0.0891, 0.1323, 0.4200, 0.3936, 0.9603, -0.1752
-0.0886, 0.1329, 0.4176, 0.3901, 0.9548, -0.1769
-0.0882, 0.1340, 0.4160, 0.3872, 0.9512, -0.1799
-0.0885, 0.1346, 0.4158, 0.3863, 0.9508, -0.1813
-0.0891, 0.1349, 0.4166, 0.3867, 0.9525, -0.1816
-0.0897, 0.1357, 0.4175, 0.3869, 0.9547, -0.1831
-0.0900, 0.1371, 0.4178, 0.3859, 0.9556, -0.1862
-0.0901, 0.1379, 0.4164, 0.3835, 0.9525, -0.1883
-0.0900, 0.1382, 0.4141, 0.3803, 0.9472, -0.1890
-0.0900, 0.1385, 0.4123, 0.3777, 0.9431, -0.1898
-0.0902, 0.1387, 0.4116, 0.3765, 0.9413, -0.1903
-0.0907, 0.1386, 0.4117, 0.3764, 0.9415, -0.1898
-0.0914, 0.1381, 0.4125, 0.3772, 0.9428, -0.1881
-0.0923, 0.1374, 0.4141, 0.3794, 0.9461, -0.1857
-0.0933, 0.1362, 0.4165, 0.3827, 0.9511, -0.1821
-0.0946, 0.1345, 0.4187, 0.3861, 0.9554, -0.1770
-0.0953, 0.1332, 0.4190, 0.3870, 0.9556, -0.1733
-0.0951, 0.1327, 0.4175, 0.3852, 0.9520, -0.1724
-0.0951, 0.1324, 0.4164, 0.3840, 0.9494, -0.1715
-0.0955, 0.1323, 0.4171, 0.3844, 0.9508, -0.1712
-0.0958, 0.1341, 0.4195, 0.3855, 0.9566, -0.1751
-0.0963, 0.1373, 0.4238, 0.3878, 0.9671, -0.1823
-0.0967, 0.1406, 0.4282, 0.3901, 0.9777, -0.1899
-0.0968, 0.1435, 0.4308, 0.3907, 0.9845, -0.1969
-0.0968, 0.1462, 0.4332, 0.3911, 0.9904, -0.2034
-0.0971, 0.1483, 0.4361, 0.3925, 0.9977, -0.2084
-0.0977, 0.1491, 0.4389, 0.3947, 1.0041, -0.2101
-0.0983, 0.1489, 0.4408, 0.3968, 1.0084, -0.2092
-0.0986, 0.1483, 0.4415, 0.3978, 1.0099, -0.2076
-0.0986, 0.1472, 0.4406, 0.3975, 1.0076, -0.2050
-0.0983, 0.1460, 0.4391, 0.3967, 1.0040, -0.2024
-0.0980, 0.1447, 0.4374, 0.3957, 0.9998, -0.1996
-0.0974, 0.1432, 0.4345, 0.3936, 0.9931, -0.1964
-0.0967, 0.1422, 0.4316, 0.3910, 0.9862, -0.1947
-0.0961, 0.1418, 0.4294, 0.3888, 0.9813, -0.1942
-0.0955, 0.1416, 0.4281, 0.3875, 0.9783, -0.1943
-0.0949, 0.1421, 0.4275, 0.3867, 0.9773, -0.1959
-0.0939, 0.1435, 0.4267, 0.3849, 0.9759, -0.2001
-0.0926, 0.1456, 0.4253, 0.3819, 0.9733, -0.2062
-0.0917, 0.1474, 0.4248, 0.3803, 0.9729, -0.2114
-0.0916, 0.1489, 0.4266, 0.3815, 0.9775, -0.2151
-0.0915, 0.1508, 0.4293, 0.3834, 0.9840, -0.2195
-0.0909, 0.1529, 0.4312, 0.3843, 0.9888, -0.2251
-0.0900, 0.1544, 0.4320, 0.3846, 0.9911, -0.2293
-0.0894, 0.1549, 0.4320, 0.3847, 0.9914, -0.2311
-0.0889, 0.1553, 0.4324, 0.3851, 0.9924, -0.2324
-0.0885, 0.1559, 0.4329, 0.3855, 0.9938, -0.2341
-0.0882, 0.1560, 0.4330, 0.3859, 0.9942, -0.2344
-0.0882, 0.1555, 0.4333, 0.3866, 0.9949, -0.2333
-0.0887, 0.1552, 0.4348, 0.3888, 0.9984, -0.2320
-0.0896, 0.1550, 0.4381, 0.3926, 1.0059, -0.2307
-0.0908, 0.1545, 0.4423, 0.3978, 1.0156, -0.2288
-0.0922, 0.1533, 0.4467, 0.4038, 1.0254, -0.2248
-0.0934, 0.1513, 0.4503, 0.4095, 1.0331, -0.2190
-0.0941, 0.1494, 0.4527, 0.4139, 1.0382, -0.2141
-0.0946, 0.1477, 0.4540, 0.4169, 1.0410, -0.2098
-0.0947, 0.1460, 0.4535, 0.4177, 1.0395, -0.2058
-0.0941, 0.1451, 0.4517, 0.4165, 1.0354, -0.2039
-0.0935, 0.1445, 0.4498, 0.4149, 1.0312, -0.2033
-0.0930, 0.1432, 0.4473, 0.4131, 1.0253, -0.2006
-0.0927, 0.1406, 0.4439, 0.4112, 1.0172, -0.1948
-0.0926, 0.1374, 0.4407, 0.4100, 1.0092, -0.1873
-0.0925, 0.1340, 0.4379, 0.4094, 1.0022, -0.1794
-0.0924, 0.1312, 0.4357, 0.4092, 0.9965, -0.1728
-0.0921, 0.1299, 0.4346, 0.4092, 0.9938, -0.1702
-0.0918, 0.1303, 0.4351, 0.4099, 0.9950, -0.1714
-0.0916, 0.1308, 0.4368, 0.4119, 0.9991, -0.1729
-0.0918, 0.1310, 0.4389, 0.4146, 1.0039, -0.1732
-0.0918, 0.1309, 0.4395, 0.4157, 1.0052, -0.1731
-0.0912, 0.1310, 0.4382, 0.4145, 1.0023, -0.1740
-0.0903, 0.1321, 0.4368, 0.4125, 0.9991, -0.1771
-0.0897, 0.1333, 0.4364, 0.4115, 0.9986, -0.1805
-0.0895, 0.1341, 0.4367, 0.4115, 0.9994, -0.1827
-0.0892, 0.1344, 0.4363, 0.4110, 0.9985, -0.1837
-0.0890, 0.1340, 0.4344, 0.4092, 0.9942, -0.1829
-0.0885, 0.1336, 0.4311, 0.4059, 0.9867, -0.1824
-0.0878, 0.1338, 0.4276, 0.4018, 0.9788, -0.1834
-0.0875, 0.1335, 0.4243, 0.3981, 0.9712, -0.1830
-0.0880, 0.1324, 0.4219, 0.3960, 0.9656, -0.1798
-0.0890, 0.1312, 0.4211, 0.3956, 0.9635, -0.1762
-0.0901, 0.1303, 0.4213, 0.3962, 0.9638, -0.1733
-0.0911, 0.1299, 0.4228, 0.3980, 0.9670, -0.1717
-0.0919, 0.1306, 0.4251, 0.4000, 0.9725, -0.1728
-0.0923, 0.1319, 0.4269, 0.4011, 0.9768, -0.1755
-0.0922, 0.1329, 0.4271, 0.4005, 0.9774, -0.1781
-0.0919, 0.1336, 0.4260, 0.3986, 0.9750, -0.1801
-0.0916, 0.1336, 0.4243, 0.3965, 0.9711, -0.1806
-0.0913, 0.1333, 0.4220, 0.3939, 0.9655, -0.1803
-0.0908, 0.1335, 0.4193, 0.3904, 0.9593, -0.1813
-0.0903, 0.1342, 0.4167, 0.3867, 0.9535, -0.1833
-0.0899, 0.1345, 0.4144, 0.3836, 0.9481, -0.1846
-0.0895, 0.1343, 0.4124, 0.3813, 0.9434, -0.1845
-0.0895, 0.1340, 0.4115, 0.3803, 0.9410, -0.1838
-0.0902, 0.1335, 0.4123, 0.3813, 0.9426, -0.1823
-0.0915, 0.1324, 0.4142, 0.3841, 0.9467, -0.1785
-0.0928, 0.1309, 0.4157, 0.3867, 0.9496, -0.1737
-0.0934, 0.1297, 0.4160, 0.3877, 0.9498, -0.1702
-0.0936, 0.1289, 0.4159, 0.3880, 0.9489, -0.1679
-0.0939, 0.1282, 0.4162, 0.3890, 0.9491, -0.1655
-0.0943, 0.1274, 0.4170, 0.3906, 0.9505, -0.1630
-0.0949, 0.1268, 0.4188, 0.3930, 0.9542, -0.1610
-0.0959, 0.1261, 0.4214, 0.3965, 0.9599, -0.1585
-0.0969, 0.1250, 0.4237, 0.3998, 0.9647, -0.1549
-0.0980, 0.1238, 0.4255, 0.4025, 0.9684, -0.1512
-0.0990, 0.1234, 0.4275, 0.4047, 0.9729, -0.1495
-0.0997, 0.1236, 0.4294, 0.4065, 0.9771, -0.1495
-0.1000, 0.1242, 0.4304, 0.4071, 0.9794, -0.1506
-0.0997, 0.1254, 0.4308, 0.4067, 0.9806, -0.1536
-0.0993, 0.1275, 0.4319, 0.4065, 0.9835, -0.1591
-0.0990, 0.1298, 0.4334, 0.4066, 0.9875, -0.1650
-0.0987, 0.1314, 0.4342, 0.4063, 0.9895, -0.1693
-0.0984, 0.1325, 0.4340, 0.4053, 0.9893, -0.1723
-0.0978, 0.1336, 0.4328, 0.4031, 0.9867, -0.1757
-0.0967, 0.1347, 0.4304, 0.3996, 0.9816, -0.1796
-0.0953, 0.1355, 0.4269, 0.3952, 0.9738, -0.1826
-0.0940, 0.1358, 0.4235, 0.3913, 0.9661, -0.1844
-0.0931, 0.1362, 0.4213, 0.3885, 0.9612, -0.1864
-0.0921, 0.1374, 0.4197, 0.3860, 0.9580, -0.1899
-0.0914, 0.1385, 0.4192, 0.3848, 0.9573, -0.1932
-0.0914, 0.1386, 0.4200, 0.3858, 0.9591, -0.1933
-0.0916, 0.1375, 0.4206, 0.3874, 0.9603, -0.1904
-0.0920, 0.1363, 0.4213, 0.3892, 0.9618, -0.1871
-0.0920, 0.1366, 0.4228, 0.3907, 0.9653, -0.1877
-0.0915, 0.1383, 0.4243, 0.3914, 0.9693, -0.1921
-0.0911, 0.1400, 0.4260, 0.3923, 0.9738, -0.1964
-0.0911, 0.1413, 0.4280, 0.3939, 0.9787, -0.1993
-0.0912, 0.1419, 0.4290, 0.3947, 0.9813, -0.2008
-0.0915, 0.1418, 0.4298, 0.3957, 0.9832, -0.2002
-0.0923, 0.1408, 0.4305, 0.3972, 0.9846, -0.1970
-0.0927, 0.1395, 0.4297, 0.3971, 0.9826, -0.1937
-0.0926, 0.1389, 0.4282, 0.3959, 0.9791, -0.1924
-0.0921, 0.1386, 0.4268, 0.3946, 0.9759, -0.1921
-0.0914, 0.1386, 0.4256, 0.3936, 0.9732, -0.1927
-0.0907, 0.1390, 0.4250, 0.3929, 0.9720, -0.1942
-0.0901, 0.1392, 0.4245, 0.3926, 0.9710, -0.1952
-0.0894, 0.1395, 0.4238, 0.3918, 0.9695, -0.1963
-0.0883, 0.1406, 0.4223, 0.3896, 0.9664, -0.1997
-0.0867, 0.1424, 0.4201, 0.3861, 0.9620, -0.2051
-0.0855, 0.1441, 0.4186, 0.3833, 0.9590, -0.2102
-0.0851, 0.1450, 0.4187, 0.3829, 0.9595, -0.2125
-0.0855, 0.1448, 0.4204, 0.3851, 0.9634, -0.2116
-0.0862, 0.1445, 0.4232, 0.3885, 0.9697, -0.2103
-0.0865, 0.1451, 0.4259, 0.3915, 0.9761, -0.2113
-0.0865, 0.1462, 0.4281, 0.3933, 0.9812, -0.2140
-0.0866, 0.1469, 0.4297, 0.3950, 0.9849, -0.2153
-0.0870, 0.1467, 0.4315, 0.3974, 0.9889, -0.2144
-0.0879, 0.1457, 0.4339, 0.4011, 0.9941, -0.2116
-0.0888, 0.1443, 0.4368, 0.4057, 1.0004, -0.2073
-0.0896, 0.1429, 0.4391, 0.4096, 1.0052, -0.2033
-0.0897, 0.1417, 0.4388, 0.4105, 1.0044, -0.2003
-0.0895, 0.1404, 0.4365, 0.4088, 0.9987, -0.1971
-0.0894, 0.1390, 0.4343, 0.4075, 0.9936, -0.1937
-0.0897, 0.1377, 0.4339, 0.4080, 0.9922, -0.1906
-0.0901, 0.1369, 0.4346, 0.4096, 0.9936, -0.1883
-0.0906, 0.1367, 0.4360, 0.4114, 0.9966, -0.1873
-0.0912, 0.1373, 0.4378, 0.4130, 1.0008, -0.1882
-0.0916, 0.1383, 0.4393, 0.4139, 1.0044, -0.1902
-0.0918, 0.1388, 0.4394, 0.4134, 1.0048, -0.1913
-0.0917, 0.1388, 0.4378, 0.4114, 1.0012, -0.1913
-0.0916, 0.1386, 0.4357, 0.4090, 0.9965, -0.1909
-0.0918, 0.1382, 0.4346, 0.4079, 0.9938, -0.1899
-0.0921, 0.1379, 0.4342, 0.4075, 0.9928, -0.1889
-0.0921, 0.1376, 0.4334, 0.4067, 0.9908, -0.1883
-0.0918, 0.1377, 0.4321, 0.4053, 0.9878, -0.1886
-0.0916, 0.1382, 0.4313, 0.4039, 0.9860, -0.1902
-0.0915, 0.1395, 0.4316, 0.4032, 0.9867, -0.1934
-0.0915, 0.1405, 0.4318, 0.4025, 0.9873, -0.1960
-0.0915, 0.1406, 0.4307, 0.4010, 0.9849, -0.1962
-0.0916, 0.1402, 0.4294, 0.3995, 0.9816, -0.1950
-0.0915, 0.1405, 0.4282, 0.3974, 0.9788, -0.1959
-0.0906, 0.1422, 0.4261, 0.3936, 0.9744, -0.2006
-0.0895, 0.1437, 0.4235, 0.3894, 0.9687, -0.2051
-0.0887, 0.1442, 0.4210, 0.3860, 0.9631, -0.2071
-0.0882, 0.1443, 0.4191, 0.3836, 0.9585, -0.2078
-0.0880, 0.1443, 0.4178, 0.3820, 0.9555, -0.2078
-0.0884, 0.1437, 0.4174, 0.3817, 0.9544, -0.2061
-0.0897, 0.1419, 0.4184, 0.3837, 0.9562, -0.2008
-0.0914, 0.1394, 0.4203, 0.3872, 0.9598, -0.1934
-0.0929, 0.1373, 0.4222, 0.3904, 0.9635, -0.1872
-0.0944, 0.1356, 0.4245, 0.3939, 0.9683, -0.1820
-0.0955, 0.1344, 0.4268, 0.3969, 0.9731, -0.1783
-0.0960, 0.1340, 0.4280, 0.3984, 0.9756, -0.1768
-0.0963, 0.1340, 0.4288, 0.3990, 0.9774, -0.1767
-0.0966, 0.1350, 0.4301, 0.3996, 0.9806, -0.1788
-0.0968, 0.1364, 0.4317, 0.4002, 0.9844, -0.1821
-0.0970, 0.1376, 0.4331, 0.4008, 0.9880, -0.1849
-0.0967, 0.1391, 0.4336, 0.4002, 0.9894, -0.1888
-0.0958, 0.1409, 0.4324, 0.3975, 0.9869, -0.1935
-0.0948, 0.1424, 0.4306, 0.3945, 0.9834, -0.1980
-0.0937, 0.1440, 0.4288, 0.3912, 0.9795, -0.2026
-0.0926, 0.1452, 0.4264, 0.3877, 0.9743, -0.2062
-0.0920, 0.1451, 0.4242, 0.3853, 0.9693, -0.2064
-0.0918, 0.1440, 0.4228, 0.3845, 0.9660, -0.2041
-0.0918, 0.1435, 0.4225, 0.3847, 0.9653, -0.2028
-0.0919, 0.1438, 0.4232, 0.3852, 0.9670, -0.2035
-0.0922, 0.1440, 0.4243, 0.3864, 0.9697, -0.2037
-0.0926, 0.1434, 0.4254, 0.3880, 0.9722, -0.2020
-0.0927, 0.1424, 0.4255, 0.3889, 0.9722, -0.1995
-0.0925, 0.1407, 0.4239, 0.3883, 0.9682, -0.1958
-0.0921, 0.1388, 0.4215, 0.3871, 0.9624, -0.1914
-0.0918, 0.1371, 0.4199, 0.3866, 0.9585, -0.1878
-0.0918, 0.1353, 0.4196, 0.3877, 0.9574, -0.1833
-0.0923, 0.1328, 0.4200, 0.3900, 0.9578, -0.1770
-0.0928, 0.1305, 0.4205, 0.3923, 0.9586, -0.1712
-0.0934, 0.1286, 0.4215, 0.3949, 0.9605, -0.1661
-0.0942, 0.1267, 0.4234, 0.3986, 0.9645, -0.1609
-0.0950, 0.1251, 0.4252, 0.4018, 0.9682, -0.1563
-0.0955, 0.1240, 0.4265, 0.4041, 0.9711, -0.1533
-0.0959, 0.1229, 0.4272, 0.4058, 0.9726, -0.1503
-0.0956, 0.1215, 0.4257, 0.4052, 0.9689, -0.1471
-0.0946, 0.1204, 0.4223, 0.4023, 0.9609, -0.1452
-0.0936, 0.1198, 0.4191, 0.3992, 0.9536, -0.1445
-0.0926, 0.1201, 0.4168, 0.3965, 0.9486, -0.1461
-0.0913, 0.1216, 0.4147, 0.3930, 0.9443, -0.1506
-0.0901, 0.1231, 0.4121, 0.3892, 0.9391, -0.1551
-0.0894, 0.1237, 0.4108, 0.3873, 0.9363, -0.1570
-0.0896, 0.1238, 0.4119, 0.3885, 0.9389, -0.1569
-0.0898, 0.1240, 0.4136, 0.3906, 0.9429, -0.1573
-0.0893, 0.1247, 0.4147, 0.3917, 0.9457, -0.1595
-0.0886, 0.1259, 0.4162, 0.3931, 0.9494, -0.1628
-0.0884, 0.1267, 0.4189, 0.3961, 0.9559, -0.1651
-0.0888, 0.1270, 0.4229, 0.4008, 0.9651, -0.1655
-0.0893, 0.1267, 0.4265, 0.4054, 0.9732, -0.1645
-0.0895, 0.1261, 0.4278, 0.4074, 0.9761, -0.1629
-0.0893, 0.1257, 0.4274, 0.4074, 0.9750, -0.1619
-0.0890, 0.1257, 0.4264, 0.4063, 0.9730, -0.1622
-0.0885, 0.1262, 0.4251, 0.4045, 0.9701, -0.1636
-0.0879, 0.1266, 0.4235, 0.4023, 0.9666, -0.1649
-0.0876, 0.1262, 0.4221, 0.4009, 0.9634, -0.1639
-0.0878, 0.1255, 0.4217, 0.4009, 0.9624, -0.1621
-0.0881, 0.1261, 0.4226, 0.4015, 0.9649, -0.1631
-0.0883, 0.1278, 0.4238, 0.4013, 0.9678, -0.1671
-0.0884, 0.1297, 0.4248, 0.4009, 0.9706, -0.1717
-0.0884, 0.1317, 0.4261, 0.4008, 0.9741, -0.1765
-0.0880, 0.1341, 0.4269, 0.4001, 0.9766, -0.1824
-0.0876, 0.1360, 0.4278, 0.3997, 0.9789, -0.1874
-0.0880, 0.1364, 0.4297, 0.4016, 0.9832, -0.1882
-0.0889, 0.1357, 0.4321, 0.4050, 0.9886, -0.1860
-0.0898, 0.1353, 0.4347, 0.4084, 0.9942, -0.1845
-0.0905, 0.1350, 0.4371, 0.4113, 0.9993, -0.1835
-0.0909, 0.1347, 0.4378, 0.4126, 1.0008, -0.1825
-0.0905, 0.1344, 0.4358, 0.4106, 0.9959, -0.1824
-0.0897, 0.1338, 0.4320, 0.4069, 0.9869, -0.1814
-0.0894, 0.1318, 0.4278, 0.4036, 0.9767, -0.1770
-0.0895, 0.1294, 0.4237, 0.4007, 0.9666, -0.1713
-0.0897, 0.1280, 0.4206, 0.3980, 0.9590, -0.1676
-0.0898, 0.1279, 0.4187, 0.3958, 0.9545, -0.1675
-0.0896, 0.1288, 0.4178, 0.3942, 0.9526, -0.1698
-0.0898, 0.1295, 0.4180, 0.3939, 0.9530, -0.1713
-0.0905, 0.1295, 0.4193, 0.3952, 0.9558, -0.1706
-0.0919, 0.1288, 0.4216, 0.3981, 0.9606, -0.1678
-0.0933, 0.1277, 0.4238, 0.4010, 0.9652, -0.1641
-0.0938, 0.1277, 0.4245, 0.4016, 0.9667, -0.1635
-0.0933, 0.1288, 0.4231, 0.3991, 0.9639, -0.1663
-0.0928, 0.1294, 0.4215, 0.3965, 0.9601, -0.1681
-0.0933, 0.1285, 0.4211, 0.3964, 0.9590, -0.1655
-0.0941, 0.1265, 0.4205, 0.3970, 0.9571, -0.1598
-0.0947, 0.1251, 0.4196, 0.3967, 0.9546, -0.1558
-0.0952, 0.1249, 0.4197, 0.3968, 0.9548, -0.1551
-0.0957, 0.1250, 0.4204, 0.3972, 0.9563, -0.1548
-0.0960, 0.1251, 0.4210, 0.3977, 0.9577, -0.1550
-0.0959, 0.1262, 0.4219, 0.3979, 0.9598, -0.1577
-0.0957, 0.1280, 0.4229, 0.3977, 0.9626, -0.1625
-0.0958, 0.1297, 0.4242, 0.3977, 0.9659, -0.1666
-0.0962, 0.1305, 0.4253, 0.3981, 0.9686, -0.1684
-0.0964, 0.1306, 0.4257, 0.3983, 0.9696, -0.1686
-0.0966, 0.1302, 0.4256, 0.3983, 0.9693, -0.1676
-0.0972, 0.1290, 0.4258, 0.3990, 0.9694, -0.1645
-0.0979, 0.1277, 0.4260, 0.3997, 0.9695, -0.1609
-0.0980, 0.1277, 0.4256, 0.3990, 0.9686, -0.1609
-0.0974, 0.1289, 0.4247, 0.3969, 0.9668, -0.1643
-0.0961, 0.1301, 0.4226, 0.3937, 0.9623, -0.1679
-0.0948, 0.1306, 0.4194, 0.3898, 0.9552, -0.1700
-0.0936, 0.1308, 0.4167, 0.3866, 0.9492, -0.1715
-0.0928, 0.1314, 0.4157, 0.3850, 0.9470, -0.1735
-0.0924, 0.1322, 0.4163, 0.3852, 0.9486, -0.1756
-0.0927, 0.1330, 0.4187, 0.3873, 0.9544, -0.1775
-0.0931, 0.1341, 0.4222, 0.3906, 0.9626, -0.1797
-0.0934, 0.1350, 0.4248, 0.3931, 0.9689, -0.1815
-0.0935, 0.1356, 0.4264, 0.3946, 0.9729, -0.1828
-0.0937, 0.1369, 0.4285, 0.3961, 0.9782, -0.1857
-0.0938, 0.1391, 0.4310, 0.3974, 0.9845, -0.1907
-0.0937, 0.1412, 0.4334, 0.3987, 0.9906, -0.1957
-0.0942, 0.1424, 0.4369, 0.4019, 0.9990, -0.1982
-0.0949, 0.1429, 0.4403, 0.4054, 1.0069, -0.1991
-0.0950, 0.1436, 0.4419, 0.4070, 1.0108, -0.2007
-0.0946, 0.1443, 0.4419, 0.4068, 1.0113, -0.2028
-0.0939, 0.1442, 0.4401, 0.4050, 1.0073, -0.2033
-0.0930, 0.1435, 0.4372, 0.4025, 1.0006, -0.2022
-0.0922, 0.1432, 0.4350, 0.4005, 0.9956, -0.2024
-0.0912, 0.1440, 0.4333, 0.3983, 0.9921, -0.2050
-0.0900, 0.1451, 0.4314, 0.3955, 0.9881, -0.2086
-0.0891, 0.1459, 0.4294, 0.3930, 0.9839, -0.2112
-0.0882, 0.1465, 0.4279, 0.3912, 0.9807, -0.2132
-0.0874, 0.1468, 0.4268, 0.3900, 0.9783, -0.2145
-0.0869, 0.1464, 0.4255, 0.3889, 0.9753, -0.2139
-0.0868, 0.1454, 0.4243, 0.3885, 0.9725, -0.2114
-0.0872, 0.1438, 0.4245, 0.3898, 0.9725, -0.2073
-0.0877, 0.1420, 0.4252, 0.3920, 0.9736, -0.2022
-0.0883, 0.1393, 0.4256, 0.3945, 0.9739, -0.1951
-0.0890, 0.1362, 0.4256, 0.3968, 0.9730, -0.1869
-0.0896, 0.1333, 0.4257, 0.3990, 0.9725, -0.1794
-0.0903, 0.1305, 0.4260, 0.4015, 0.9726, -0.1720
-0.0909, 0.1283, 0.4265, 0.4036, 0.9730, -0.1662
-0.0911, 0.1275, 0.4269, 0.4048, 0.9738, -0.1639
-0.0910, 0.1281, 0.4274, 0.4050, 0.9751, -0.1653
-0.0908, 0.1295, 0.4291, 0.4059, 0.9794, -0.1687
-0.0909, 0.1310, 0.4315, 0.4077, 0.9854, -0.1722
-0.0909, 0.1327, 0.4335, 0.4088, 0.9904, -0.1762
-0.0907, 0.1350, 0.4354, 0.4093, 0.9954, -0.1818
-0.0902, 0.1373, 0.4367, 0.4090, 0.9989, -0.1879
-0.0896, 0.1386, 0.4362, 0.4075, 0.9980, -0.1913
-0.0891, 0.1386, 0.4346, 0.4057, 0.9947, -0.1917
-0.0889, 0.1388, 0.4338, 0.4045, 0.9930, -0.1923
-0.0885, 0.1396, 0.4334, 0.4033, 0.9923, -0.1943
-0.0882, 0.1400, 0.4326, 0.4019, 0.9907, -0.1956
-0.0881, 0.1398, 0.4317, 0.4010, 0.9887, -0.1951
-0.0884, 0.1394, 0.4316, 0.4009, 0.9884, -0.1940
-0.0889, 0.1396, 0.4325, 0.4017, 0.9906, -0.1939
-0.0893, 0.1401, 0.4334, 0.4021, 0.9927, -0.1948
-0.0895, 0.1403, 0.4334, 0.4019, 0.9927, -0.1949
-0.0897, 0.1398, 0.4329, 0.4016, 0.9913, -0.1936
-0.0897, 0.1392, 0.4314, 0.4004, 0.9877, -0.1920
-0.0893, 0.1387, 0.4290, 0.3980, 0.9820, -0.1909
-0.0887, 0.1383, 0.4264, 0.3956, 0.9760, -0.1902
-0.0882, 0.1380, 0.4243, 0.3935, 0.9708, -0.1899
-0.0876, 0.1383, 0.4226, 0.3916, 0.9669, -0.1908
-0.0870, 0.1395, 0.4211, 0.3893, 0.9636, -0.1939
-0.0865, 0.1408, 0.4199, 0.3870, 0.9610, -0.1973
-0.0866, 0.1413, 0.4201, 0.3870, 0.9614, -0.1984
-0.0873, 0.1414, 0.4223, 0.3895, 0.9662, -0.1980
-0.0883, 0.1410, 0.4249, 0.3928, 0.9718, -0.1959
-0.0892, 0.1403, 0.4266, 0.3952, 0.9754, -0.1935
-0.0898, 0.1397, 0.4271, 0.3961, 0.9760, -0.1916
-0.0904, 0.1382, 0.4262, 0.3960, 0.9736, -0.1876
-0.0909, 0.1362, 0.4246, 0.3955, 0.9693, -0.1822
-0.0910, 0.1346, 0.4228, 0.3945, 0.9647, -0.1784
-0.0911, 0.1337, 0.4212, 0.3930, 0.9607, -0.1762
-0.0911, 0.1340, 0.4203, 0.3915, 0.9586, -0.1767
-0.0913, 0.1347, 0.4205, 0.3910, 0.9593, -0.1782
-0.0920, 0.1346, 0.4217, 0.3920, 0.9618, -0.1775
-0.0927, 0.1348, 0.4234, 0.3935, 0.9658, -0.1775
-0.0928, 0.1361, 0.4250, 0.3941, 0.9695, -0.1806
-0.0928, 0.1368, 0.4260, 0.3945, 0.9719, -0.1825
-0.0933, 0.1361, 0.4272, 0.3962, 0.9744, -0.1804
-0.0942, 0.1348, 0.4288, 0.3988, 0.9776, -0.1766
-0.0952, 0.1335, 0.4304, 0.4013, 0.9808, -0.1726
-0.0963, 0.1319, 0.4319, 0.4040, 0.9839, -0.1681
-0.0977, 0.1296, 0.4337, 0.4075, 0.9874, -0.1614
-0.0991, 0.1270, 0.4345, 0.4101, 0.9888, -0.1541
-0.0999, 0.1250, 0.4335, 0.4100, 0.9859, -0.1486
-0.1004, 0.1235, 0.4316, 0.4088, 0.9814, -0.1444
-0.1008, 0.1220, 0.4296, 0.4074, 0.9765, -0.1405
-0.1004, 0.1212, 0.4268, 0.4047, 0.9698, -0.1388
-0.0990, 0.1217, 0.4226, 0.3998, 0.9604, -0.1411
-0.0969, 0.1229, 0.4179, 0.3939, 0.9499, -0.1454
-0.0955, 0.1240, 0.4153, 0.3905, 0.9443, -0.1491
-0.0952, 0.1249, 0.4160, 0.3908, 0.9461, -0.1516
-0.0953, 0.1264, 0.4185, 0.3927, 0.9523, -0.1552
-0.0950, 0.1289, 0.4215, 0.3946, 0.9598, -0.1613
-0.0947, 0.1318, 0.4248, 0.3966, 0.9680, -0.1684
-0.0947, 0.1341, 0.4284, 0.3993, 0.9767, -0.1740
-0.0948, 0.1355, 0.4313, 0.4018, 0.9837, -0.1773
-0.0947, 0.1361, 0.4329, 0.4034, 0.9875, -0.1789
-0.0946, 0.1365, 0.4337, 0.4043, 0.9897, -0.1798
-0.0942, 0.1372, 0.4340, 0.4043, 0.9905, -0.1818
-0.0931, 0.1381, 0.4329, 0.4026, 0.9882, -0.1848
-0.0919, 0.1389, 0.4311, 0.4002, 0.9843, -0.1878
-0.0908, 0.1398, 0.4297, 0.3982, 0.9815, -0.1910
-0.0900, 0.1407, 0.4287, 0.3965, 0.9793, -0.1936
-0.0894, 0.1411, 0.4275, 0.3948, 0.9768, -0.1952
-0.0890, 0.1409, 0.4260, 0.3932, 0.9735, -0.1951
-0.0887, 0.1400, 0.4240, 0.3916, 0.9689, -0.1930
-0.0886, 0.1383, 0.4218, 0.3904, 0.9636, -0.1893
-0.0887, 0.1355, 0.4199, 0.3903, 0.9585, -0.1826
-0.0891, 0.1320, 0.4181, 0.3909, 0.9536, -0.1741
-0.0896, 0.1289, 0.4172, 0.3923, 0.9509, -0.1663
-0.0901, 0.1266, 0.4178, 0.3948, 0.9518, -0.1608
-0.0907, 0.1255, 0.4202, 0.3985, 0.9571, -0.1579
-0.0914, 0.1254, 0.4235, 0.4026, 0.9647, -0.1573
-0.0915, 0.1264, 0.4259, 0.4049, 0.9705, -0.1598
-0.0910, 0.1281, 0.4271, 0.4052, 0.9736, -0.1646
-0.0902, 0.1296, 0.4269, 0.4041, 0.9736, -0.1690
