-0.0278, 0.2093, 0.3449, 0.9178, 0.4312, -0.3220
-0.0276, 0.2081, 0.3422, 0.9110, 0.4292, -0.3218
-0.0272, 0.2067, 0.3395, 0.9039, 0.4273, -0.3221
-0.0267, 0.2052, 0.3370, 0.8975, 0.4256, -0.3223
-0.0264, 0.2029, 0.3335, 0.8885, 0.4229, -0.3215
-0.0260, 0.1999, 0.3287, 0.8765, 0.4194, -0.3205
-0.0256, 0.1969, 0.3244, 0.8658, 0.4162, -0.3194
-0.0256, 0.1943, 0.3211, 0.8577, 0.4134, -0.3175
-0.0258, 0.1923, 0.3185, 0.8514, 0.4109, -0.3152
-0.0258, 0.1908, 0.3163, 0.8462, 0.4091, -0.3140
-0.0252, 0.1896, 0.3143, 0.8414, 0.4079, -0.3147
-0.0241, 0.1886, 0.3127, 0.8374, 0.4072, -0.3167
-0.0230, 0.1879, 0.3114, 0.8344, 0.4070, -0.3193
-0.0224, 0.1871, 0.3101, 0.8314, 0.4063, -0.3203
-0.0227, 0.1861, 0.3088, 0.8285, 0.4050, -0.3187
-0.0229, 0.1850, 0.3072, 0.8249, 0.4035, -0.3173
-0.0226, 0.1836, 0.3049, 0.8194, 0.4020, -0.3170
-0.0226, 0.1818, 0.3020, 0.8126, 0.3997, -0.3153
-0.0228, 0.1796, 0.2989, 0.8055, 0.3971, -0.3128
-0.0227, 0.1775, 0.2960, 0.7986, 0.3949, -0.3112
-0.0222, 0.1757, 0.2934, 0.7924, 0.3932, -0.3107
-0.0214, 0.1745, 0.2916, 0.7883, 0.3924, -0.3116
-0.0206, 0.1736, 0.2905, 0.7859, 0.3922, -0.3129
-0.0199, 0.1720, 0.2885, 0.7813, 0.3911, -0.3131
-0.0192, 0.1698, 0.2858, 0.7750, 0.3895, -0.3129
-0.0183, 0.1682, 0.2839, 0.7707, 0.3886, -0.3135
-0.0174, 0.1676, 0.2839, 0.7713, 0.3892, -0.3151
-0.0165, 0.1680, 0.2854, 0.7755, 0.3910, -0.3175
-0.0154, 0.1682, 0.2866, 0.7791, 0.3926, -0.3201
-0.0144, 0.1676, 0.2866, 0.7797, 0.3931, -0.3218
-0.0137, 0.1664, 0.2853, 0.7769, 0.3923, -0.3225
-0.0130, 0.1648, 0.2830, 0.7715, 0.3908, -0.3225
-0.0126, 0.1632, 0.2809, 0.7665, 0.3891, -0.3220
-0.0126, 0.1619, 0.2797, 0.7641, 0.3879, -0.3207
-0.0130, 0.1610, 0.2794, 0.7640, 0.3869, -0.3184
-0.0137, 0.1601, 0.2792, 0.7643, 0.3857, -0.3153
-0.0144, 0.1594, 0.2793, 0.7652, 0.3848, -0.3124
-0.0152, 0.1587, 0.2797, 0.7669, 0.3839, -0.3091
-0.0162, 0.1575, 0.2791, 0.7660, 0.3821, -0.3049
-0.0172, 0.1557, 0.2772, 0.7618, 0.3793, -0.3002
-0.0182, 0.1539, 0.2751, 0.7571, 0.3765, -0.2957
-0.0180, 0.1522, 0.2727, 0.7515, 0.3743, -0.2946
-0.0164, 0.1506, 0.2700, 0.7446, 0.3730, -0.2975
-0.0147, 0.1489, 0.2671, 0.7374, 0.3717, -0.3005
-0.0139, 0.1466, 0.2636, 0.7288, 0.3691, -0.3004
-0.0138, 0.1436, 0.2590, 0.7173, 0.3651, -0.2980
-0.0135, 0.1407, 0.2541, 0.7051, 0.3612, -0.2962
-0.0126, 0.1384, 0.2497, 0.6941, 0.3583, -0.2967
-0.0116, 0.1366, 0.2461, 0.6847, 0.3559, -0.2977
-0.0111, 0.1357, 0.2445, 0.6808, 0.3548, -0.2981
-0.0105, 0.1359, 0.2451, 0.6825, 0.3554, -0.2997
-0.0093, 0.1359, 0.2454, 0.6831, 0.3562, -0.3026
-0.0082, 0.1352, 0.2444, 0.6807, 0.3560, -0.3048
-0.0075, 0.1343, 0.2432, 0.6777, 0.3554, -0.3061
-0.0068, 0.1335, 0.2420, 0.6747, 0.3547, -0.3073
-0.0062, 0.1329, 0.2412, 0.6729, 0.3543, -0.3083
-0.0061, 0.1321, 0.2403, 0.6707, 0.3532, -0.3076
-0.0065, 0.1307, 0.2388, 0.6673, 0.3514, -0.3052
-0.0068, 0.1299, 0.2383, 0.6663, 0.3503, -0.3032
-0.0070, 0.1299, 0.2392, 0.6689, 0.3504, -0.3023
-0.0073, 0.1298, 0.2401, 0.6714, 0.3503, -0.3010
-0.0079, 0.1293, 0.2401, 0.6719, 0.3494, -0.2987
-0.0083, 0.1292, 0.2407, 0.6736, 0.3490, -0.2971
-0.0090, 0.1298, 0.2425, 0.6786, 0.3495, -0.2954
-0.0104, 0.1307, 0.2449, 0.6851, 0.3499, -0.2917
-0.0119, 0.1312, 0.2467, 0.6903, 0.3498, -0.2874
-0.0128, 0.1312, 0.2474, 0.6924, 0.3494, -0.2849
-0.0128, 0.1314, 0.2478, 0.6934, 0.3494, -0.2847
-0.0127, 0.1317, 0.2481, 0.6943, 0.3495, -0.2850
-0.0126, 0.1312, 0.2471, 0.6917, 0.3485, -0.2846
-0.0124, 0.1296, 0.2441, 0.6843, 0.3462, -0.2837
-0.0120, 0.1278, 0.2408, 0.6756, 0.3437, -0.2833
-0.0117, 0.1264, 0.2383, 0.6692, 0.3418, -0.2829
-0.0121, 0.1257, 0.2374, 0.6669, 0.3405, -0.2810
-0.0131, 0.1255, 0.2375, 0.6676, 0.3395, -0.2777
-0.0140, 0.1250, 0.2373, 0.6671, 0.3383, -0.2744
-0.0144, 0.1244, 0.2366, 0.6655, 0.3373, -0.2726
-0.0144, 0.1240, 0.2364, 0.6651, 0.3369, -0.2719
-0.0142, 0.1234, 0.2362, 0.6647, 0.3366, -0.2716
-0.0135, 0.1227, 0.2353, 0.6625, 0.3362, -0.2725
-0.0123, 0.1216, 0.2335, 0.6579, 0.3356, -0.2749
-0.0108, 0.1201, 0.2306, 0.6503, 0.3343, -0.2778
-0.0095, 0.1184, 0.2275, 0.6423, 0.3328, -0.2800
-0.0087, 0.1177, 0.2259, 0.6381, 0.3321, -0.2812
-0.0081, 0.1180, 0.2261, 0.6383, 0.3326, -0.2828
-0.0074, 0.1185, 0.2264, 0.6391, 0.3335, -0.2851
-0.0069, 0.1184, 0.2261, 0.6383, 0.3336, -0.2862
-0.0069, 0.1186, 0.2263, 0.6389, 0.3337, -0.2861
-0.0072, 0.1193, 0.2278, 0.6427, 0.3346, -0.2858
-0.0074, 0.1198, 0.2289, 0.6455, 0.3352, -0.2855
-0.0075, 0.1197, 0.2289, 0.6457, 0.3350, -0.2849
-0.0077, 0.1197, 0.2290, 0.6460, 0.3349, -0.2841
-0.0077, 0.1197, 0.2289, 0.6459, 0.3348, -0.2841
-0.0075, 0.1192, 0.2278, 0.6431, 0.3341, -0.2842
-0.0076, 0.1179, 0.2253, 0.6368, 0.3320, -0.2828
-0.0078, 0.1164, 0.2227, 0.6303, 0.3297, -0.2811
-0.0078, 0.1151, 0.2207, 0.6251, 0.3280, -0.2799
-0.0078, 0.1139, 0.2189, 0.6207, 0.3265, -0.2790
-0.0077, 0.1130, 0.2177, 0.6176, 0.3255, -0.2784
-0.0077, 0.1128, 0.2175, 0.6174, 0.3252, -0.2780
-0.0078, 0.1132, 0.2184, 0.6198, 0.3258, -0.2779
-0.0077, 0.1136, 0.2193, 0.6221, 0.3264, -0.2780
-0.0076, 0.1134, 0.2196, 0.6230, 0.3266, -0.2778
-0.0078, 0.1129, 0.2195, 0.6229, 0.3262, -0.2765
-0.0080, 0.1124, 0.2192, 0.6224, 0.3257, -0.2754
-0.0073, 0.1121, 0.2189, 0.6216, 0.3258, -0.2765
-0.0061, 0.1115, 0.2179, 0.6189, 0.3259, -0.2792
-0.0046, 0.1109, 0.2166, 0.6153, 0.3259, -0.2826
-0.0036, 0.1108, 0.2160, 0.6136, 0.3262, -0.2851
-0.0039, 0.1115, 0.2169, 0.6160, 0.3267, -0.2844
-0.0049, 0.1121, 0.2181, 0.6190, 0.3267, -0.2817
-0.0056, 0.1122, 0.2181, 0.6191, 0.3262, -0.2795
-0.0061, 0.1123, 0.2182, 0.6193, 0.3259, -0.2780
-0.0065, 0.1129, 0.2192, 0.6219, 0.3263, -0.2773
-0.0063, 0.1137, 0.2203, 0.6247, 0.3274, -0.2785
-0.0054, 0.1142, 0.2207, 0.6255, 0.3284, -0.2813
-0.0045, 0.1140, 0.2202, 0.6240, 0.3287, -0.2838
-0.0038, 0.1137, 0.2195, 0.6220, 0.3286, -0.2853
-0.0030, 0.1137, 0.2192, 0.6211, 0.3290, -0.2877
-0.0022, 0.1141, 0.2193, 0.6213, 0.3298, -0.2903
-0.0019, 0.1144, 0.2194, 0.6215, 0.3302, -0.2912
-0.0021, 0.1141, 0.2190, 0.6204, 0.3297, -0.2906
-0.0025, 0.1136, 0.2182, 0.6185, 0.3288, -0.2892
-0.0032, 0.1134, 0.2180, 0.6183, 0.3282, -0.2871
-0.0037, 0.1133, 0.2181, 0.6185, 0.3278, -0.2857
-0.0037, 0.1129, 0.2175, 0.6174, 0.3274, -0.2853
-0.0035, 0.1131, 0.2177, 0.6178, 0.3277, -0.2859
-0.0031, 0.1136, 0.2183, 0.6194, 0.3285, -0.2874
-0.0022, 0.1135, 0.2178, 0.6180, 0.3288, -0.2898
-0.0011, 0.1133, 0.2168, 0.6153, 0.3290, -0.2930
-0.0000, 0.1135, 0.2167, 0.6148, 0.3297, -0.2962
0.0006, 0.1141, 0.2176, 0.6171, 0.3309, -0.2984
0.0011, 0.1147, 0.2189, 0.6204, 0.3322, -0.3001
0.0013, 0.1153, 0.2199, 0.6232, 0.3330, -0.3007
0.0008, 0.1158, 0.2211, 0.6264, 0.3334, -0.2996
0.0000, 0.1164, 0.2223, 0.6298, 0.3336, -0.2978
-0.0007, 0.1166, 0.2232, 0.6323, 0.3335, -0.2956
-0.0017, 0.1162, 0.2233, 0.6328, 0.3325, -0.2925
-0.0026, 0.1155, 0.2226, 0.6315, 0.3309, -0.2890
-0.0031, 0.1151, 0.2219, 0.6296, 0.3298, -0.2873
-0.0027, 0.1148, 0.2211, 0.6273, 0.3293, -0.2882
-0.0017, 0.1144, 0.2199, 0.6241, 0.3289, -0.2907
-0.0008, 0.1135, 0.2178, 0.6184, 0.3279, -0.2928
-0.0001, 0.1123, 0.2150, 0.6111, 0.3262, -0.2941
0.0002, 0.1114, 0.2129, 0.6056, 0.3248, -0.2941
-0.0002, 0.1111, 0.2121, 0.6034, 0.3239, -0.2930
-0.0010, 0.1108, 0.2118, 0.6024, 0.3229, -0.2906
-0.0022, 0.1102, 0.2108, 0.6001, 0.3212, -0.2868
-0.0035, 0.1095, 0.2099, 0.5978, 0.3193, -0.2826
-0.0047, 0.1097, 0.2105, 0.5993, 0.3185, -0.2791
-0.0060, 0.1103, 0.2121, 0.6035, 0.3185, -0.2758
-0.0075, 0.1104, 0.2133, 0.6069, 0.3180, -0.2717
-0.0093, 0.1106, 0.2149, 0.6113, 0.3176, -0.2667
-0.0111, 0.1112, 0.2174, 0.6181, 0.3178, -0.2618
-0.0124, 0.1119, 0.2197, 0.6242, 0.3184, -0.2584
-0.0127, 0.1123, 0.2212, 0.6285, 0.3191, -0.2576
-0.0125, 0.1126, 0.2221, 0.6308, 0.3199, -0.2584
-0.0121, 0.1129, 0.2225, 0.6319, 0.3205, -0.2597
-0.0121, 0.1131, 0.2227, 0.6325, 0.3206, -0.2597
-0.0122, 0.1129, 0.2223, 0.6314, 0.3203, -0.2593
-0.0114, 0.1121, 0.2204, 0.6264, 0.3195, -0.2609
-0.0102, 0.1111, 0.2182, 0.6205, 0.3187, -0.2633
-0.0096, 0.1105, 0.2171, 0.6177, 0.3185, -0.2646
-0.0092, 0.1104, 0.2167, 0.6169, 0.3186, -0.2656
-0.0090, 0.1103, 0.2165, 0.6164, 0.3187, -0.2662
-0.0088, 0.1100, 0.2159, 0.6149, 0.3185, -0.2666
-0.0080, 0.1093, 0.2143, 0.6107, 0.3179, -0.2682
-0.0069, 0.1085, 0.2120, 0.6045, 0.3170, -0.2705
-0.0059, 0.1078, 0.2100, 0.5992, 0.3164, -0.2729
-0.0048, 0.1074, 0.2085, 0.5951, 0.3161, -0.2756
-0.0033, 0.1072, 0.2069, 0.5908, 0.3161, -0.2799
-0.0015, 0.1068, 0.2052, 0.5859, 0.3162, -0.2848
-0.0003, 0.1063, 0.2035, 0.5814, 0.3159, -0.2878
0.0005, 0.1062, 0.2030, 0.5797, 0.3161, -0.2898
0.0012, 0.1067, 0.2036, 0.5812, 0.3172, -0.2922
0.0019, 0.1071, 0.2040, 0.5822, 0.3179, -0.2944
0.0024, 0.1071, 0.2039, 0.5819, 0.3181, -0.2957
0.0026, 0.1073, 0.2042, 0.5828, 0.3184, -0.2966
0.0026, 0.1079, 0.2053, 0.5856, 0.3191, -0.2968
0.0024, 0.1085, 0.2065, 0.5887, 0.3198, -0.2968
0.0022, 0.1094, 0.2080, 0.5924, 0.3208, -0.2970
0.0021, 0.1103, 0.2097, 0.5966, 0.3219, -0.2973
0.0019, 0.1105, 0.2104, 0.5985, 0.3222, -0.2971
0.0018, 0.1105, 0.2106, 0.5990, 0.3220, -0.2968
0.0015, 0.1105, 0.2110, 0.6002, 0.3220, -0.2962
0.0012, 0.1101, 0.2110, 0.6003, 0.3215, -0.2950
0.0008, 0.1093, 0.2101, 0.5979, 0.3204, -0.2937
0.0007, 0.1084, 0.2084, 0.5937, 0.3190, -0.2928
0.0008, 0.1075, 0.2066, 0.5890, 0.3176, -0.2924
0.0006, 0.1068, 0.2052, 0.5852, 0.3162, -0.2914
-0.0000, 0.1063, 0.2045, 0.5834, 0.3150, -0.2892
-0.0005, 0.1062, 0.2046, 0.5837, 0.3146, -0.2878
-0.0002, 0.1066, 0.2052, 0.5850, 0.3152, -0.2890
0.0002, 0.1069, 0.2055, 0.5857, 0.3157, -0.2904
0.0002, 0.1068, 0.2055, 0.5858, 0.3157, -0.2902
0.0003, 0.1065, 0.2055, 0.5858, 0.3157, -0.2902
0.0006, 0.1065, 0.2057, 0.5863, 0.3161, -0.2910
0.0005, 0.1067, 0.2066, 0.5887, 0.3167, -0.2905
-0.0004, 0.1071, 0.2079, 0.5925, 0.3170, -0.2880
-0.0015, 0.1072, 0.2088, 0.5950, 0.3169, -0.2852
-0.0020, 0.1070, 0.2086, 0.5948, 0.3163, -0.2833
-0.0022, 0.1067, 0.2081, 0.5935, 0.3158, -0.2825
-0.0022, 0.1066, 0.2077, 0.5925, 0.3155, -0.2825
-0.0023, 0.1065, 0.2073, 0.5915, 0.3151, -0.2818
-0.0028, 0.1066, 0.2073, 0.5916, 0.3147, -0.2804
-0.0032, 0.1069, 0.2079, 0.5932, 0.3149, -0.2795
-0.0033, 0.1076, 0.2092, 0.5966, 0.3158, -0.2795
-0.0033, 0.1093, 0.2119, 0.6033, 0.3179, -0.2807
-0.0032, 0.1111, 0.2149, 0.6109, 0.3203, -0.2821
-0.0032, 0.1123, 0.2169, 0.6159, 0.3219, -0.2830
-0.0028, 0.1132, 0.2185, 0.6200, 0.3235, -0.2845
-0.0025, 0.1147, 0.2216, 0.6278, 0.3260, -0.2861
-0.0025, 0.1166, 0.2255, 0.6379, 0.3290, -0.2875
-0.0021, 0.1183, 0.2290, 0.6468, 0.3320, -0.2897
-0.0014, 0.1196, 0.2317, 0.6534, 0.3344, -0.2925
-0.0002, 0.1201, 0.2326, 0.6556, 0.3359, -0.2961
0.0015, 0.1198, 0.2317, 0.6532, 0.3365, -0.3007
0.0030, 0.1194, 0.2307, 0.6504, 0.3367, -0.3046
0.0037, 0.1192, 0.2306, 0.6502, 0.3370, -0.3062
0.0035, 0.1192, 0.2309, 0.6512, 0.3370, -0.3058
0.0031, 0.1186, 0.2302, 0.6495, 0.3359, -0.3041
0.0024, 0.1174, 0.2279, 0.6440, 0.3336, -0.3013
0.0019, 0.1163, 0.2257, 0.6384, 0.3313, -0.2989
0.0014, 0.1157, 0.2244, 0.6354, 0.3299, -0.2971
0.0007, 0.1156, 0.2242, 0.6349, 0.3292, -0.2950
0.0003, 0.1160, 0.2247, 0.6362, 0.3292, -0.2941
0.0003, 0.1168, 0.2254, 0.6382, 0.3298, -0.2948
0.0006, 0.1174, 0.2256, 0.6386, 0.3303, -0.2962
0.0012, 0.1172, 0.2246, 0.6359, 0.3300, -0.2977
0.0018, 0.1169, 0.2232, 0.6322, 0.3295, -0.2993
0.0025, 0.1164, 0.2217, 0.6281, 0.3289, -0.3007
0.0025, 0.1156, 0.2201, 0.6239, 0.3278, -0.3004
0.0019, 0.1145, 0.2183, 0.6195, 0.3260, -0.2979
0.0011, 0.1126, 0.2155, 0.6124, 0.3233, -0.2945
0.0008, 0.1104, 0.2118, 0.6030, 0.3202, -0.2919
0.0007, 0.1087, 0.2087, 0.5953, 0.3179, -0.2907
0.0005, 0.1079, 0.2074, 0.5920, 0.3167, -0.2894
-0.0000, 0.1079, 0.2075, 0.5923, 0.3165, -0.2880
-0.0003, 0.1086, 0.2090, 0.5962, 0.3174, -0.2878
-0.0005, 0.1102, 0.2123, 0.6046, 0.3197, -0.2881
-0.0013, 0.1117, 0.2157, 0.6135, 0.3216, -0.2871
-0.0022, 0.1122, 0.2171, 0.6175, 0.3218, -0.2847
-0.0033, 0.1114, 0.2163, 0.6156, 0.3202, -0.2810
-0.0043, 0.1100, 0.2146, 0.6118, 0.3180, -0.2769
-0.0052, 0.1091, 0.2135, 0.6092, 0.3164, -0.2738
-0.0059, 0.1089, 0.2130, 0.6080, 0.3155, -0.2717
-0.0062, 0.1090, 0.2130, 0.6078, 0.3151, -0.2708
-0.0065, 0.1092, 0.2132, 0.6086, 0.3150, -0.2701
-0.0069, 0.1093, 0.2135, 0.6094, 0.3148, -0.2691
-0.0068, 0.1095, 0.2139, 0.6103, 0.3152, -0.2696
-0.0061, 0.1101, 0.2147, 0.6122, 0.3163, -0.2719
-0.0055, 0.1106, 0.2155, 0.6141, 0.3175, -0.2741
-0.0048, 0.1110, 0.2161, 0.6153, 0.3185, -0.2765
-0.0042, 0.1119, 0.2173, 0.6182, 0.3199, -0.2789
-0.0040, 0.1129, 0.2188, 0.6220, 0.3213, -0.2801
-0.0040, 0.1135, 0.2201, 0.6253, 0.3223, -0.2806
-0.0039, 0.1142, 0.2215, 0.6287, 0.3233, -0.2813
-0.0036, 0.1150, 0.2229, 0.6321, 0.3246, -0.2829
-0.0030, 0.1158, 0.2242, 0.6352, 0.3260, -0.2850
-0.0027, 0.1164, 0.2252, 0.6377, 0.3271, -0.2864
-0.0023, 0.1165, 0.2255, 0.6386, 0.3276, -0.2875
-0.0020, 0.1158, 0.2248, 0.6368, 0.3274, -0.2880
-0.0020, 0.1146, 0.2231, 0.6325, 0.3260, -0.2870
-0.0022, 0.1131, 0.2208, 0.6269, 0.3241, -0.2853
-0.0023, 0.1118, 0.2187, 0.6215, 0.3224, -0.2841
-0.0028, 0.1107, 0.2168, 0.6169, 0.3205, -0.2820
-0.0037, 0.1096, 0.2149, 0.6124, 0.3183, -0.2786
-0.0041, 0.1088, 0.2134, 0.6086, 0.3168, -0.2768
-0.0040, 0.1085, 0.2122, 0.6056, 0.3160, -0.2768
-0.0038, 0.1078, 0.2106, 0.6013, 0.3149, -0.2769
-0.0035, 0.1070, 0.2089, 0.5973, 0.3139, -0.2773
-0.0028, 0.1072, 0.2092, 0.5980, 0.3146, -0.2793
-0.0013, 0.1080, 0.2106, 0.6016, 0.3168, -0.2841
0.0006, 0.1083, 0.2110, 0.6025, 0.3184, -0.2896
0.0020, 0.1080, 0.2103, 0.6007, 0.3189, -0.2934
0.0033, 0.1079, 0.2100, 0.5998, 0.3196, -0.2969
0.0047, 0.1084, 0.2106, 0.6011, 0.3210, -0.3011
0.0060, 0.1091, 0.2112, 0.6024, 0.3224, -0.3051
0.0066, 0.1096, 0.2115, 0.6032, 0.3231, -0.3071
0.0065, 0.1099, 0.2117, 0.6036, 0.3231, -0.3071
0.0063, 0.1103, 0.2121, 0.6047, 0.3232, -0.3067
0.0058, 0.1108, 0.2131, 0.6072, 0.3235, -0.3058
0.0049, 0.1115, 0.2145, 0.6109, 0.3238, -0.3034
0.0035, 0.1120, 0.2158, 0.6145, 0.3236, -0.2997
0.0019, 0.1118, 0.2160, 0.6151, 0.3225, -0.2950
0.0002, 0.1112, 0.2151, 0.6129, 0.3205, -0.2897
-0.0010, 0.1103, 0.2138, 0.6096, 0.3185, -0.2854
-0.0019, 0.1095, 0.2123, 0.6061, 0.3168, -0.2822
-0.0026, 0.1086, 0.2107, 0.6019, 0.3148, -0.2791
-0.0034, 0.1077, 0.2089, 0.5974, 0.3128, -0.2760
-0.0040, 0.1073, 0.2078, 0.5945, 0.3114, -0.2737
-0.0046, 0.1070, 0.2071, 0.5928, 0.3104, -0.2717
-0.0054, 0.1071, 0.2070, 0.5926, 0.3098, -0.2696
-0.0061, 0.1080, 0.2083, 0.5960, 0.3103, -0.2682
-0.0065, 0.1090, 0.2098, 0.5997, 0.3112, -0.2680
-0.0063, 0.1094, 0.2098, 0.5997, 0.3114, -0.2688
-0.0060, 0.1091, 0.2088, 0.5967, 0.3108, -0.2696
-0.0059, 0.1082, 0.2072, 0.5926, 0.3095, -0.2691
-0.0060, 0.1074, 0.2059, 0.5894, 0.3082, -0.2680
-0.0060, 0.1069, 0.2053, 0.5881, 0.3077, -0.2676
-0.0053, 0.1062, 0.2041, 0.5850, 0.3071, -0.2690
-0.0037, 0.1049, 0.2015, 0.5782, 0.3061, -0.2722
-0.0022, 0.1037, 0.1993, 0.5724, 0.3054, -0.2756
-0.0010, 0.1040, 0.1994, 0.5726, 0.3063, -0.2789
0.0000, 0.1050, 0.2008, 0.5759, 0.3081, -0.2823
0.0008, 0.1054, 0.2010, 0.5761, 0.3088, -0.2846
0.0013, 0.1052, 0.2001, 0.5738, 0.3085, -0.2857
0.0014, 0.1053, 0.1997, 0.5726, 0.3083, -0.2860
0.0012, 0.1054, 0.1993, 0.5715, 0.3079, -0.2855
0.0007, 0.1049, 0.1983, 0.5690, 0.3069, -0.2837
0.0003, 0.1045, 0.1976, 0.5671, 0.3062, -0.2822
0.0003, 0.1046, 0.1977, 0.5675, 0.3065, -0.2823
0.0002, 0.1049, 0.1985, 0.5695, 0.3071, -0.2821
-0.0003, 0.1053, 0.1996, 0.5725, 0.3078, -0.2812
-0.0008, 0.1059, 0.2013, 0.5768, 0.3089, -0.2804
-0.0012, 0.1068, 0.2034, 0.5825, 0.3103, -0.2799
-0.0016, 0.1076, 0.2057, 0.5883, 0.3117, -0.2793
-0.0021, 0.1084, 0.2078, 0.5938, 0.3130, -0.2785
-0.0023, 0.1088, 0.2092, 0.5975, 0.3139, -0.2783
-0.0022, 0.1086, 0.2096, 0.5983, 0.3142, -0.2785
-0.0019, 0.1079, 0.2088, 0.5964, 0.3138, -0.2789
-0.0016, 0.1070, 0.2074, 0.5926, 0.3129, -0.2793
-0.0015, 0.1064, 0.2065, 0.5901, 0.3123, -0.2793
-0.0017, 0.1066, 0.2069, 0.5912, 0.3126, -0.2790
-0.0020, 0.1069, 0.2078, 0.5935, 0.3131, -0.2784
-0.0025, 0.1070, 0.2085, 0.5954, 0.3133, -0.2772
-0.0028, 0.1072, 0.2093, 0.5974, 0.3138, -0.2766
-0.0027, 0.1076, 0.2099, 0.5991, 0.3145, -0.2770
-0.0030, 0.1078, 0.2101, 0.5995, 0.3145, -0.2764
-0.0038, 0.1076, 0.2098, 0.5988, 0.3138, -0.2739
-0.0047, 0.1076, 0.2097, 0.5986, 0.3131, -0.2711
-0.0052, 0.1083, 0.2107, 0.6011, 0.3136, -0.2701
-0.0053, 0.1099, 0.2128, 0.6064, 0.3153, -0.2710
-0.0054, 0.1112, 0.2147, 0.6113, 0.3168, -0.2716
-0.0055, 0.1114, 0.2153, 0.6128, 0.3172, -0.2712
-0.0054, 0.1112, 0.2152, 0.6129, 0.3173, -0.2716
-0.0051, 0.1114, 0.2158, 0.6144, 0.3180, -0.2724
-0.0053, 0.1117, 0.2170, 0.6176, 0.3188, -0.2721
-0.0056, 0.1122, 0.2186, 0.6219, 0.3197, -0.2714
-0.0055, 0.1129, 0.2201, 0.6258, 0.3210, -0.2722
-0.0049, 0.1136, 0.2213, 0.6289, 0.3224, -0.2744
-0.0038, 0.1145, 0.2227, 0.6324, 0.3244, -0.2781
-0.0026, 0.1151, 0.2236, 0.6345, 0.3260, -0.2820
-0.0021, 0.1150, 0.2233, 0.6338, 0.3262, -0.2836
-0.0023, 0.1149, 0.2234, 0.6341, 0.3260, -0.2830
-0.0028, 0.1155, 0.2248, 0.6379, 0.3266, -0.2819
-0.0034, 0.1161, 0.2260, 0.6411, 0.3271, -0.2808
-0.0035, 0.1159, 0.2259, 0.6408, 0.3268, -0.2803
-0.0031, 0.1154, 0.2250, 0.6385, 0.3263, -0.2811
-0.0026, 0.1151, 0.2243, 0.6367, 0.3261, -0.2824
-0.0025, 0.1151, 0.2242, 0.6363, 0.3260, -0.2828
-0.0023, 0.1153, 0.2242, 0.6363, 0.3261, -0.2835
-0.0018, 0.1156, 0.2242, 0.6360, 0.3264, -0.2850
-0.0017, 0.1156, 0.2236, 0.6345, 0.3260, -0.2854
-0.0015, 0.1148, 0.2219, 0.6299, 0.3249, -0.2854
-0.0007, 0.1132, 0.2187, 0.6216, 0.3231, -0.2864
-0.0003, 0.1113, 0.2152, 0.6125, 0.3206, -0.2861
-0.0010, 0.1099, 0.2131, 0.6072, 0.3184, -0.2832
-0.0019, 0.1095, 0.2128, 0.6067, 0.3174, -0.2802
-0.0026, 0.1100, 0.2138, 0.6093, 0.3177, -0.2787
-0.0031, 0.1105, 0.2147, 0.6115, 0.3180, -0.2776
-0.0031, 0.1108, 0.2150, 0.6121, 0.3183, -0.2777
-0.0024, 0.1115, 0.2157, 0.6138, 0.3195, -0.2801
-0.0017, 0.1122, 0.2167, 0.6163, 0.3210, -0.2826
-0.0015, 0.1122, 0.2169, 0.6167, 0.3213, -0.2830
-0.0015, 0.1118, 0.2167, 0.6162, 0.3212, -0.2827
-0.0011, 0.1118, 0.2169, 0.6166, 0.3218, -0.2837
-0.0005, 0.1118, 0.2171, 0.6171, 0.3225, -0.2854
-0.0004, 0.1121, 0.2178, 0.6189, 0.3231, -0.2857
-0.0005, 0.1126, 0.2190, 0.6221, 0.3239, -0.2858
-0.0005, 0.1130, 0.2201, 0.6251, 0.3249, -0.2865
-0.0010, 0.1133, 0.2214, 0.6287, 0.3255, -0.2852
-0.0025, 0.1137, 0.2230, 0.6331, 0.3256, -0.2815
-0.0038, 0.1139, 0.2240, 0.6361, 0.3254, -0.2778
-0.0050, 0.1136, 0.2239, 0.6362, 0.3244, -0.2742
-0.0064, 0.1128, 0.2230, 0.6341, 0.3227, -0.2698
-0.0073, 0.1119, 0.2217, 0.6310, 0.3210, -0.2665
-0.0075, 0.1110, 0.2202, 0.6271, 0.3197, -0.2653
-0.0073, 0.1102, 0.2183, 0.6223, 0.3184, -0.2650
-0.0066, 0.1089, 0.2154, 0.6146, 0.3167, -0.2658
-0.0057, 0.1075, 0.2120, 0.6058, 0.3149, -0.2674
-0.0052, 0.1068, 0.2103, 0.6012, 0.3139, -0.2680
-0.0053, 0.1067, 0.2101, 0.6007, 0.3136, -0.2674
-0.0053, 0.1067, 0.2099, 0.6003, 0.3136, -0.2673
-0.0045, 0.1069, 0.2098, 0.5997, 0.3141, -0.2694
-0.0032, 0.1073, 0.2100, 0.6002, 0.3154, -0.2733
-0.0016, 0.1081, 0.2107, 0.6015, 0.3171, -0.2782
0.0001, 0.1087, 0.2109, 0.6017, 0.3187, -0.2834
0.0019, 0.1086, 0.2102, 0.5995, 0.3195, -0.2882
0.0032, 0.1079, 0.2088, 0.5958, 0.3194, -0.2914
0.0038, 0.1066, 0.2066, 0.5902, 0.3181, -0.2920
0.0039, 0.1051, 0.2041, 0.5840, 0.3162, -0.2909
0.0037, 0.1040, 0.2025, 0.5800, 0.3147, -0.2892
0.0033, 0.1033, 0.2017, 0.5781, 0.3136, -0.2876
0.0027, 0.1028, 0.2014, 0.5772, 0.3128, -0.2855
0.0020, 0.1027, 0.2014, 0.5773, 0.3121, -0.2831
0.0017, 0.1029, 0.2015, 0.5777, 0.3120, -0.2825
0.0021, 0.1032, 0.2013, 0.5770, 0.3122, -0.2840
0.0029, 0.1034, 0.2005, 0.5747, 0.3122, -0.2861
0.0034, 0.1036, 0.2001, 0.5734, 0.3122, -0.2877
0.0032, 0.1042, 0.2009, 0.5756, 0.3128, -0.2878
0.0026, 0.1051, 0.2027, 0.5801, 0.3136, -0.2868
0.0021, 0.1063, 0.2045, 0.5850, 0.3147, -0.2862
0.0018, 0.1070, 0.2059, 0.5884, 0.3154, -0.2859
0.0015, 0.1070, 0.2061, 0.5891, 0.3153, -0.2853
0.0012, 0.1065, 0.2054, 0.5874, 0.3144, -0.2839
0.0008, 0.1057, 0.2042, 0.5844, 0.3131, -0.2823
0.0005, 0.1052, 0.2034, 0.5824, 0.3122, -0.2812
0.0002, 0.1054, 0.2037, 0.5833, 0.3122, -0.2806
-0.0002, 0.1061, 0.2052, 0.5874, 0.3132, -0.2804
-0.0008, 0.1073, 0.2076, 0.5936, 0.3146, -0.2798
-0.0020, 0.1082, 0.2098, 0.5994, 0.3153, -0.2772
-0.0033, 0.1088, 0.2114, 0.6040, 0.3156, -0.2738
-0.0040, 0.1091, 0.2123, 0.6063, 0.3157, -0.2720
-0.0041, 0.1091, 0.2124, 0.6066, 0.3156, -0.2716
-0.0042, 0.1092, 0.2124, 0.6068, 0.3156, -0.2715
-0.0042, 0.1096, 0.2130, 0.6085, 0.3160, -0.2717
-0.0045, 0.1104, 0.2147, 0.6129, 0.3170, -0.2714
-0.0050, 0.1112, 0.2167, 0.6182, 0.3181, -0.2706
-0.0056, 0.1119, 0.2185, 0.6231, 0.3190, -0.2693
-0.0064, 0.1126, 0.2203, 0.6280, 0.3198, -0.2675
-0.0071, 0.1129, 0.2214, 0.6310, 0.3201, -0.2658
-0.0075, 0.1127, 0.2215, 0.6313, 0.3198, -0.2646
-0.0075, 0.1125, 0.2215, 0.6313, 0.3199, -0.2645
-0.0074, 0.1126, 0.2217, 0.6318, 0.3202, -0.2647
-0.0076, 0.1121, 0.2209, 0.6299, 0.3195, -0.2641
-0.0077, 0.1113, 0.2198, 0.6271, 0.3187, -0.2632
-0.0076, 0.1110, 0.2197, 0.6270, 0.3187, -0.2631
-0.0075, 0.1113, 0.2208, 0.6298, 0.3197, -0.2637
-0.0071, 0.1120, 0.2222, 0.6333, 0.3210, -0.2651
-0.0068, 0.1125, 0.2232, 0.6359, 0.3221, -0.2662
-0.0068, 0.1129, 0.2244, 0.6390, 0.3231, -0.2666
-0.0068, 0.1136, 0.2259, 0.6429, 0.3243, -0.2671
-0.0063, 0.1141, 0.2269, 0.6452, 0.3254, -0.2688
-0.0057, 0.1139, 0.2267, 0.6448, 0.3257, -0.2703
-0.0059, 0.1137, 0.2268, 0.6452, 0.3256, -0.2696
-0.0071, 0.1141, 0.2283, 0.6493, 0.3257, -0.2664
-0.0084, 0.1143, 0.2298, 0.6534, 0.3256, -0.2625
-0.0093, 0.1139, 0.2297, 0.6533, 0.3248, -0.2596
-0.0093, 0.1133, 0.2287, 0.6510, 0.3240, -0.2589
-0.0088, 0.1131, 0.2281, 0.6491, 0.3238, -0.2601
-0.0082, 0.1135, 0.2283, 0.6494, 0.3245, -0.2620
-0.0078, 0.1142, 0.2290, 0.6512, 0.3254, -0.2637
-0.0072, 0.1143, 0.2284, 0.6494, 0.3254, -0.2651
-0.0063, 0.1135, 0.2259, 0.6426, 0.3242, -0.2670
-0.0055, 0.1129, 0.2233, 0.6356, 0.3228, -0.2686
-0.0050, 0.1125, 0.2213, 0.6301, 0.3217, -0.2697
-0.0041, 0.1119, 0.2190, 0.6237, 0.3206, -0.2718
-0.0028, 0.1106, 0.2156, 0.6145, 0.3189, -0.2744
-0.0019, 0.1087, 0.2110, 0.6024, 0.3160, -0.2757
-0.0014, 0.1064, 0.2059, 0.5891, 0.3123, -0.2753
-0.0011, 0.1040, 0.2008, 0.5757, 0.3085, -0.2746
-0.0007, 0.1020, 0.1968, 0.5654, 0.3056, -0.2743
-0.0005, 0.1011, 0.1952, 0.5614, 0.3043, -0.2739
-0.0007, 0.1011, 0.1955, 0.5621, 0.3042, -0.2733
-0.0008, 0.1014, 0.1963, 0.5643, 0.3046, -0.2734
-0.0009, 0.1021, 0.1979, 0.5684, 0.3057, -0.2739
-0.0012, 0.1031, 0.2000, 0.5739, 0.3070, -0.2739
-0.0014, 0.1040, 0.2021, 0.5793, 0.3084, -0.2741
-0.0015, 0.1047, 0.2039, 0.5841, 0.3096, -0.2746
-0.0014, 0.1050, 0.2051, 0.5871, 0.3104, -0.2751
-0.0011, 0.1053, 0.2057, 0.5889, 0.3112, -0.2763
-0.0005, 0.1057, 0.2063, 0.5902, 0.3121, -0.2784
-0.0001, 0.1059, 0.2063, 0.5901, 0.3125, -0.2800
0.0001, 0.1054, 0.2054, 0.5877, 0.3120, -0.2804
-0.0004, 0.1050, 0.2049, 0.5866, 0.3112, -0.2789
-0.0017, 0.1052, 0.2062, 0.5902, 0.3112, -0.2755
-0.0032, 0.1063, 0.2089, 0.5975, 0.3122, -0.2724
-0.0042, 0.1078, 0.2122, 0.6061, 0.3140, -0.2706
-0.0045, 0.1091, 0.2150, 0.6133, 0.3160, -0.2708
-0.0044, 0.1098, 0.2168, 0.6179, 0.3175, -0.2717
-0.0048, 0.1104, 0.2184, 0.6222, 0.3185, -0.2712
-0.0055, 0.1113, 0.2205, 0.6278, 0.3197, -0.2703
-0.0057, 0.1127, 0.2228, 0.6337, 0.3214, -0.2710
-0.0052, 0.1138, 0.2242, 0.6371, 0.3230, -0.2732
-0.0048, 0.1146, 0.2248, 0.6384, 0.3238, -0.2750
-0.0053, 0.1150, 0.2253, 0.6395, 0.3239, -0.2741
-0.0060, 0.1148, 0.2248, 0.6385, 0.3229, -0.2719
-0.0064, 0.1143, 0.2237, 0.6355, 0.3218, -0.2706
-0.0061, 0.1139, 0.2224, 0.6322, 0.3211, -0.2714
-0.0052, 0.1136, 0.2210, 0.6281, 0.3207, -0.2738
-0.0045, 0.1128, 0.2191, 0.6230, 0.3199, -0.2754
-0.0039, 0.1118, 0.2172, 0.6181, 0.3189, -0.2763
-0.0031, 0.1109, 0.2156, 0.6139, 0.3182, -0.2780
-0.0023, 0.1102, 0.2142, 0.6101, 0.3178, -0.2798
-0.0017, 0.1100, 0.2137, 0.6087, 0.3179, -0.2814
-0.0012, 0.1109, 0.2150, 0.6120, 0.3193, -0.2833
-0.0008, 0.1124, 0.2173, 0.6177, 0.3214, -0.2857
-0.0008, 0.1134, 0.2189, 0.6218, 0.3227, -0.2866
-0.0010, 0.1137, 0.2195, 0.6232, 0.3229, -0.2862
-0.0007, 0.1134, 0.2186, 0.6208, 0.3224, -0.2868
-0.0000, 0.1123, 0.2164, 0.6150, 0.3211, -0.2875
0.0002, 0.1110, 0.2141, 0.6091, 0.3194, -0.2869
0.0004, 0.1103, 0.2126, 0.6052, 0.3184, -0.2870
0.0010, 0.1098, 0.2114, 0.6018, 0.3179, -0.2882
0.0015, 0.1094, 0.2102, 0.5988, 0.3174, -0.2891
0.0017, 0.1094, 0.2101, 0.5985, 0.3174, -0.2894
0.0015, 0.1092, 0.2100, 0.5983, 0.3172, -0.2888
0.0014, 0.1085, 0.2089, 0.5956, 0.3164, -0.2879
0.0010, 0.1082, 0.2084, 0.5942, 0.3158, -0.2867
0.0004, 0.1084, 0.2087, 0.5951, 0.3156, -0.2850
-0.0001, 0.1083, 0.2088, 0.5953, 0.3153, -0.2835
-0.0006, 0.1078, 0.2079, 0.5930, 0.3142, -0.2817
-0.0015, 0.1067, 0.2064, 0.5894, 0.3124, -0.2787
-0.0024, 0.1058, 0.2054, 0.5872, 0.3109, -0.2755
-0.0030, 0.1054, 0.2053, 0.5871, 0.3104, -0.2736
-0.0031, 0.1058, 0.2060, 0.5890, 0.3109, -0.2737
-0.0027, 0.1068, 0.2075, 0.5927, 0.3126, -0.2759
-0.0018, 0.1083, 0.2094, 0.5973, 0.3150, -0.2795
-0.0010, 0.1096, 0.2112, 0.6016, 0.3172, -0.2831
-0.0002, 0.1107, 0.2125, 0.6049, 0.3191, -0.2863
0.0011, 0.1117, 0.2134, 0.6070, 0.3210, -0.2909
0.0023, 0.1128, 0.2147, 0.6102, 0.3231, -0.2954
0.0025, 0.1134, 0.2159, 0.6131, 0.3243, -0.2969
0.0023, 0.1130, 0.2155, 0.6122, 0.3239, -0.2962
0.0023, 0.1124, 0.2147, 0.6102, 0.3233, -0.2957
0.0022, 0.1119, 0.2139, 0.6083, 0.3228, -0.2953
0.0020, 0.1108, 0.2121, 0.6035, 0.3211, -0.2939
0.0017, 0.1090, 0.2092, 0.5964, 0.3186, -0.2917
0.0008, 0.1075, 0.2070, 0.5910, 0.3162, -0.2882
-0.0002, 0.1063, 0.2056, 0.5876, 0.3144, -0.2846
-0.0008, 0.1055, 0.2045, 0.5849, 0.3131, -0.2824
-0.0012, 0.1050, 0.2041, 0.5841, 0.3126, -0.2811
-0.0018, 0.1048, 0.2046, 0.5858, 0.3125, -0.2793
-0.0026, 0.1045, 0.2051, 0.5873, 0.3122, -0.2769
-0.0029, 0.1041, 0.2051, 0.5873, 0.3119, -0.2760
-0.0029, 0.1042, 0.2056, 0.5887, 0.3124, -0.2763
-0.0031, 0.1048, 0.2068, 0.5918, 0.3132, -0.2763
-0.0031, 0.1050, 0.2072, 0.5927, 0.3135, -0.2768
-0.0022, 0.1049, 0.2062, 0.5902, 0.3135, -0.2792
-0.0010, 0.1050, 0.2053, 0.5875, 0.3138, -0.2828
0.0001, 0.1058, 0.2056, 0.5880, 0.3150, -0.2864
0.0007, 0.1073, 0.2073, 0.5922, 0.3168, -0.2891
0.0010, 0.1083, 0.2090, 0.5965, 0.3183, -0.2909
0.0011, 0.1091, 0.2107, 0.6012, 0.3196, -0.2915
0.0010, 0.1103, 0.2132, 0.6076, 0.3214, -0.2921
0.0013, 0.1113, 0.2148, 0.6120, 0.3229, -0.2937
0.0021, 0.1120, 0.2157, 0.6142, 0.3241, -0.2962
0.0029, 0.1128, 0.2173, 0.6181, 0.3259, -0.2990
0.0033, 0.1136, 0.2187, 0.6217, 0.3271, -0.3005
0.0034, 0.1137, 0.2188, 0.6222, 0.3273, -0.3009
0.0039, 0.1136, 0.2183, 0.6208, 0.3272, -0.3021
0.0049, 0.1137, 0.2181, 0.6199, 0.3277, -0.3049
0.0058, 0.1145, 0.2188, 0.6217, 0.3290, -0.3080
0.0061, 0.1157, 0.2205, 0.6258, 0.3306, -0.3098
0.0061, 0.1168, 0.2226, 0.6311, 0.3322, -0.3105
0.0059, 0.1175, 0.2244, 0.6358, 0.3334, -0.3103
0.0052, 0.1175, 0.2253, 0.6382, 0.3335, -0.3083
0.0042, 0.1169, 0.2247, 0.6370, 0.3323, -0.3049
0.0035, 0.1157, 0.2228, 0.6322, 0.3302, -0.3019
0.0027, 0.1141, 0.2201, 0.6255, 0.3276, -0.2985
0.0016, 0.1125, 0.2173, 0.6186, 0.3247, -0.2941
0.0006, 0.1114, 0.2154, 0.6137, 0.3224, -0.2904
0.0000, 0.1109, 0.2142, 0.6107, 0.3211, -0.2883
-0.0003, 0.1105, 0.2134, 0.6086, 0.3203, -0.2871
-0.0009, 0.1104, 0.2130, 0.6076, 0.3196, -0.2855
-0.0019, 0.1105, 0.2134, 0.6089, 0.3191, -0.2828
-0.0035, 0.1112, 0.2151, 0.6134, 0.3191, -0.2788
-0.0056, 0.1118, 0.2170, 0.6185, 0.3189, -0.2733
-0.0073, 0.1119, 0.2181, 0.6217, 0.3184, -0.2685
-0.0083, 0.1117, 0.2187, 0.6234, 0.3180, -0.2656
-0.0089, 0.1119, 0.2193, 0.6250, 0.3180, -0.2641
-0.0088, 0.1126, 0.2206, 0.6282, 0.3190, -0.2650
-0.0080, 0.1132, 0.2215, 0.6305, 0.3204, -0.2678
-0.0072, 0.1132, 0.2213, 0.6299, 0.3209, -0.2703
-0.0067, 0.1126, 0.2201, 0.6267, 0.3202, -0.2711
-0.0066, 0.1115, 0.2180, 0.6213, 0.3186, -0.2707
-0.0063, 0.1104, 0.2157, 0.6153, 0.3169, -0.2706
-0.0056, 0.1095, 0.2137, 0.6100, 0.3159, -0.2719
-0.0046, 0.1092, 0.2127, 0.6072, 0.3158, -0.2746
-0.0038, 0.1092, 0.2125, 0.6066, 0.3162, -0.2767
-0.0037, 0.1094, 0.2128, 0.6073, 0.3164, -0.2773
-0.0037, 0.1095, 0.2133, 0.6086, 0.3166, -0.2771
-0.0036, 0.1094, 0.2133, 0.6088, 0.3166, -0.2773
-0.0032, 0.1089, 0.2125, 0.6065, 0.3162, -0.2780
-0.0026, 0.1084, 0.2113, 0.6034, 0.3157, -0.2794
-0.0018, 0.1087, 0.2112, 0.6031, 0.3163, -0.2818
-0.0010, 0.1094, 0.2118, 0.6045, 0.3174, -0.2849
-0.0002, 0.1093, 0.2111, 0.6023, 0.3174, -0.2872
0.0006, 0.1083, 0.2089, 0.5967, 0.3163, -0.2885
0.0012, 0.1074, 0.2069, 0.5915, 0.3153, -0.2896
0.0019, 0.1065, 0.2050, 0.5866, 0.3144, -0.2910
0.0026, 0.1055, 0.2034, 0.5822, 0.3136, -0.2922
0.0030, 0.1053, 0.2032, 0.5819, 0.3139, -0.2930
0.0032, 0.1061, 0.2049, 0.5861, 0.3153, -0.2941
0.0029, 0.1072, 0.2068, 0.5909, 0.3166, -0.2940
0.0021, 0.1078, 0.2080, 0.5940, 0.3169, -0.2922
0.0010, 0.1080, 0.2088, 0.5961, 0.3167, -0.2891
-0.0005, 0.1077, 0.2087, 0.5961, 0.3154, -0.2845
-0.0023, 0.1066, 0.2077, 0.5937, 0.3132, -0.2786
-0.0043, 0.1052, 0.2061, 0.5900, 0.3104, -0.2718
-0.0062, 0.1035, 0.2041, 0.5852, 0.3074, -0.2651
-0.0079, 0.1020, 0.2023, 0.5810, 0.3046, -0.2592
-0.0095, 0.1008, 0.2010, 0.5779, 0.3022, -0.2534
-0.0107, 0.1002, 0.2005, 0.5767, 0.3009, -0.2496
-0.0108, 0.1002, 0.2005, 0.5769, 0.3008, -0.2493
-0.0102, 0.1003, 0.2004, 0.5765, 0.3011, -0.2509
-0.0094, 0.1007, 0.2004, 0.5764, 0.3016, -0.2532
-0.0086, 0.1012, 0.2007, 0.5769, 0.3024, -0.2557
-0.0080, 0.1014, 0.2010, 0.5775, 0.3029, -0.2572
-0.0080, 0.1020, 0.2021, 0.5805, 0.3037, -0.2574
-0.0082, 0.1029, 0.2038, 0.5848, 0.3047, -0.2573
-0.0080, 0.1035, 0.2047, 0.5871, 0.3055, -0.2582
-0.0071, 0.1041, 0.2052, 0.5881, 0.3066, -0.2610
-0.0056, 0.1045, 0.2048, 0.5867, 0.3075, -0.2657
-0.0038, 0.1044, 0.2036, 0.5834, 0.3080, -0.2705
-0.0027, 0.1040, 0.2026, 0.5805, 0.3082, -0.2734
-0.0025, 0.1037, 0.2021, 0.5793, 0.3080, -0.2739
-0.0028, 0.1037, 0.2024, 0.5800, 0.3080, -0.2732
-0.0030, 0.1041, 0.2030, 0.5815, 0.3082, -0.2730
-0.0029, 0.1047, 0.2038, 0.5836, 0.3090, -0.2740
-0.0027, 0.1053, 0.2046, 0.5854, 0.3097, -0.2751
-0.0026, 0.1057, 0.2050, 0.5865, 0.3100, -0.2758
-0.0025, 0.1062, 0.2057, 0.5883, 0.3105, -0.2764
-0.0025, 0.1069, 0.2068, 0.5910, 0.3113, -0.2770
-0.0026, 0.1075, 0.2078, 0.5934, 0.3118, -0.2772
-0.0032, 0.1076, 0.2082, 0.5946, 0.3115, -0.2756
-0.0042, 0.1070, 0.2077, 0.5935, 0.3102, -0.2726
-0.0044, 0.1062, 0.2065, 0.5906, 0.3091, -0.2716
-0.0036, 0.1062, 0.2062, 0.5896, 0.3095, -0.2741
-0.0028, 0.1070, 0.2073, 0.5924, 0.3111, -0.2769
-0.0030, 0.1082, 0.2098, 0.5986, 0.3128, -0.2772
-0.0037, 0.1091, 0.2118, 0.6037, 0.3139, -0.2761
-0.0042, 0.1093, 0.2124, 0.6054, 0.3141, -0.2749
-0.0050, 0.1092, 0.2128, 0.6064, 0.3139, -0.2728
-0.0057, 0.1094, 0.2135, 0.6082, 0.3139, -0.2710
-0.0058, 0.1098, 0.2142, 0.6099, 0.3145, -0.2712
-0.0053, 0.1102, 0.2146, 0.6108, 0.3153, -0.2728
-0.0044, 0.1107, 0.2151, 0.6119, 0.3166, -0.2757
-0.0033, 0.1114, 0.2159, 0.6135, 0.3182, -0.2794
-0.0024, 0.1124, 0.2172, 0.6167, 0.3201, -0.2825
-0.0018, 0.1137, 0.2192, 0.6215, 0.3222, -0.2853
-0.0009, 0.1147, 0.2205, 0.6245, 0.3241, -0.2888
0.0006, 0.1148, 0.2201, 0.6233, 0.3251, -0.2930
0.0023, 0.1141, 0.2186, 0.6191, 0.3253, -0.2974
0.0038, 0.1135, 0.2173, 0.6155, 0.3255, -0.3012
0.0050, 0.1135, 0.2168, 0.6142, 0.3261, -0.3043
0.0059, 0.1135, 0.2168, 0.6139, 0.3268, -0.3068
0.0062, 0.1136, 0.2170, 0.6145, 0.3272, -0.3078
0.0056, 0.1138, 0.2178, 0.6168, 0.3274, -0.3062
0.0041, 0.1140, 0.2188, 0.6195, 0.3270, -0.3022
0.0026, 0.1143, 0.2195, 0.6217, 0.3264, -0.2981
0.0013, 0.1147, 0.2203, 0.6238, 0.3260, -0.2947
-0.0001, 0.1149, 0.2208, 0.6252, 0.3254, -0.2909
-0.0016, 0.1149, 0.2209, 0.6256, 0.3244, -0.2867
-0.0028, 0.1146, 0.2204, 0.6245, 0.3232, -0.2832
-0.0036, 0.1139, 0.2191, 0.6214, 0.3216, -0.2805
-0.0042, 0.1128, 0.2174, 0.6172, 0.3199, -0.2781
-0.0045, 0.1117, 0.2157, 0.6129, 0.3183, -0.2764
-0.0047, 0.1104, 0.2139, 0.6085, 0.3167, -0.2748
-0.0044, 0.1090, 0.2119, 0.6036, 0.3153, -0.2745
-0.0036, 0.1082, 0.2103, 0.5996, 0.3147, -0.2760
-0.0028, 0.1082, 0.2097, 0.5980, 0.3149, -0.2785
-0.0016, 0.1086, 0.2092, 0.5964, 0.3155, -0.2821
-0.0004, 0.1087, 0.2082, 0.5935, 0.3157, -0.2857
0.0003, 0.1087, 0.2073, 0.5911, 0.3156, -0.2877
0.0006, 0.1089, 0.2072, 0.5908, 0.3158, -0.2887
0.0006, 0.1096, 0.2081, 0.5929, 0.3166, -0.2892
0.0005, 0.1105, 0.2097, 0.5969, 0.3178, -0.2897
0.0006, 0.1114, 0.2114, 0.6014, 0.3193, -0.2906
0.0010, 0.1120, 0.2128, 0.6048, 0.3207, -0.2923
0.0015, 0.1126, 0.2139, 0.6078, 0.3221, -0.2941
0.0015, 0.1131, 0.2152, 0.6109, 0.3232, -0.2947
0.0009, 0.1133, 0.2163, 0.6139, 0.3236, -0.2933
0.0001, 0.1139, 0.2179, 0.6183, 0.3243, -0.2914
-0.0006, 0.1150, 0.2204, 0.6247, 0.3257, -0.2904
-0.0013, 0.1160, 0.2225, 0.6303, 0.3270, -0.2894
-0.0018, 0.1162, 0.2237, 0.6334, 0.3274, -0.2881
-0.0020, 0.1162, 0.2238, 0.6338, 0.3275, -0.2875
-0.0026, 0.1158, 0.2232, 0.6324, 0.3266, -0.2856
-0.0040, 0.1148, 0.2219, 0.6293, 0.3245, -0.2808
-0.0054, 0.1139, 0.2207, 0.6264, 0.3225, -0.2761
-0.0064, 0.1134, 0.2203, 0.6256, 0.3215, -0.2730
-0.0070, 0.1131, 0.2200, 0.6251, 0.3208, -0.2709
-0.0074, 0.1126, 0.2196, 0.6241, 0.3200, -0.2694
-0.0079, 0.1124, 0.2195, 0.6241, 0.3195, -0.2676
-0.0084, 0.1129, 0.2207, 0.6273, 0.3200, -0.2664
-0.0086, 0.1141, 0.2228, 0.6326, 0.3215, -0.2667
-0.0083, 0.1147, 0.2237, 0.6348, 0.3225, -0.2680
-0.0078, 0.1142, 0.2226, 0.6318, 0.3221, -0.2691
-0.0070, 0.1133, 0.2206, 0.6265, 0.3213, -0.2707
-0.0056, 0.1127, 0.2188, 0.6215, 0.3210, -0.2743
-0.0044, 0.1126, 0.2180, 0.6191, 0.3213, -0.2776
-0.0041, 0.1127, 0.2179, 0.6188, 0.3215, -0.2786
-0.0043, 0.1129, 0.2184, 0.6200, 0.3217, -0.2780
-0.0046, 0.1130, 0.2192, 0.6222, 0.3219, -0.2772
-0.0051, 0.1131, 0.2201, 0.6247, 0.3221, -0.2759
-0.0057, 0.1133, 0.2212, 0.6278, 0.3222, -0.2742
-0.0059, 0.1135, 0.2221, 0.6302, 0.3226, -0.2739
-0.0054, 0.1139, 0.2227, 0.6320, 0.3235, -0.2758
-0.0046, 0.1145, 0.2236, 0.6340, 0.3248, -0.2790
-0.0041, 0.1149, 0.2240, 0.6350, 0.3255, -0.2808
-0.0041, 0.1146, 0.2235, 0.6338, 0.3251, -0.2806
-0.0046, 0.1138, 0.2222, 0.6306, 0.3238, -0.2790
-0.0052, 0.1128, 0.2205, 0.6265, 0.3221, -0.2768
-0.0052, 0.1121, 0.2190, 0.6227, 0.3209, -0.2762
-0.0053, 0.1116, 0.2178, 0.6197, 0.3200, -0.2759
-0.0061, 0.1109, 0.2167, 0.6170, 0.3185, -0.2732
-0.0069, 0.1101, 0.2153, 0.6135, 0.3169, -0.2707
-0.0068, 0.1092, 0.2135, 0.6091, 0.3155, -0.2703
-0.0064, 0.1084, 0.2119, 0.6049, 0.3146, -0.2712
-0.0056, 0.1081, 0.2108, 0.6020, 0.3144, -0.2734
-0.0044, 0.1087, 0.2109, 0.6020, 0.3155, -0.2774
-0.0035, 0.1095, 0.2115, 0.6035, 0.3168, -0.2806
-0.0031, 0.1097, 0.2114, 0.6030, 0.3170, -0.2818
-0.0028, 0.1095, 0.2107, 0.6013, 0.3168, -0.2825
-0.0024, 0.1097, 0.2106, 0.6010, 0.3171, -0.2837
-0.0022, 0.1099, 0.2106, 0.6009, 0.3173, -0.2844
-0.0023, 0.1090, 0.2090, 0.5970, 0.3160, -0.2835
-0.0027, 0.1073, 0.2064, 0.5905, 0.3136, -0.2807
-0.0035, 0.1062, 0.2050, 0.5872, 0.3120, -0.2776
-0.0040, 0.1061, 0.2054, 0.5882, 0.3118, -0.2758
-0.0041, 0.1063, 0.2056, 0.5889, 0.3120, -0.2754
-0.0040, 0.1058, 0.2046, 0.5863, 0.3114, -0.2752
-0.0037, 0.1050, 0.2031, 0.5824, 0.3105, -0.2751
-0.0024, 0.1046, 0.2023, 0.5802, 0.3109, -0.2783
-0.0003, 0.1049, 0.2025, 0.5804, 0.3127, -0.2841
0.0013, 0.1053, 0.2027, 0.5807, 0.3142, -0.2888
0.0027, 0.1053, 0.2022, 0.5794, 0.3150, -0.2925
0.0044, 0.1054, 0.2015, 0.5771, 0.3158, -0.2973
0.0059, 0.1058, 0.2011, 0.5759, 0.3168, -0.3018
0.0063, 0.1064, 0.2019, 0.5777, 0.3177, -0.3031
0.0060, 0.1074, 0.2033, 0.5814, 0.3186, -0.3029
0.0056, 0.1078, 0.2038, 0.5826, 0.3187, -0.3022
0.0050, 0.1070, 0.2024, 0.5790, 0.3171, -0.2999
0.0045, 0.1057, 0.2002, 0.5736, 0.3150, -0.2974
0.0038, 0.1052, 0.1995, 0.5717, 0.3138, -0.2952
0.0027, 0.1055, 0.2005, 0.5747, 0.3138, -0.2924
0.0012, 0.1060, 0.2021, 0.5789, 0.3138, -0.2886
-0.0002, 0.1064, 0.2036, 0.5831, 0.3138, -0.2849
-0.0013, 0.1074, 0.2059, 0.5892, 0.3147, -0.2825
-0.0018, 0.1084, 0.2081, 0.5949, 0.3158, -0.2816
-0.0015, 0.1085, 0.2084, 0.5958, 0.3163, -0.2826
-0.0011, 0.1083, 0.2078, 0.5940, 0.3161, -0.2835
-0.0008, 0.1079, 0.2070, 0.5919, 0.3157, -0.2841
-0.0001, 0.1077, 0.2064, 0.5902, 0.3158, -0.2857
0.0003, 0.1078, 0.2064, 0.5902, 0.3161, -0.2870
0.0003, 0.1082, 0.2069, 0.5915, 0.3166, -0.2874
0.0004, 0.1083, 0.2070, 0.5917, 0.3167, -0.2877
0.0001, 0.1078, 0.2062, 0.5897, 0.3159, -0.2867
-0.0007, 0.1072, 0.2054, 0.5879, 0.3145, -0.2836
-0.0016, 0.1068, 0.2054, 0.5879, 0.3137, -0.2809
-0.0018, 0.1067, 0.2054, 0.5881, 0.3134, -0.2802
-0.0019, 0.1070, 0.2055, 0.5883, 0.3134, -0.2802
-0.0021, 0.1075, 0.2060, 0.5896, 0.3136, -0.2801
-0.0024, 0.1083, 0.2071, 0.5923, 0.3142, -0.2798
-0.0028, 0.1093, 0.2086, 0.5962, 0.3150, -0.2795
-0.0033, 0.1097, 0.2096, 0.5987, 0.3153, -0.2782
-0.0046, 0.1096, 0.2101, 0.6004, 0.3146, -0.2747
-0.0060, 0.1098, 0.2114, 0.6039, 0.3143, -0.2707
-0.0069, 0.1100, 0.2123, 0.6064, 0.3142, -0.2685
-0.0072, 0.1095, 0.2118, 0.6053, 0.3134, -0.2672
-0.0073, 0.1092, 0.2114, 0.6043, 0.3128, -0.2665
-0.0073, 0.1094, 0.2121, 0.6063, 0.3133, -0.2666
-0.0072, 0.1101, 0.2136, 0.6102, 0.3144, -0.2672
-0.0065, 0.1107, 0.2147, 0.6129, 0.3156, -0.2694
-0.0054, 0.1109, 0.2146, 0.6126, 0.3162, -0.2726
-0.0044, 0.1109, 0.2142, 0.6113, 0.3165, -0.2754
-0.0039, 0.1107, 0.2138, 0.6103, 0.3164, -0.2766
-0.0037, 0.1104, 0.2132, 0.6088, 0.3160, -0.2769
-0.0035, 0.1104, 0.2132, 0.6088, 0.3160, -0.2774
-0.0034, 0.1107, 0.2138, 0.6104, 0.3165, -0.2776
-0.0034, 0.1113, 0.2149, 0.6134, 0.3173, -0.2780
-0.0032, 0.1125, 0.2171, 0.6189, 0.3191, -0.2797
-0.0030, 0.1138, 0.2196, 0.6253, 0.3211, -0.2812
-0.0032, 0.1145, 0.2213, 0.6298, 0.3222, -0.2810
-0.0038, 0.1145, 0.2221, 0.6320, 0.3222, -0.2792
-0.0044, 0.1144, 0.2227, 0.6338, 0.3220, -0.2774
-0.0044, 0.1149, 0.2236, 0.6362, 0.3226, -0.2776
-0.0039, 0.1153, 0.2239, 0.6368, 0.3232, -0.2793
-0.0035, 0.1156, 0.2239, 0.6367, 0.3236, -0.2807
-0.0032, 0.1160, 0.2239, 0.6364, 0.3238, -0.2818
-0.0032, 0.1158, 0.2230, 0.6339, 0.3232, -0.2818
-0.0037, 0.1149, 0.2212, 0.6294, 0.3215, -0.2795
-0.0046, 0.1133, 0.2187, 0.6230, 0.3189, -0.2758
-0.0050, 0.1113, 0.2153, 0.6145, 0.3160, -0.2730
-0.0044, 0.1097, 0.2122, 0.6065, 0.3140, -0.2733
-0.0034, 0.1087, 0.2100, 0.6006, 0.3131, -0.2754
-0.0026, 0.1080, 0.2081, 0.5956, 0.3123, -0.2769
-0.0021, 0.1073, 0.2066, 0.5916, 0.3116, -0.2777
-0.0016, 0.1068, 0.2056, 0.5890, 0.3113, -0.2789
-0.0011, 0.1067, 0.2052, 0.5880, 0.3114, -0.2800
-0.0011, 0.1069, 0.2055, 0.5888, 0.3117, -0.2802
-0.0014, 0.1072, 0.2061, 0.5904, 0.3121, -0.2795
-0.0021, 0.1072, 0.2065, 0.5914, 0.3119, -0.2776
-0.0030, 0.1066, 0.2058, 0.5899, 0.3109, -0.2748
-0.0029, 0.1056, 0.2041, 0.5856, 0.3097, -0.2742
-0.0019, 0.1051, 0.2027, 0.5817, 0.3095, -0.2768
-0.0007, 0.1052, 0.2021, 0.5800, 0.3101, -0.2803
0.0004, 0.1056, 0.2022, 0.5799, 0.3111, -0.2836
0.0013, 0.1058, 0.2020, 0.5792, 0.3116, -0.2862
0.0022, 0.1056, 0.2011, 0.5765, 0.3116, -0.2886
0.0029, 0.1056, 0.2005, 0.5749, 0.3116, -0.2905
0.0030, 0.1063, 0.2014, 0.5772, 0.3124, -0.2914
0.0028, 0.1073, 0.2031, 0.5816, 0.3135, -0.2915
0.0025, 0.1077, 0.2041, 0.5842, 0.3139, -0.2910
0.0028, 0.1073, 0.2037, 0.5832, 0.3137, -0.2915
0.0034, 0.1070, 0.2033, 0.5820, 0.3138, -0.2930
0.0035, 0.1074, 0.2044, 0.5847, 0.3146, -0.2935
0.0029, 0.1078, 0.2055, 0.5878, 0.3149, -0.2920
0.0021, 0.1074, 0.2054, 0.5874, 0.3141, -0.2895
0.0015, 0.1068, 0.2046, 0.5856, 0.3131, -0.2873
0.0012, 0.1065, 0.2040, 0.5839, 0.3124, -0.2863
0.0009, 0.1063, 0.2036, 0.5829, 0.3120, -0.2856
0.0004, 0.1061, 0.2034, 0.5823, 0.3114, -0.2841
-0.0002, 0.1057, 0.2031, 0.5818, 0.3107, -0.2820
-0.0009, 0.1049, 0.2022, 0.5798, 0.3095, -0.2796
-0.0015, 0.1040, 0.2010, 0.5769, 0.3080, -0.2771
-0.0021, 0.1037, 0.2009, 0.5769, 0.3075, -0.2753
-0.0026, 0.1047, 0.2028, 0.5817, 0.3085, -0.2744
-0.0034, 0.1058, 0.2046, 0.5865, 0.3093, -0.2731
-0.0040, 0.1061, 0.2051, 0.5879, 0.3092, -0.2715
-0.0045, 0.1062, 0.2055, 0.5892, 0.3091, -0.2702
-0.0048, 0.1065, 0.2064, 0.5918, 0.3096, -0.2694
-0.0047, 0.1068, 0.2069, 0.5930, 0.3100, -0.2698
-0.0050, 0.1071, 0.2074, 0.5944, 0.3103, -0.2691
-0.0060, 0.1077, 0.2089, 0.5982, 0.3107, -0.2669
-0.0069, 0.1085, 0.2105, 0.6026, 0.3114, -0.2651
-0.0076, 0.1092, 0.2121, 0.6067, 0.3120, -0.2636
-0.0084, 0.1096, 0.2133, 0.6098, 0.3124, -0.2618
-0.0090, 0.1097, 0.2138, 0.6112, 0.3124, -0.2602
-0.0097, 0.1096, 0.2140, 0.6121, 0.3121, -0.2582
-0.0107, 0.1096, 0.2145, 0.6134, 0.3117, -0.2555
-0.0116, 0.1097, 0.2153, 0.6156, 0.3116, -0.2529
-0.0122, 0.1099, 0.2160, 0.6176, 0.3118, -0.2515
-0.0121, 0.1099, 0.2161, 0.6179, 0.3121, -0.2520
-0.0109, 0.1096, 0.2153, 0.6156, 0.3124, -0.2554
-0.0093, 0.1093, 0.2142, 0.6124, 0.3128, -0.2597
-0.0083, 0.1095, 0.2140, 0.6117, 0.3135, -0.2627
-0.0075, 0.1104, 0.2150, 0.6141, 0.3150, -0.2656
-0.0067, 0.1116, 0.2167, 0.6181, 0.3169, -0.2689
-0.0060, 0.1124, 0.2178, 0.6209, 0.3183, -0.2715
-0.0056, 0.1128, 0.2180, 0.6213, 0.3188, -0.2730
-0.0058, 0.1131, 0.2182, 0.6217, 0.3187, -0.2724
-0.0065, 0.1129, 0.2179, 0.6211, 0.3178, -0.2702
-0.0070, 0.1121, 0.2164, 0.6171, 0.3161, -0.2681
-0.0073, 0.1118, 0.2155, 0.6150, 0.3152, -0.2668
-0.0076, 0.1123, 0.2164, 0.6173, 0.3156, -0.2662
-0.0078, 0.1127, 0.2174, 0.6198, 0.3161, -0.2661
-0.0081, 0.1130, 0.2182, 0.6220, 0.3165, -0.2654
-0.0084, 0.1138, 0.2196, 0.6255, 0.3173, -0.2652
-0.0077, 0.1151, 0.2215, 0.6302, 0.3193, -0.2681
-0.0064, 0.1168, 0.2239, 0.6361, 0.3222, -0.2729
-0.0052, 0.1181, 0.2258, 0.6407, 0.3246, -0.2775
-0.0040, 0.1190, 0.2266, 0.6424, 0.3261, -0.2814
-0.0030, 0.1193, 0.2266, 0.6421, 0.3267, -0.2845
-0.0023, 0.1190, 0.2258, 0.6398, 0.3265, -0.2863
-0.0018, 0.1180, 0.2239, 0.6349, 0.3252, -0.2867
-0.0016, 0.1164, 0.2211, 0.6276, 0.3231, -0.2862
-0.0012, 0.1147, 0.2180, 0.6197, 0.3210, -0.2860
-0.0009, 0.1134, 0.2157, 0.6138, 0.3194, -0.2859
-0.0010, 0.1126, 0.2142, 0.6101, 0.3182, -0.2850
-0.0013, 0.1118, 0.2130, 0.6072, 0.3171, -0.2834
-0.0020, 0.1112, 0.2126, 0.6062, 0.3162, -0.2811
-0.0033, 0.1110, 0.2132, 0.6081, 0.3157, -0.2772
-0.0043, 0.1110, 0.2139, 0.6103, 0.3155, -0.2741
-0.0045, 0.1112, 0.2148, 0.6125, 0.3161, -0.2738
-0.0044, 0.1118, 0.2160, 0.6155, 0.3172, -0.2743
-0.0044, 0.1121, 0.2166, 0.6170, 0.3179, -0.2746
-0.0041, 0.1121, 0.2164, 0.6164, 0.3182, -0.2757
-0.0033, 0.1122, 0.2160, 0.6150, 0.3186, -0.2780
-0.0023, 0.1124, 0.2159, 0.6144, 0.3194, -0.2811
-0.0013, 0.1125, 0.2158, 0.6141, 0.3202, -0.2839
-0.0007, 0.1124, 0.2154, 0.6127, 0.3204, -0.2854
-0.0001, 0.1119, 0.2141, 0.6095, 0.3200, -0.2868
0.0003, 0.1111, 0.2125, 0.6051, 0.3191, -0.2875
0.0004, 0.1103, 0.2114, 0.6024, 0.3182, -0.2869
-0.0001, 0.1100, 0.2113, 0.6022, 0.3177, -0.2854
-0.0012, 0.1096, 0.2113, 0.6025, 0.3167, -0.2820
-0.0025, 0.1090, 0.2108, 0.6016, 0.3153, -0.2779
-0.0036, 0.1086, 0.2107, 0.6015, 0.3141, -0.2745
-0.0044, 0.1087, 0.2112, 0.6031, 0.3138, -0.2722
-0.0048, 0.1090, 0.2118, 0.6047, 0.3139, -0.2714
-0.0047, 0.1093, 0.2121, 0.6053, 0.3141, -0.2719
-0.0045, 0.1094, 0.2119, 0.6049, 0.3141, -0.2726
-0.0046, 0.1094, 0.2120, 0.6051, 0.3140, -0.2723
-0.0052, 0.1092, 0.2120, 0.6053, 0.3135, -0.2707
-0.0056, 0.1093, 0.2123, 0.6063, 0.3134, -0.2697
-0.0058, 0.1100, 0.2136, 0.6096, 0.3141, -0.2696
-0.0061, 0.1111, 0.2152, 0.6135, 0.3151, -0.2698
-0.0059, 0.1117, 0.2159, 0.6153, 0.3159, -0.2710
-0.0050, 0.1118, 0.2158, 0.6149, 0.3165, -0.2737
-0.0037, 0.1115, 0.2150, 0.6128, 0.3170, -0.2772
-0.0026, 0.1107, 0.2136, 0.6089, 0.3167, -0.2796
-0.0024, 0.1096, 0.2120, 0.6048, 0.3156, -0.2795
-0.0026, 0.1087, 0.2109, 0.6024, 0.3147, -0.2784
-0.0027, 0.1084, 0.2108, 0.6021, 0.3145, -0.2778
-0.0025, 0.1085, 0.2113, 0.6034, 0.3150, -0.2785
-0.0021, 0.1090, 0.2120, 0.6051, 0.3159, -0.2801
-0.0016, 0.1096, 0.2126, 0.6065, 0.3167, -0.2821
-0.0015, 0.1098, 0.2126, 0.6066, 0.3168, -0.2827
-0.0021, 0.1097, 0.2126, 0.6067, 0.3163, -0.2808
-0.0036, 0.1096, 0.2129, 0.6076, 0.3153, -0.2765
-0.0057, 0.1094, 0.2133, 0.6091, 0.3140, -0.2705
-0.0072, 0.1094, 0.2139, 0.6109, 0.3132, -0.2662
-0.0073, 0.1097, 0.2146, 0.6126, 0.3137, -0.2665
-0.0065, 0.1106, 0.2156, 0.6151, 0.3150, -0.2693
-0.0059, 0.1110, 0.2158, 0.6153, 0.3156, -0.2715
-0.0055, 0.1102, 0.2136, 0.6094, 0.3142, -0.2720
-0.0052, 0.1088, 0.2107, 0.6020, 0.3121, -0.2717
-0.0050, 0.1079, 0.2091, 0.5978, 0.3109, -0.2716
-0.0049, 0.1074, 0.2083, 0.5958, 0.3103, -0.2717
-0.0050, 0.1070, 0.2076, 0.5941, 0.3097, -0.2714
-0.0051, 0.1069, 0.2076, 0.5940, 0.3095, -0.2710
-0.0055, 0.1073, 0.2083, 0.5958, 0.3097, -0.2704
-0.0058, 0.1076, 0.2091, 0.5979, 0.3100, -0.2698
-0.0056, 0.1074, 0.2090, 0.5976, 0.3100, -0.2702
-0.0048, 0.1068, 0.2076, 0.5940, 0.3094, -0.2718
-0.0038, 0.1062, 0.2060, 0.5896, 0.3090, -0.2745
-0.0027, 0.1062, 0.2054, 0.5878, 0.3094, -0.2775
-0.0025, 0.1066, 0.2058, 0.5886, 0.3098, -0.2784
-0.0027, 0.1071, 0.2066, 0.5905, 0.3102, -0.2781
-0.0026, 0.1081, 0.2082, 0.5946, 0.3117, -0.2793
-0.0022, 0.1097, 0.2106, 0.6005, 0.3139, -0.2815
-0.0020, 0.1110, 0.2123, 0.6045, 0.3155, -0.2833
-0.0017, 0.1111, 0.2120, 0.6036, 0.3156, -0.2844
-0.0012, 0.1101, 0.2099, 0.5982, 0.3143, -0.2848
-0.0008, 0.1087, 0.2075, 0.5918, 0.3127, -0.2848
-0.0003, 0.1077, 0.2056, 0.5868, 0.3117, -0.2856
0.0005, 0.1073, 0.2048, 0.5847, 0.3117, -0.2873
0.0007, 0.1075, 0.2053, 0.5860, 0.3122, -0.2881
0.0006, 0.1075, 0.2059, 0.5876, 0.3125, -0.2875
0.0002, 0.1070, 0.2059, 0.5878, 0.3121, -0.2859
-0.0003, 0.1065, 0.2060, 0.5882, 0.3117, -0.2842
-0.0005, 0.1064, 0.2064, 0.5893, 0.3118, -0.2834
-0.0003, 0.1064, 0.2066, 0.5900, 0.3121, -0.2840
0.0001, 0.1062, 0.2063, 0.5892, 0.3123, -0.2850
0.0002, 0.1062, 0.2063, 0.5892, 0.3124, -0.2851
0.0000, 0.1068, 0.2075, 0.5925, 0.3133, -0.2853
0.0002, 0.1083, 0.2099, 0.5985, 0.3154, -0.2870
0.0005, 0.1096, 0.2117, 0.6029, 0.3172, -0.2888
0.0009, 0.1098, 0.2112, 0.6016, 0.3172, -0.2899
0.0015, 0.1092, 0.2095, 0.5972, 0.3164, -0.2911
0.0018, 0.1087, 0.2082, 0.5939, 0.3157, -0.2916
0.0015, 0.1084, 0.2076, 0.5925, 0.3150, -0.2904
0.0010, 0.1080, 0.2071, 0.5915, 0.3142, -0.2886
0.0006, 0.1075, 0.2065, 0.5901, 0.3134, -0.2871
0.0002, 0.1071, 0.2063, 0.5896, 0.3128, -0.2855
-0.0002, 0.1070, 0.2066, 0.5905, 0.3125, -0.2839
-0.0004, 0.1068, 0.2066, 0.5908, 0.3123, -0.2830
-0.0003, 0.1064, 0.2059, 0.5890, 0.3117, -0.2826
-0.0003, 0.1058, 0.2050, 0.5867, 0.3108, -0.2820
-0.0006, 0.1056, 0.2049, 0.5864, 0.3104, -0.2810
-0.0010, 0.1059, 0.2056, 0.5884, 0.3106, -0.2800
-0.0014, 0.1064, 0.2067, 0.5913, 0.3111, -0.2792
-0.0019, 0.1076, 0.2089, 0.5968, 0.3125, -0.2789
-0.0020, 0.1096, 0.2124, 0.6058, 0.3152, -0.2800
-0.0020, 0.1116, 0.2163, 0.6158, 0.3183, -0.2815
-0.0028, 0.1132, 0.2199, 0.6252, 0.3206, -0.2805
-0.0045, 0.1143, 0.2231, 0.6338, 0.3219, -0.2769
-0.0063, 0.1152, 0.2259, 0.6414, 0.3226, -0.2723
-0.0077, 0.1163, 0.2289, 0.6494, 0.3239, -0.2693
-0.0081, 0.1176, 0.2315, 0.6563, 0.3257, -0.2691
-0.0074, 0.1178, 0.2320, 0.6572, 0.3265, -0.2713
-0.0062, 0.1170, 0.2305, 0.6534, 0.3264, -0.2742
-0.0053, 0.1160, 0.2289, 0.6489, 0.3259, -0.2763
-0.0046, 0.1155, 0.2280, 0.6465, 0.3258, -0.2780
-0.0039, 0.1154, 0.2280, 0.6463, 0.3263, -0.2800
-0.0030, 0.1154, 0.2276, 0.6451, 0.3268, -0.2825
-0.0018, 0.1152, 0.2261, 0.6409, 0.3268, -0.2861
-0.0001, 0.1145, 0.2233, 0.6333, 0.3262, -0.2904
0.0014, 0.1135, 0.2199, 0.6238, 0.3248, -0.2939
0.0021, 0.1124, 0.2169, 0.6160, 0.3232, -0.2952
0.0018, 0.1113, 0.2145, 0.6098, 0.3213, -0.2940
0.0013, 0.1099, 0.2119, 0.6029, 0.3188, -0.2914
0.0011, 0.1084, 0.2089, 0.5953, 0.3164, -0.2900
0.0015, 0.1070, 0.2059, 0.5873, 0.3145, -0.2904
0.0020, 0.1059, 0.2033, 0.5806, 0.3130, -0.2909
0.0022, 0.1052, 0.2016, 0.5762, 0.3119, -0.2910
0.0023, 0.1043, 0.1998, 0.5715, 0.3106, -0.2906
0.0020, 0.1031, 0.1979, 0.5665, 0.3089, -0.2889
0.0015, 0.1019, 0.1962, 0.5623, 0.3071, -0.2866
0.0010, 0.1006, 0.1943, 0.5576, 0.3053, -0.2843
0.0004, 0.0994, 0.1925, 0.5530, 0.3035, -0.2819
-0.0004, 0.0987, 0.1916, 0.5507, 0.3022, -0.2791
-0.0014, 0.0985, 0.1918, 0.5514, 0.3016, -0.2761
-0.0024, 0.0988, 0.1930, 0.5547, 0.3017, -0.2736
-0.0035, 0.0999, 0.1958, 0.5618, 0.3030, -0.2713
-0.0051, 0.1014, 0.1992, 0.5708, 0.3043, -0.2676
-0.0068, 0.1023, 0.2016, 0.5771, 0.3047, -0.2636
-0.0079, 0.1031, 0.2034, 0.5818, 0.3051, -0.2609
-0.0083, 0.1041, 0.2054, 0.5871, 0.3063, -0.2604
-0.0082, 0.1054, 0.2076, 0.5928, 0.3081, -0.2616
-0.0079, 0.1067, 0.2097, 0.5979, 0.3100, -0.2633
-0.0072, 0.1079, 0.2112, 0.6017, 0.3117, -0.2659
-0.0061, 0.1092, 0.2127, 0.6053, 0.3137, -0.2698
-0.0048, 0.1105, 0.2140, 0.6084, 0.3159, -0.2746
-0.0032, 0.1117, 0.2152, 0.6111, 0.3181, -0.2799
-0.0021, 0.1129, 0.2169, 0.6153, 0.3203, -0.2840
-0.0021, 0.1141, 0.2196, 0.6221, 0.3224, -0.2848
-0.0028, 0.1152, 0.2221, 0.6289, 0.3238, -0.2836
-0.0032, 0.1157, 0.2235, 0.6326, 0.3246, -0.2829
-0.0031, 0.1161, 0.2243, 0.6345, 0.3252, -0.2835
-0.0027, 0.1163, 0.2246, 0.6353, 0.3258, -0.2849
-0.0020, 0.1163, 0.2244, 0.6348, 0.3262, -0.2869
-0.0011, 0.1159, 0.2237, 0.6329, 0.3263, -0.2892
-0.0002, 0.1152, 0.2221, 0.6287, 0.3258, -0.2912
0.0007, 0.1141, 0.2197, 0.6223, 0.3247, -0.2929
0.0011, 0.1131, 0.2177, 0.6172, 0.3236, -0.2934
0.0014, 0.1127, 0.2168, 0.6150, 0.3233, -0.2940
0.0021, 0.1128, 0.2166, 0.6142, 0.3238, -0.2963
0.0028, 0.1131, 0.2163, 0.6132, 0.3243, -0.2988
0.0031, 0.1131, 0.2153, 0.6107, 0.3240, -0.2997
0.0031, 0.1125, 0.2140, 0.6073, 0.3230, -0.2995
0.0029, 0.1118, 0.2127, 0.6041, 0.3219, -0.2984
0.0024, 0.1111, 0.2116, 0.6014, 0.3207, -0.2964
0.0019, 0.1107, 0.2109, 0.5998, 0.3199, -0.2949
0.0016, 0.1104, 0.2106, 0.5989, 0.3194, -0.2938
0.0010, 0.1099, 0.2101, 0.5980, 0.3186, -0.2919
-0.0000, 0.1091, 0.2095, 0.5967, 0.3174, -0.2886
-0.0014, 0.1082, 0.2087, 0.5950, 0.3156, -0.2840
-0.0027, 0.1076, 0.2085, 0.5947, 0.3144, -0.2798
-0.0035, 0.1079, 0.2096, 0.5978, 0.3145, -0.2776
-0.0040, 0.1087, 0.2115, 0.6029, 0.3155, -0.2768
-0.0040, 0.1093, 0.2131, 0.6069, 0.3165, -0.2771
-0.0033, 0.1096, 0.2136, 0.6082, 0.3173, -0.2790
-0.0022, 0.1097, 0.2135, 0.6077, 0.3180, -0.2823
-0.0009, 0.1100, 0.2133, 0.6070, 0.3187, -0.2860
-0.0002, 0.1107, 0.2142, 0.6090, 0.3198, -0.2884
0.0002, 0.1123, 0.2167, 0.6152, 0.3220, -0.2905
0.0011, 0.1140, 0.2194, 0.6219, 0.3247, -0.2942
0.0021, 0.1152, 0.2211, 0.6259, 0.3268, -0.2979
0.0026, 0.1158, 0.2220, 0.6282, 0.3279, -0.2998
0.0030, 0.1160, 0.2221, 0.6281, 0.3283, -0.3010
0.0036, 0.1154, 0.2206, 0.6242, 0.3276, -0.3021
0.0038, 0.1143, 0.2187, 0.6192, 0.3262, -0.3019
0.0039, 0.1135, 0.2171, 0.6152, 0.3251, -0.3015
0.0042, 0.1130, 0.2161, 0.6124, 0.3245, -0.3020
0.0047, 0.1126, 0.2149, 0.6092, 0.3239, -0.3029
0.0054, 0.1120, 0.2133, 0.6051, 0.3231, -0.3043
0.0061, 0.1117, 0.2122, 0.6021, 0.3228, -0.3062
0.0065, 0.1110, 0.2107, 0.5982, 0.3219, -0.3070
0.0064, 0.1097, 0.2081, 0.5915, 0.3198, -0.3057
0.0060, 0.1085, 0.2061, 0.5864, 0.3178, -0.3037
0.0055, 0.1080, 0.2057, 0.5854, 0.3170, -0.3020
0.0049, 0.1081, 0.2063, 0.5873, 0.3170, -0.3002
0.0040, 0.1085, 0.2077, 0.5912, 0.3173, -0.2978
0.0027, 0.1089, 0.2093, 0.5954, 0.3174, -0.2944
0.0015, 0.1092, 0.2102, 0.5982, 0.3171, -0.2909
0.0005, 0.1091, 0.2107, 0.5996, 0.3167, -0.2879
-0.0002, 0.1090, 0.2111, 0.6008, 0.3163, -0.2856
-0.0008, 0.1092, 0.2119, 0.6033, 0.3164, -0.2838
-0.0013, 0.1098, 0.2134, 0.6071, 0.3170, -0.2823
-0.0019, 0.1105, 0.2150, 0.6114, 0.3177, -0.2809
-0.0024, 0.1109, 0.2162, 0.6148, 0.3181, -0.2795
-0.0030, 0.1108, 0.2165, 0.6157, 0.3176, -0.2774
-0.0036, 0.1103, 0.2156, 0.6134, 0.3162, -0.2750
-0.0037, 0.1096, 0.2141, 0.6097, 0.3149, -0.2741
-0.0037, 0.1091, 0.2126, 0.6058, 0.3137, -0.2737
-0.0042, 0.1083, 0.2108, 0.6013, 0.3120, -0.2717
-0.0043, 0.1071, 0.2082, 0.5947, 0.3100, -0.2705
-0.0034, 0.1057, 0.2051, 0.5866, 0.3084, -0.2721
-0.0020, 0.1046, 0.2028, 0.5805, 0.3078, -0.2752
-0.0008, 0.1045, 0.2026, 0.5798, 0.3088, -0.2786
-0.0003, 0.1053, 0.2041, 0.5839, 0.3106, -0.2808
-0.0007, 0.1060, 0.2059, 0.5884, 0.3117, -0.2803
-0.0012, 0.1063, 0.2070, 0.5914, 0.3123, -0.2792
-0.0012, 0.1066, 0.2078, 0.5936, 0.3131, -0.2796
-0.0009, 0.1072, 0.2087, 0.5958, 0.3142, -0.2812
-0.0002, 0.1078, 0.2096, 0.5980, 0.3155, -0.2838
0.0003, 0.1081, 0.2099, 0.5985, 0.3163, -0.2858
-0.0001, 0.1083, 0.2098, 0.5984, 0.3162, -0.2852
-0.0012, 0.1087, 0.2102, 0.5995, 0.3158, -0.2829
-0.0019, 0.1093, 0.2111, 0.6019, 0.3160, -0.2813
-0.0023, 0.1101, 0.2124, 0.6052, 0.3168, -0.2810
-0.0027, 0.1106, 0.2132, 0.6073, 0.3172, -0.2805
-0.0030, 0.1106, 0.2131, 0.6070, 0.3169, -0.2797
-0.0029, 0.1108, 0.2133, 0.6076, 0.3172, -0.2802
-0.0024, 0.1114, 0.2144, 0.6104, 0.3184, -0.2822
-0.0022, 0.1123, 0.2162, 0.6152, 0.3200, -0.2835
-0.0028, 0.1132, 0.2184, 0.6210, 0.3212, -0.2825
-0.0041, 0.1137, 0.2199, 0.6251, 0.3213, -0.2792
-0.0053, 0.1139, 0.2207, 0.6275, 0.3210, -0.2759
-0.0060, 0.1143, 0.2213, 0.6291, 0.3209, -0.2743
-0.0055, 0.1142, 0.2211, 0.6285, 0.3210, -0.2756
-0.0041, 0.1134, 0.2196, 0.6245, 0.3209, -0.2791
-0.0027, 0.1123, 0.2175, 0.6189, 0.3204, -0.2824
-0.0021, 0.1115, 0.2164, 0.6161, 0.3200, -0.2836
-0.0022, 0.1112, 0.2162, 0.6157, 0.3198, -0.2833
-0.0025, 0.1110, 0.2163, 0.6160, 0.3196, -0.2823
-0.0032, 0.1113, 0.2170, 0.6180, 0.3197, -0.2806
-0.0038, 0.1116, 0.2179, 0.6204, 0.3200, -0.2795
-0.0042, 0.1118, 0.2187, 0.6225, 0.3203, -0.2786
-0.0049, 0.1121, 0.2196, 0.6250, 0.3204, -0.2769
-0.0055, 0.1122, 0.2199, 0.6259, 0.3201, -0.2753
-0.0057, 0.1118, 0.2189, 0.6234, 0.3193, -0.2746
-0.0054, 0.1107, 0.2166, 0.6172, 0.3176, -0.2745
-0.0050, 0.1094, 0.2138, 0.6101, 0.3158, -0.2749
-0.0045, 0.1083, 0.2112, 0.6034, 0.3142, -0.2756
-0.0044, 0.1074, 0.2090, 0.5975, 0.3125, -0.2752
-0.0050, 0.1068, 0.2076, 0.5940, 0.3109, -0.2732
-0.0057, 0.1066, 0.2068, 0.5920, 0.3098, -0.2711
-0.0064, 0.1065, 0.2064, 0.5909, 0.3089, -0.2690
-0.0073, 0.1062, 0.2061, 0.5902, 0.3080, -0.2662
-0.0082, 0.1059, 0.2061, 0.5903, 0.3073, -0.2638
-0.0084, 0.1062, 0.2066, 0.5918, 0.3075, -0.2635
-0.0079, 0.1067, 0.2072, 0.5932, 0.3084, -0.2655
-0.0074, 0.1071, 0.2079, 0.5947, 0.3093, -0.2674
-0.0075, 0.1077, 0.2091, 0.5977, 0.3102, -0.2678
-0.0078, 0.1082, 0.2104, 0.6011, 0.3109, -0.2675
-0.0080, 0.1077, 0.2101, 0.6004, 0.3105, -0.2665
-0.0079, 0.1067, 0.2085, 0.5963, 0.3094, -0.2663
-0.0070, 0.1062, 0.2072, 0.5928, 0.3092, -0.2687
-0.0054, 0.1055, 0.2055, 0.5882, 0.3093, -0.2729
-0.0039, 0.1045, 0.2035, 0.5828, 0.3091, -0.2768
-0.0029, 0.1041, 0.2028, 0.5807, 0.3094, -0.2795
-0.0024, 0.1040, 0.2027, 0.5806, 0.3099, -0.2811
-0.0018, 0.1034, 0.2018, 0.5781, 0.3096, -0.2823
-0.0010, 0.1027, 0.2004, 0.5745, 0.3093, -0.2843
-0.0001, 0.1028, 0.2002, 0.5738, 0.3099, -0.2868
0.0001, 0.1038, 0.2015, 0.5771, 0.3112, -0.2884
-0.0005, 0.1053, 0.2040, 0.5835, 0.3127, -0.2879
-0.0014, 0.1064, 0.2062, 0.5894, 0.3136, -0.2858
-0.0026, 0.1070, 0.2077, 0.5936, 0.3139, -0.2830
-0.0040, 0.1077, 0.2092, 0.5978, 0.3139, -0.2791
-0.0055, 0.1082, 0.2102, 0.6005, 0.3134, -0.2752
-0.0067, 0.1084, 0.2106, 0.6019, 0.3127, -0.2717
-0.0077, 0.1088, 0.2114, 0.6041, 0.3124, -0.2689
-0.0082, 0.1089, 0.2121, 0.6060, 0.3123, -0.2671
-0.0082, 0.1085, 0.2118, 0.6055, 0.3118, -0.2665
-0.0080, 0.1077, 0.2110, 0.6035, 0.3112, -0.2663
-0.0075, 0.1076, 0.2108, 0.6033, 0.3114, -0.2672
-0.0069, 0.1082, 0.2121, 0.6065, 0.3127, -0.2690
-0.0065, 0.1091, 0.2138, 0.6109, 0.3141, -0.2703
-0.0064, 0.1098, 0.2151, 0.6142, 0.3151, -0.2706
-0.0059, 0.1103, 0.2159, 0.6163, 0.3160, -0.2721
-0.0048, 0.1107, 0.2163, 0.6172, 0.3171, -0.2751
-0.0043, 0.1104, 0.2161, 0.6168, 0.3173, -0.2761
-0.0047, 0.1096, 0.2153, 0.6147, 0.3163, -0.2740
-0.0051, 0.1090, 0.2143, 0.6123, 0.3152, -0.2720
-0.0050, 0.1089, 0.2136, 0.6105, 0.3148, -0.2719
-0.0045, 0.1091, 0.2130, 0.6086, 0.3148, -0.2734
-0.0034, 0.1092, 0.2122, 0.6062, 0.3150, -0.2762
-0.0020, 0.1090, 0.2109, 0.6023, 0.3152, -0.2800
-0.0008, 0.1085, 0.2093, 0.5981, 0.3150, -0.2828
-0.0002, 0.1083, 0.2088, 0.5965, 0.3151, -0.2842
-0.0001, 0.1087, 0.2095, 0.5982, 0.3157, -0.2848
0.0002, 0.1093, 0.2103, 0.6001, 0.3166, -0.2859
0.0007, 0.1100, 0.2108, 0.6012, 0.3175, -0.2880
0.0012, 0.1108, 0.2118, 0.6033, 0.3187, -0.2903
0.0016, 0.1115, 0.2128, 0.6057, 0.3199, -0.2922
0.0020, 0.1120, 0.2140, 0.6088, 0.3211, -0.2938
0.0018, 0.1125, 0.2152, 0.6122, 0.3218, -0.2937
0.0008, 0.1125, 0.2159, 0.6140, 0.3215, -0.2913
-0.0003, 0.1128, 0.2170, 0.6171, 0.3214, -0.2883
-0.0013, 0.1134, 0.2185, 0.6212, 0.3217, -0.2862
-0.0017, 0.1135, 0.2188, 0.6221, 0.3214, -0.2850
-0.0018, 0.1127, 0.2176, 0.6190, 0.3202, -0.2843
-0.0021, 0.1115, 0.2156, 0.6142, 0.3184, -0.2828
-0.0024, 0.1102, 0.2137, 0.6092, 0.3165, -0.2811
-0.0026, 0.1088, 0.2115, 0.6038, 0.3146, -0.2796
-0.0026, 0.1075, 0.2093, 0.5981, 0.3128, -0.2786
-0.0025, 0.1068, 0.2079, 0.5944, 0.3119, -0.2787
-0.0025, 0.1067, 0.2077, 0.5936, 0.3118, -0.2789
-0.0028, 0.1065, 0.2074, 0.5931, 0.3114, -0.2781
-0.0034, 0.1057, 0.2064, 0.5906, 0.3102, -0.2759
-0.0042, 0.1050, 0.2055, 0.5884, 0.3090, -0.2735
-0.0042, 0.1048, 0.2054, 0.5879, 0.3090, -0.2735
-0.0030, 0.1047, 0.2051, 0.5871, 0.3098, -0.2766
-0.0014, 0.1047, 0.2049, 0.5861, 0.3109, -0.2812
0.0003, 0.1050, 0.2050, 0.5861, 0.3124, -0.2864
0.0023, 0.1051, 0.2044, 0.5843, 0.3136, -0.2922
0.0042, 0.1049, 0.2033, 0.5812, 0.3143, -0.2976
0.0055, 0.1049, 0.2027, 0.5792, 0.3149, -0.3012
0.0061, 0.1051, 0.2028, 0.5796, 0.3156, -0.3030
0.0063, 0.1060, 0.2041, 0.5829, 0.3169, -0.3041
0.0065, 0.1072, 0.2060, 0.5874, 0.3187, -0.3057
0.0070, 0.1087, 0.2079, 0.5921, 0.3206, -0.3081
0.0075, 0.1103, 0.2101, 0.5975, 0.3229, -0.3109
0.0077, 0.1122, 0.2129, 0.6046, 0.3254, -0.3130
0.0074, 0.1140, 0.2159, 0.6120, 0.3276, -0.3135
0.0069, 0.1154, 0.2179, 0.6172, 0.3289, -0.3129
0.0060, 0.1160, 0.2188, 0.6195, 0.3290, -0.3111
0.0046, 0.1160, 0.2189, 0.6199, 0.3280, -0.3070
0.0032, 0.1159, 0.2192, 0.6207, 0.3270, -0.3029
0.0024, 0.1159, 0.2197, 0.6221, 0.3267, -0.3008
0.0021, 0.1157, 0.2198, 0.6226, 0.3265, -0.2996
0.0014, 0.1157, 0.2204, 0.6241, 0.3263, -0.2977
0.0002, 0.1164, 0.2222, 0.6290, 0.3267, -0.2947
-0.0012, 0.1172, 0.2243, 0.6349, 0.3272, -0.2915
-0.0021, 0.1178, 0.2257, 0.6386, 0.3275, -0.2893
-0.0024, 0.1186, 0.2270, 0.6418, 0.3282, -0.2890
-0.0024, 0.1194, 0.2281, 0.6445, 0.3291, -0.2899
-0.0021, 0.1196, 0.2283, 0.6450, 0.3294, -0.2908
-0.0018, 0.1193, 0.2278, 0.6437, 0.3292, -0.2914
-0.0016, 0.1193, 0.2274, 0.6429, 0.3292, -0.2921
-0.0017, 0.1195, 0.2277, 0.6437, 0.3294, -0.2920
-0.0022, 0.1190, 0.2273, 0.6427, 0.3286, -0.2901
-0.0030, 0.1181, 0.2262, 0.6402, 0.3271, -0.2872
-0.0037, 0.1178, 0.2262, 0.6404, 0.3266, -0.2850
-0.0042, 0.1179, 0.2266, 0.6415, 0.3265, -0.2835
-0.0046, 0.1175, 0.2260, 0.6400, 0.3258, -0.2821
-0.0048, 0.1168, 0.2247, 0.6366, 0.3247, -0.2809
-0.0048, 0.1155, 0.2224, 0.6308, 0.3230, -0.2799
-0.0045, 0.1139, 0.2192, 0.6225, 0.3208, -0.2794
-0.0039, 0.1127, 0.2165, 0.6154, 0.3193, -0.2802
-0.0032, 0.1122, 0.2151, 0.6115, 0.3188, -0.2818
-0.0029, 0.1119, 0.2141, 0.6088, 0.3183, -0.2823
-0.0026, 0.1114, 0.2127, 0.6050, 0.3175, -0.2828
-0.0017, 0.1111, 0.2112, 0.6010, 0.3170, -0.2848
-0.0009, 0.1109, 0.2104, 0.5987, 0.3169, -0.2868
-0.0008, 0.1108, 0.2104, 0.5987, 0.3169, -0.2872
-0.0012, 0.1106, 0.2103, 0.5984, 0.3164, -0.2860
-0.0017, 0.1098, 0.2091, 0.5956, 0.3150, -0.2840
-0.0018, 0.1091, 0.2079, 0.5925, 0.3138, -0.2833
-0.0016, 0.1092, 0.2079, 0.5926, 0.3139, -0.2840
-0.0013, 0.1101, 0.2092, 0.5957, 0.3150, -0.2855
-0.0005, 0.1108, 0.2099, 0.5974, 0.3162, -0.2883
0.0003, 0.1109, 0.2099, 0.5970, 0.3167, -0.2907
0.0010, 0.1109, 0.2101, 0.5976, 0.3173, -0.2927
0.0020, 0.1109, 0.2103, 0.5980, 0.3181, -0.2954
0.0026, 0.1103, 0.2095, 0.5960, 0.3179, -0.2968
0.0026, 0.1097, 0.2085, 0.5935, 0.3171, -0.2963
0.0022, 0.1098, 0.2089, 0.5947, 0.3171, -0.2953
0.0017, 0.1107, 0.2110, 0.6001, 0.3182, -0.2946
0.0013, 0.1119, 0.2135, 0.6066, 0.3199, -0.2946
0.0013, 0.1131, 0.2157, 0.6123, 0.3215, -0.2957
0.0016, 0.1145, 0.2180, 0.6181, 0.3235, -0.2977
0.0014, 0.1162, 0.2211, 0.6261, 0.3258, -0.2985
0.0004, 0.1179, 0.2246, 0.6353, 0.3276, -0.2968
-0.0010, 0.1192, 0.2277, 0.6434, 0.3289, -0.2938
-0.0023, 0.1198, 0.2294, 0.6479, 0.3292, -0.2906
-0.0031, 0.1194, 0.2290, 0.6470, 0.3283, -0.2880
-0.0032, 0.1184, 0.2271, 0.6424, 0.3268, -0.2868
-0.0031, 0.1172, 0.2250, 0.6368, 0.3252, -0.2863
-0.0031, 0.1161, 0.2228, 0.6313, 0.3236, -0.2855
-0.0033, 0.1149, 0.2207, 0.6259, 0.3220, -0.2843
-0.0034, 0.1140, 0.2189, 0.6212, 0.3206, -0.2832
-0.0035, 0.1132, 0.2174, 0.6172, 0.3194, -0.2821
-0.0039, 0.1126, 0.2161, 0.6139, 0.3183, -0.2807
-0.0036, 0.1124, 0.2153, 0.6118, 0.3181, -0.2812
-0.0029, 0.1124, 0.2151, 0.6112, 0.3186, -0.2832
-0.0025, 0.1125, 0.2153, 0.6115, 0.3191, -0.2843
-0.0023, 0.1125, 0.2152, 0.6113, 0.3192, -0.2848
-0.0020, 0.1129, 0.2155, 0.6120, 0.3197, -0.2859
-0.0017, 0.1138, 0.2169, 0.6155, 0.3210, -0.2871
-0.0016, 0.1147, 0.2187, 0.6201, 0.3224, -0.2878
-0.0017, 0.1156, 0.2202, 0.6242, 0.3235, -0.2878
-0.0020, 0.1165, 0.2220, 0.6288, 0.3245, -0.2875
-0.0023, 0.1175, 0.2238, 0.6336, 0.3257, -0.2872
-0.0026, 0.1178, 0.2246, 0.6357, 0.3259, -0.2863
-0.0027, 0.1174, 0.2239, 0.6340, 0.3253, -0.2854
-0.0026, 0.1168, 0.2226, 0.6307, 0.3244, -0.2851
-0.0024, 0.1160, 0.2211, 0.6267, 0.3234, -0.2849
-0.0020, 0.1150, 0.2193, 0.6221, 0.3223, -0.2849
-0.0018, 0.1140, 0.2177, 0.6180, 0.3212, -0.2847
-0.0016, 0.1130, 0.2163, 0.6146, 0.3204, -0.2845
-0.0007, 0.1122, 0.2148, 0.6106, 0.3199, -0.2863
0.0003, 0.1113, 0.2129, 0.6056, 0.3192, -0.2884
0.0007, 0.1105, 0.2111, 0.6008, 0.3181, -0.2888
0.0006, 0.1093, 0.2089, 0.5952, 0.3163, -0.2876
0.0003, 0.1081, 0.2068, 0.5898, 0.3145, -0.2858
0.0001, 0.1074, 0.2052, 0.5858, 0.3132, -0.2848
0.0006, 0.1065, 0.2031, 0.5803, 0.3120, -0.2856
0.0013, 0.1053, 0.2005, 0.5734, 0.3105, -0.2866
0.0015, 0.1040, 0.1981, 0.5673, 0.3089, -0.2862
0.0008, 0.1026, 0.1961, 0.5624, 0.3068, -0.2832
-0.0005, 0.1013, 0.1947, 0.5591, 0.3046, -0.2783
-0.0015, 0.1008, 0.1947, 0.5595, 0.3037, -0.2750
-0.0018, 0.1016, 0.1967, 0.5649, 0.3051, -0.2751
-0.0016, 0.1029, 0.1996, 0.5723, 0.3074, -0.2766
-0.0016, 0.1039, 0.2018, 0.5780, 0.3091, -0.2775
-0.0017, 0.1049, 0.2036, 0.5826, 0.3103, -0.2779
-0.0013, 0.1057, 0.2049, 0.5858, 0.3116, -0.2795
-0.0007, 0.1065, 0.2061, 0.5888, 0.3130, -0.2817
-0.0004, 0.1075, 0.2078, 0.5931, 0.3146, -0.2834
-0.0004, 0.1085, 0.2096, 0.5975, 0.3160, -0.2841
-0.0012, 0.1094, 0.2111, 0.6016, 0.3166, -0.2825
-0.0024, 0.1098, 0.2120, 0.6040, 0.3164, -0.2793
-0.0036, 0.1098, 0.2120, 0.6040, 0.3155, -0.2760
-0.0040, 0.1095, 0.2115, 0.6029, 0.3147, -0.2744
-0.0040, 0.1097, 0.2114, 0.6025, 0.3146, -0.2743
-0.0046, 0.1106, 0.2128, 0.6061, 0.3153, -0.2734
-0.0054, 0.1118, 0.2151, 0.6119, 0.3164, -0.2722
-0.0058, 0.1122, 0.2159, 0.6142, 0.3166, -0.2711
-0.0062, 0.1116, 0.2150, 0.6120, 0.3156, -0.2696
-0.0062, 0.1108, 0.2133, 0.6076, 0.3144, -0.2691
-0.0059, 0.1099, 0.2111, 0.6017, 0.3130, -0.2695
-0.0057, 0.1086, 0.2084, 0.5946, 0.3111, -0.2691
-0.0059, 0.1070, 0.2055, 0.5873, 0.3088, -0.2674
-0.0062, 0.1058, 0.2032, 0.5814, 0.3066, -0.2654
-0.0064, 0.1051, 0.2018, 0.5779, 0.3053, -0.2645
-0.0060, 0.1048, 0.2010, 0.5757, 0.3048, -0.2651
-0.0052, 0.1044, 0.2002, 0.5736, 0.3047, -0.2671
-0.0042, 0.1041, 0.1998, 0.5725, 0.3050, -0.2696
-0.0035, 0.1041, 0.1999, 0.5727, 0.3054, -0.2711
-0.0035, 0.1040, 0.2002, 0.5734, 0.3055, -0.2709
-0.0039, 0.1042, 0.2009, 0.5753, 0.3057, -0.2697
-0.0043, 0.1046, 0.2021, 0.5784, 0.3062, -0.2687
-0.0045, 0.1052, 0.2035, 0.5821, 0.3071, -0.2686
-0.0042, 0.1060, 0.2050, 0.5859, 0.3084, -0.2698
-0.0034, 0.1068, 0.2061, 0.5886, 0.3099, -0.2727
-0.0020, 0.1071, 0.2061, 0.5883, 0.3110, -0.2768
-0.0002, 0.1065, 0.2044, 0.5837, 0.3109, -0.2812
0.0011, 0.1054, 0.2020, 0.5774, 0.3100, -0.2840
0.0011, 0.1047, 0.2008, 0.5744, 0.3090, -0.2833
-0.0002, 0.1046, 0.2012, 0.5757, 0.3081, -0.2796
-0.0015, 0.1049, 0.2024, 0.5791, 0.3079, -0.2760
-0.0024, 0.1054, 0.2038, 0.5827, 0.3081, -0.2738
-0.0027, 0.1059, 0.2049, 0.5856, 0.3087, -0.2733
-0.0024, 0.1065, 0.2060, 0.5884, 0.3097, -0.2745
-0.0020, 0.1071, 0.2070, 0.5910, 0.3108, -0.2759
-0.0019, 0.1072, 0.2076, 0.5926, 0.3114, -0.2763
-0.0019, 0.1073, 0.2079, 0.5933, 0.3116, -0.2765
-0.0018, 0.1073, 0.2079, 0.5934, 0.3119, -0.2772
-0.0017, 0.1071, 0.2076, 0.5926, 0.3118, -0.2776
-0.0017, 0.1067, 0.2069, 0.5908, 0.3113, -0.2774
-0.0016, 0.1061, 0.2060, 0.5886, 0.3107, -0.2774
-0.0013, 0.1056, 0.2051, 0.5864, 0.3102, -0.2777
-0.0012, 0.1052, 0.2044, 0.5847, 0.3096, -0.2777
-0.0012, 0.1051, 0.2044, 0.5847, 0.3095, -0.2779
-0.0012, 0.1053, 0.2050, 0.5862, 0.3099, -0.2781
-0.0013, 0.1054, 0.2054, 0.5875, 0.3100, -0.2778
-0.0017, 0.1054, 0.2057, 0.5883, 0.3098, -0.2766
-0.0024, 0.1051, 0.2055, 0.5881, 0.3091, -0.2745
-0.0033, 0.1044, 0.2049, 0.5868, 0.3078, -0.2712
-0.0044, 0.1041, 0.2051, 0.5874, 0.3069, -0.2679
-0.0052, 0.1046, 0.2064, 0.5909, 0.3072, -0.2660
-0.0056, 0.1054, 0.2079, 0.5949, 0.3080, -0.2655
-0.0055, 0.1066, 0.2093, 0.5984, 0.3091, -0.2665
-0.0054, 0.1073, 0.2099, 0.5995, 0.3096, -0.2673
-0.0055, 0.1070, 0.2087, 0.5962, 0.3086, -0.2669
-0.0057, 0.1060, 0.2061, 0.5895, 0.3064, -0.2653
-0.0062, 0.1048, 0.2033, 0.5822, 0.3037, -0.2629
-0.0068, 0.1039, 0.2013, 0.5770, 0.3016, -0.2607
-0.0070, 0.1038, 0.2009, 0.5762, 0.3010, -0.2597
-0.0068, 0.1044, 0.2017, 0.5780, 0.3016, -0.2608
-0.0061, 0.1053, 0.2026, 0.5800, 0.3028, -0.2632
-0.0053, 0.1061, 0.2036, 0.5825, 0.3041, -0.2659
-0.0045, 0.1069, 0.2049, 0.5856, 0.3057, -0.2688
-0.0037, 0.1075, 0.2059, 0.5880, 0.3070, -0.2714
-0.0032, 0.1077, 0.2061, 0.5884, 0.3075, -0.2728
-0.0030, 0.1076, 0.2057, 0.5874, 0.3075, -0.2735
-0.0027, 0.1078, 0.2059, 0.5879, 0.3079, -0.2744
-0.0028, 0.1084, 0.2069, 0.5905, 0.3087, -0.2746
-0.0032, 0.1090, 0.2080, 0.5933, 0.3094, -0.2740
-0.0038, 0.1091, 0.2084, 0.5943, 0.3093, -0.2725
-0.0047, 0.1086, 0.2078, 0.5930, 0.3083, -0.2698
-0.0052, 0.1079, 0.2070, 0.5911, 0.3073, -0.2679
-0.0052, 0.1077, 0.2069, 0.5910, 0.3073, -0.2678
-0.0045, 0.1079, 0.2074, 0.5922, 0.3083, -0.2698
-0.0035, 0.1083, 0.2082, 0.5940, 0.3097, -0.2731
-0.0028, 0.1090, 0.2096, 0.5976, 0.3113, -0.2755
-0.0025, 0.1098, 0.2112, 0.6018, 0.3128, -0.2769
-0.0026, 0.1100, 0.2121, 0.6041, 0.3135, -0.2768
-0.0033, 0.1095, 0.2122, 0.6047, 0.3130, -0.2746
-0.0043, 0.1090, 0.2123, 0.6054, 0.3123, -0.2716
-0.0050, 0.1089, 0.2129, 0.6069, 0.3121, -0.2694
-0.0055, 0.1089, 0.2129, 0.6071, 0.3118, -0.2682
-0.0056, 0.1081, 0.2113, 0.6030, 0.3104, -0.2673
-0.0055, 0.1069, 0.2088, 0.5965, 0.3086, -0.2669
-0.0051, 0.1061, 0.2067, 0.5910, 0.3073, -0.2676
-0.0047, 0.1057, 0.2054, 0.5875, 0.3066, -0.2686
-0.0045, 0.1057, 0.2049, 0.5863, 0.3065, -0.2693
-0.0041, 0.1061, 0.2052, 0.5869, 0.3071, -0.2707
-0.0036, 0.1065, 0.2057, 0.5883, 0.3079, -0.2724
-0.0032, 0.1071, 0.2066, 0.5904, 0.3089, -0.2740
-0.0026, 0.1078, 0.2073, 0.5923, 0.3101, -0.2762
-0.0016, 0.1081, 0.2076, 0.5928, 0.3113, -0.2792
-0.0006, 0.1085, 0.2080, 0.5937, 0.3125, -0.2822
0.0002, 0.1093, 0.2092, 0.5966, 0.3142, -0.2848
0.0011, 0.1101, 0.2104, 0.5995, 0.3159, -0.2878
0.0023, 0.1108, 0.2113, 0.6016, 0.3176, -0.2917
0.0033, 0.1111, 0.2117, 0.6026, 0.3189, -0.2950
0.0038, 0.1108, 0.2115, 0.6018, 0.3191, -0.2961
0.0037, 0.1104, 0.2112, 0.6013, 0.3189, -0.2957
0.0032, 0.1104, 0.2116, 0.6023, 0.3189, -0.2945
0.0026, 0.1103, 0.2117, 0.6026, 0.3186, -0.2930
0.0020, 0.1099, 0.2110, 0.6010, 0.3176, -0.2910
0.0012, 0.1093, 0.2103, 0.5995, 0.3166, -0.2886
0.0007, 0.1089, 0.2101, 0.5992, 0.3160, -0.2870
0.0005, 0.1091, 0.2106, 0.6004, 0.3162, -0.2869
0.0006, 0.1098, 0.2121, 0.6043, 0.3174, -0.2879
0.0006, 0.1105, 0.2135, 0.6080, 0.3185, -0.2885
0.0000, 0.1106, 0.2140, 0.6095, 0.3185, -0.2872
-0.0009, 0.1102, 0.2135, 0.6084, 0.3175, -0.2845
-0.0016, 0.1093, 0.2120, 0.6049, 0.3158, -0.2820
-0.0021, 0.1085, 0.2108, 0.6017, 0.3145, -0.2799
-0.0025, 0.1079, 0.2098, 0.5993, 0.3134, -0.2783
-0.0025, 0.1072, 0.2085, 0.5960, 0.3123, -0.2775
-0.0023, 0.1067, 0.2074, 0.5931, 0.3116, -0.2779
-0.0019, 0.1066, 0.2067, 0.5912, 0.3114, -0.2789
-0.0015, 0.1068, 0.2067, 0.5911, 0.3116, -0.2801
-0.0019, 0.1076, 0.2081, 0.5947, 0.3122, -0.2795
-0.0030, 0.1086, 0.2103, 0.6002, 0.3128, -0.2768
-0.0041, 0.1091, 0.2117, 0.6040, 0.3129, -0.2738
-0.0050, 0.1089, 0.2118, 0.6045, 0.3121, -0.2711
-0.0058, 0.1086, 0.2117, 0.6042, 0.3113, -0.2686
-0.0062, 0.1086, 0.2119, 0.6048, 0.3109, -0.2671
-0.0064, 0.1085, 0.2121, 0.6053, 0.3108, -0.2665
-0.0065, 0.1084, 0.2122, 0.6056, 0.3108, -0.2660
-0.0064, 0.1082, 0.2122, 0.6057, 0.3108, -0.2661
-0.0061, 0.1081, 0.2122, 0.6055, 0.3110, -0.2670
-0.0059, 0.1081, 0.2125, 0.6063, 0.3114, -0.2676
-0.0057, 0.1087, 0.2136, 0.6091, 0.3123, -0.2687
-0.0049, 0.1099, 0.2156, 0.6139, 0.3144, -0.2719
-0.0038, 0.1112, 0.2174, 0.6183, 0.3166, -0.2758
-0.0030, 0.1118, 0.2182, 0.6203, 0.3177, -0.2785
-0.0021, 0.1117, 0.2177, 0.6187, 0.3178, -0.2808
-0.0010, 0.1111, 0.2163, 0.6151, 0.3175, -0.2836
0.0002, 0.1106, 0.2150, 0.6114, 0.3173, -0.2865
0.0008, 0.1101, 0.2137, 0.6079, 0.3167, -0.2881
0.0007, 0.1094, 0.2123, 0.6045, 0.3155, -0.2873
0.0001, 0.1085, 0.2109, 0.6008, 0.3139, -0.2850
-0.0006, 0.1073, 0.2088, 0.5955, 0.3117, -0.2822
-0.0016, 0.1058, 0.2062, 0.5891, 0.3091, -0.2783
-0.0028, 0.1046, 0.2041, 0.5838, 0.3065, -0.2740
-0.0038, 0.1037, 0.2024, 0.5798, 0.3047, -0.2707
-0.0045, 0.1032, 0.2012, 0.5767, 0.3032, -0.2684
-0.0051, 0.1031, 0.2008, 0.5756, 0.3026, -0.2669
-0.0052, 0.1035, 0.2010, 0.5762, 0.3029, -0.2670
-0.0051, 0.1036, 0.2008, 0.5756, 0.3030, -0.2673
-0.0050, 0.1033, 0.2003, 0.5742, 0.3028, -0.2674
-0.0047, 0.1034, 0.2002, 0.5740, 0.3032, -0.2685
-0.0041, 0.1038, 0.2010, 0.5759, 0.3044, -0.2705
-0.0037, 0.1044, 0.2021, 0.5787, 0.3058, -0.2721
-0.0033, 0.1045, 0.2025, 0.5799, 0.3066, -0.2734
-0.0030, 0.1046, 0.2027, 0.5802, 0.3072, -0.2745
-0.0028, 0.1050, 0.2035, 0.5823, 0.3081, -0.2754
-0.0026, 0.1059, 0.2052, 0.5865, 0.3098, -0.2767
-0.0024, 0.1071, 0.2071, 0.5914, 0.3117, -0.2783
-0.0022, 0.1082, 0.2090, 0.5963, 0.3135, -0.2797
-0.0018, 0.1091, 0.2104, 0.5999, 0.3150, -0.2815
-0.0013, 0.1095, 0.2109, 0.6011, 0.3158, -0.2834
-0.0011, 0.1097, 0.2112, 0.6017, 0.3162, -0.2840
-0.0015, 0.1100, 0.2117, 0.6030, 0.3163, -0.2832
-0.0022, 0.1102, 0.2118, 0.6035, 0.3159, -0.2813
-0.0029, 0.1101, 0.2115, 0.6028, 0.3151, -0.2793
-0.0034, 0.1100, 0.2115, 0.6028, 0.3147, -0.2780
-0.0039, 0.1100, 0.2116, 0.6032, 0.3143, -0.2765
-0.0044, 0.1098, 0.2111, 0.6022, 0.3135, -0.2749
-0.0046, 0.1092, 0.2099, 0.5992, 0.3124, -0.2736
-0.0050, 0.1085, 0.2086, 0.5959, 0.3111, -0.2720
-0.0055, 0.1083, 0.2081, 0.5948, 0.3104, -0.2704
-0.0057, 0.1087, 0.2087, 0.5964, 0.3106, -0.2699
-0.0058, 0.1096, 0.2103, 0.6004, 0.3118, -0.2704
-0.0058, 0.1104, 0.2119, 0.6045, 0.3131, -0.2712
-0.0053, 0.1108, 0.2126, 0.6064, 0.3140, -0.2727
-0.0046, 0.1115, 0.2137, 0.6090, 0.3155, -0.2753
-0.0039, 0.1125, 0.2156, 0.6138, 0.3175, -0.2781
-0.0035, 0.1131, 0.2172, 0.6177, 0.3189, -0.2796
-0.0036, 0.1130, 0.2176, 0.6189, 0.3191, -0.2791
-0.0042, 0.1126, 0.2178, 0.6195, 0.3188, -0.2772
-0.0047, 0.1124, 0.2183, 0.6209, 0.3186, -0.2755
-0.0053, 0.1124, 0.2188, 0.6225, 0.3185, -0.2737
-0.0059, 0.1124, 0.2193, 0.6238, 0.3184, -0.2721
-0.0053, 0.1130, 0.2201, 0.6256, 0.3194, -0.2739
-0.0037, 0.1136, 0.2208, 0.6272, 0.3211, -0.2787
-0.0020, 0.1137, 0.2207, 0.6266, 0.3224, -0.2836
-0.0007, 0.1136, 0.2204, 0.6257, 0.3231, -0.2870
-0.0002, 0.1137, 0.2205, 0.6260, 0.3236, -0.2884
0.0000, 0.1138, 0.2209, 0.6270, 0.3240, -0.2893
-0.0002, 0.1140, 0.2219, 0.6295, 0.3245, -0.2888
-0.0007, 0.1142, 0.2227, 0.6318, 0.3245, -0.2872
-0.0009, 0.1143, 0.2231, 0.6328, 0.3247, -0.2866
-0.0012, 0.1149, 0.2238, 0.6348, 0.3251, -0.2861
-0.0014, 0.1152, 0.2241, 0.6354, 0.3252, -0.2857
-0.0008, 0.1143, 0.2220, 0.6299, 0.3241, -0.2863
0.0002, 0.1127, 0.2185, 0.6207, 0.3222, -0.2878
0.0008, 0.1117, 0.2162, 0.6147, 0.3210, -0.2886
0.0005, 0.1117, 0.2159, 0.6140, 0.3206, -0.2879
-0.0001, 0.1116, 0.2158, 0.6136, 0.3201, -0.2859
-0.0011, 0.1111, 0.2153, 0.6127, 0.3189, -0.2825
-0.0023, 0.1108, 0.2154, 0.6133, 0.3181, -0.2787
-0.0034, 0.1109, 0.2159, 0.6145, 0.3176, -0.2756
-0.0043, 0.1111, 0.2167, 0.6166, 0.3175, -0.2733
-0.0046, 0.1115, 0.2177, 0.6193, 0.3183, -0.2730
-0.0040, 0.1119, 0.2181, 0.6202, 0.3192, -0.2750
-0.0029, 0.1120, 0.2178, 0.6190, 0.3201, -0.2782
-0.0017, 0.1120, 0.2172, 0.6171, 0.3207, -0.2816
-0.0008, 0.1121, 0.2167, 0.6156, 0.3213, -0.2844
-0.0005, 0.1123, 0.2165, 0.6149, 0.3216, -0.2856
-0.0013, 0.1122, 0.2163, 0.6143, 0.3210, -0.2833
-0.0029, 0.1116, 0.2157, 0.6128, 0.3194, -0.2787
-0.0040, 0.1112, 0.2150, 0.6113, 0.3182, -0.2754
-0.0043, 0.1114, 0.2152, 0.6117, 0.3183, -0.2750
-0.0038, 0.1119, 0.2158, 0.6127, 0.3192, -0.2770
-0.0028, 0.1122, 0.2161, 0.6133, 0.3203, -0.2799
-0.0019, 0.1120, 0.2157, 0.6121, 0.3208, -0.2827
-0.0011, 0.1113, 0.2141, 0.6080, 0.3203, -0.2846
-0.0003, 0.1102, 0.2118, 0.6018, 0.3192, -0.2864
0.0007, 0.1092, 0.2094, 0.5954, 0.3181, -0.2885
0.0013, 0.1086, 0.2076, 0.5908, 0.3172, -0.2899
0.0014, 0.1083, 0.2069, 0.5888, 0.3167, -0.2899
0.0012, 0.1081, 0.2065, 0.5879, 0.3163, -0.2892
0.0010, 0.1082, 0.2067, 0.5882, 0.3163, -0.2889
0.0012, 0.1087, 0.2074, 0.5901, 0.3170, -0.2900
0.0016, 0.1092, 0.2082, 0.5920, 0.3178, -0.2916
0.0016, 0.1095, 0.2089, 0.5936, 0.3183, -0.2918
0.0012, 0.1095, 0.2092, 0.5946, 0.3182, -0.2907
0.0005, 0.1093, 0.2093, 0.5950, 0.3177, -0.2886
-0.0004, 0.1092, 0.2098, 0.5964, 0.3173, -0.2858
-0.0014, 0.1093, 0.2104, 0.5980, 0.3169, -0.2830
-0.0025, 0.1094, 0.2110, 0.6000, 0.3166, -0.2801
-0.0038, 0.1100, 0.2127, 0.6044, 0.3169, -0.2768
-0.0045, 0.1109, 0.2145, 0.6093, 0.3178, -0.2755
-0.0043, 0.1114, 0.2153, 0.6113, 0.3185, -0.2763
-0.0039, 0.1113, 0.2154, 0.6115, 0.3187, -0.2773
-0.0032, 0.1109, 0.2150, 0.6104, 0.3189, -0.2791
-0.0019, 0.1104, 0.2136, 0.6069, 0.3188, -0.2823
-0.0008, 0.1096, 0.2117, 0.6017, 0.3182, -0.2851
0.0002, 0.1087, 0.2092, 0.5953, 0.3171, -0.2872
0.0014, 0.1080, 0.2073, 0.5901, 0.3165, -0.2902
0.0026, 0.1082, 0.2068, 0.5886, 0.3171, -0.2935
0.0035, 0.1088, 0.2071, 0.5892, 0.3181, -0.2967
0.0043, 0.1091, 0.2072, 0.5893, 0.3188, -0.2993
0.0046, 0.1089, 0.2069, 0.5885, 0.3188, -0.3000
0.0045, 0.1084, 0.2064, 0.5872, 0.3183, -0.2997
0.0044, 0.1081, 0.2059, 0.5861, 0.3179, -0.2990
0.0036, 0.1076, 0.2055, 0.5852, 0.3171, -0.2966
0.0026, 0.1070, 0.2048, 0.5838, 0.3158, -0.2931
0.0016, 0.1065, 0.2044, 0.5829, 0.3147, -0.2902
0.0011, 0.1065, 0.2046, 0.5833, 0.3144, -0.2886
0.0012, 0.1066, 0.2049, 0.5841, 0.3147, -0.2891
0.0014, 0.1067, 0.2050, 0.5845, 0.3150, -0.2898
0.0013, 0.1071, 0.2058, 0.5864, 0.3155, -0.2897
0.0011, 0.1075, 0.2068, 0.5889, 0.3161, -0.2894
0.0010, 0.1072, 0.2066, 0.5885, 0.3158, -0.2888
0.0006, 0.1064, 0.2057, 0.5864, 0.3147, -0.2868
-0.0007, 0.1058, 0.2054, 0.5860, 0.3133, -0.2826
-0.0025, 0.1057, 0.2061, 0.5881, 0.3123, -0.2774
-0.0039, 0.1053, 0.2063, 0.5889, 0.3113, -0.2730
-0.0047, 0.1047, 0.2056, 0.5875, 0.3101, -0.2702
-0.0052, 0.1045, 0.2054, 0.5870, 0.3094, -0.2684
-0.0058, 0.1043, 0.2053, 0.5871, 0.3088, -0.2664
-0.0066, 0.1041, 0.2053, 0.5872, 0.3080, -0.2639
-0.0074, 0.1046, 0.2062, 0.5896, 0.3079, -0.2617
-0.0081, 0.1055, 0.2077, 0.5937, 0.3083, -0.2600
-0.0088, 0.1061, 0.2090, 0.5969, 0.3086, -0.2583
-0.0095, 0.1062, 0.2094, 0.5981, 0.3082, -0.2560
-0.0104, 0.1062, 0.2096, 0.5989, 0.3076, -0.2532
-0.0111, 0.1065, 0.2103, 0.6009, 0.3075, -0.2511
-0.0114, 0.1068, 0.2110, 0.6026, 0.3077, -0.2504
-0.0114, 0.1068, 0.2109, 0.6024, 0.3076, -0.2503
-0.0109, 0.1061, 0.2096, 0.5989, 0.3068, -0.2510
-0.0102, 0.1052, 0.2077, 0.5939, 0.3059, -0.2524
-0.0100, 0.1047, 0.2063, 0.5903, 0.3050, -0.2527
-0.0102, 0.1043, 0.2050, 0.5869, 0.3038, -0.2518
-0.0106, 0.1038, 0.2036, 0.5832, 0.3023, -0.2503
-0.0112, 0.1035, 0.2029, 0.5815, 0.3012, -0.2480
-0.0118, 0.1036, 0.2030, 0.5820, 0.3008, -0.2465
-0.0116, 0.1040, 0.2034, 0.5828, 0.3012, -0.2475
-0.0107, 0.1046, 0.2038, 0.5837, 0.3022, -0.2504
-0.0094, 0.1056, 0.2050, 0.5865, 0.3042, -0.2549
-0.0080, 0.1068, 0.2068, 0.5909, 0.3067, -0.2600
-0.0069, 0.1078, 0.2083, 0.5944, 0.3087, -0.2637
-0.0062, 0.1085, 0.2094, 0.5974, 0.3101, -0.2663
-0.0055, 0.1093, 0.2107, 0.6006, 0.3116, -0.2685
-0.0049, 0.1100, 0.2117, 0.6029, 0.3128, -0.2710
-0.0040, 0.1108, 0.2126, 0.6053, 0.3142, -0.2740
-0.0029, 0.1118, 0.2138, 0.6081, 0.3159, -0.2779
-0.0018, 0.1127, 0.2152, 0.6114, 0.3178, -0.2818
-0.0012, 0.1132, 0.2163, 0.6142, 0.3190, -0.2840
-0.0015, 0.1132, 0.2165, 0.6149, 0.3189, -0.2830
-0.0021, 0.1126, 0.2156, 0.6126, 0.3176, -0.2808
-0.0022, 0.1117, 0.2138, 0.6079, 0.3161, -0.2799
-0.0019, 0.1112, 0.2125, 0.6045, 0.3154, -0.2806
-0.0014, 0.1117, 0.2129, 0.6054, 0.3161, -0.2825
-0.0011, 0.1124, 0.2141, 0.6083, 0.3172, -0.2840
-0.0010, 0.1124, 0.2141, 0.6083, 0.3172, -0.2842
-0.0013, 0.1119, 0.2134, 0.6065, 0.3163, -0.2831
-0.0015, 0.1114, 0.2130, 0.6057, 0.3157, -0.2820
-0.0016, 0.1109, 0.2125, 0.6045, 0.3152, -0.2814
-0.0016, 0.1097, 0.2108, 0.6003, 0.3139, -0.2807
-0.0012, 0.1082, 0.2082, 0.5935, 0.3121, -0.2808
-0.0001, 0.1068, 0.2053, 0.5861, 0.3107, -0.2828
0.0009, 0.1060, 0.2034, 0.5809, 0.3099, -0.2850
0.0010, 0.1063, 0.2036, 0.5814, 0.3102, -0.2854
0.0004, 0.1072, 0.2053, 0.5859, 0.3110, -0.2842
-0.0005, 0.1081, 0.2071, 0.5905, 0.3118, -0.2826
-0.0010, 0.1086, 0.2085, 0.5944, 0.3124, -0.2814
-0.0016, 0.1088, 0.2096, 0.5973, 0.3129, -0.2802
-0.0023, 0.1088, 0.2102, 0.5991, 0.3128, -0.2781
-0.0031, 0.1089, 0.2108, 0.6009, 0.3127, -0.2759
-0.0036, 0.1092, 0.2116, 0.6029, 0.3129, -0.2748
-0.0037, 0.1097, 0.2122, 0.6045, 0.3133, -0.2749
-0.0036, 0.1102, 0.2130, 0.6064, 0.3139, -0.2755
-0.0030, 0.1108, 0.2136, 0.6079, 0.3149, -0.2780
-0.0019, 0.1115, 0.2142, 0.6091, 0.3164, -0.2820
-0.0012, 0.1123, 0.2147, 0.6101, 0.3175, -0.2846
-0.0007, 0.1126, 0.2147, 0.6100, 0.3180, -0.2864
0.0000, 0.1126, 0.2146, 0.6096, 0.3185, -0.2884
0.0006, 0.1129, 0.2152, 0.6110, 0.3194, -0.2905
0.0007, 0.1137, 0.2166, 0.6143, 0.3206, -0.2914
0.0006, 0.1140, 0.2170, 0.6155, 0.3209, -0.2916
0.0010, 0.1134, 0.2158, 0.6123, 0.3201, -0.2921
0.0010, 0.1129, 0.2146, 0.6094, 0.3193, -0.2921
0.0004, 0.1128, 0.2145, 0.6091, 0.3187, -0.2903
-0.0000, 0.1126, 0.2142, 0.6082, 0.3180, -0.2890
0.0001, 0.1122, 0.2134, 0.6061, 0.3174, -0.2890
0.0003, 0.1119, 0.2128, 0.6046, 0.3170, -0.2895
0.0007, 0.1115, 0.2122, 0.6032, 0.3167, -0.2902
0.0015, 0.1111, 0.2115, 0.6014, 0.3167, -0.2920
0.0025, 0.1110, 0.2113, 0.6009, 0.3172, -0.2949
0.0035, 0.1111, 0.2113, 0.6007, 0.3178, -0.2978
0.0043, 0.1108, 0.2105, 0.5987, 0.3178, -0.2999
0.0049, 0.1102, 0.2093, 0.5955, 0.3172, -0.3009
0.0051, 0.1094, 0.2077, 0.5914, 0.3161, -0.3009
0.0050, 0.1083, 0.2056, 0.5862, 0.3144, -0.2999
0.0048, 0.1071, 0.2035, 0.5810, 0.3126, -0.2986
0.0044, 0.1059, 0.2017, 0.5765, 0.3110, -0.2968
0.0040, 0.1053, 0.2010, 0.5749, 0.3100, -0.2950
0.0035, 0.1058, 0.2022, 0.5781, 0.3106, -0.2939
0.0027, 0.1067, 0.2043, 0.5837, 0.3116, -0.2924
0.0019, 0.1076, 0.2063, 0.5892, 0.3125, -0.2909
0.0019, 0.1088, 0.2087, 0.5953, 0.3143, -0.2915
0.0023, 0.1100, 0.2110, 0.6013, 0.3164, -0.2934
0.0025, 0.1112, 0.2132, 0.6069, 0.3181, -0.2945
0.0027, 0.1125, 0.2155, 0.6128, 0.3200, -0.2959
0.0032, 0.1134, 0.2169, 0.6165, 0.3215, -0.2979
0.0033, 0.1137, 0.2175, 0.6181, 0.3221, -0.2982
0.0026, 0.1136, 0.2176, 0.6184, 0.3216, -0.2961
0.0019, 0.1132, 0.2171, 0.6173, 0.3207, -0.2937
0.0018, 0.1128, 0.2165, 0.6157, 0.3201, -0.2927
0.0021, 0.1126, 0.2158, 0.6139, 0.3198, -0.2934
0.0028, 0.1119, 0.2143, 0.6100, 0.3193, -0.2947
0.0033, 0.1108, 0.2123, 0.6048, 0.3182, -0.2953
0.0034, 0.1096, 0.2106, 0.6004, 0.3170, -0.2946
0.0030, 0.1087, 0.2093, 0.5973, 0.3159, -0.2929
0.0026, 0.1079, 0.2081, 0.5943, 0.3148, -0.2912
0.0022, 0.1073, 0.2068, 0.5909, 0.3136, -0.2896
0.0018, 0.1069, 0.2060, 0.5890, 0.3129, -0.2884
0.0015, 0.1069, 0.2063, 0.5896, 0.3129, -0.2876
0.0009, 0.1070, 0.2072, 0.5921, 0.3132, -0.2861
-0.0003, 0.1070, 0.2084, 0.5954, 0.3132, -0.2830
-0.0015, 0.1070, 0.2094, 0.5984, 0.3131, -0.2799
-0.0023, 0.1071, 0.2102, 0.6005, 0.3130, -0.2777
-0.0029, 0.1071, 0.2104, 0.6012, 0.3127, -0.2762
-0.0034, 0.1072, 0.2104, 0.6012, 0.3123, -0.2750
-0.0039, 0.1076, 0.2109, 0.6025, 0.3123, -0.2740
-0.0042, 0.1082, 0.2117, 0.6045, 0.3127, -0.2738
-0.0042, 0.1087, 0.2125, 0.6063, 0.3132, -0.2742
-0.0040, 0.1091, 0.2130, 0.6076, 0.3137, -0.2752
-0.0037, 0.1096, 0.2140, 0.6101, 0.3147, -0.2767
-0.0035, 0.1103, 0.2156, 0.6143, 0.3160, -0.2777
-0.0036, 0.1106, 0.2170, 0.6181, 0.3170, -0.2779
-0.0037, 0.1106, 0.2179, 0.6207, 0.3174, -0.2776
-0.0034, 0.1108, 0.2186, 0.6225, 0.3180, -0.2784
-0.0025, 0.1114, 0.2194, 0.6243, 0.3192, -0.2813
-0.0012, 0.1122, 0.2203, 0.6263, 0.3208, -0.2855
0.0002, 0.1128, 0.2207, 0.6271, 0.3222, -0.2898
0.0013, 0.1130, 0.2204, 0.6260, 0.3229, -0.2930
0.0016, 0.1130, 0.2199, 0.6247, 0.3229, -0.2939
0.0012, 0.1127, 0.2191, 0.6225, 0.3220, -0.2924
0.0004, 0.1123, 0.2181, 0.6198, 0.3206, -0.2897
-0.0003, 0.1123, 0.2180, 0.6196, 0.3201, -0.2877
-0.0010, 0.1127, 0.2183, 0.6203, 0.3198, -0.2860
-0.0018, 0.1125, 0.2176, 0.6185, 0.3186, -0.2835
-0.0019, 0.1116, 0.2158, 0.6140, 0.3171, -0.2825
-0.0009, 0.1110, 0.2141, 0.6093, 0.3165, -0.2847
0.0006, 0.1105, 0.2126, 0.6051, 0.3164, -0.2883
0.0017, 0.1100, 0.2112, 0.6015, 0.3163, -0.2911
0.0023, 0.1098, 0.2109, 0.6006, 0.3164, -0.2924
0.0023, 0.1099, 0.2115, 0.6023, 0.3169, -0.2926
0.0023, 0.1101, 0.2123, 0.6044, 0.3174, -0.2928
0.0022, 0.1105, 0.2132, 0.6067, 0.3181, -0.2930
0.0018, 0.1112, 0.2146, 0.6106, 0.3189, -0.2924
0.0011, 0.1123, 0.2167, 0.6160, 0.3200, -0.2911
0.0003, 0.1131, 0.2183, 0.6203, 0.3206, -0.2895
-0.0004, 0.1134, 0.2190, 0.6222, 0.3206, -0.2877
-0.0009, 0.1133, 0.2188, 0.6218, 0.3202, -0.2865
-0.0010, 0.1128, 0.2175, 0.6186, 0.3191, -0.2857
-0.0013, 0.1120, 0.2159, 0.6145, 0.3176, -0.2844
-0.0017, 0.1117, 0.2153, 0.6131, 0.3168, -0.2830
-0.0022, 0.1118, 0.2156, 0.6139, 0.3166, -0.2815
-0.0029, 0.1118, 0.2160, 0.6152, 0.3165, -0.2798
-0.0034, 0.1119, 0.2166, 0.6170, 0.3165, -0.2784
-0.0036, 0.1119, 0.2169, 0.6177, 0.3166, -0.2780
-0.0034, 0.1113, 0.2158, 0.6151, 0.3159, -0.2781
-0.0033, 0.1106, 0.2143, 0.6110, 0.3149, -0.2780
-0.0035, 0.1103, 0.2135, 0.6088, 0.3141, -0.2773
-0.0037, 0.1098, 0.2123, 0.6059, 0.3132, -0.2765
-0.0034, 0.1084, 0.2094, 0.5983, 0.3112, -0.2762
-0.0030, 0.1064, 0.2054, 0.5879, 0.3084, -0.2760
-0.0025, 0.1044, 0.2014, 0.5776, 0.3058, -0.2759
-0.0018, 0.1026, 0.1979, 0.5682, 0.3035, -0.2765
-0.0012, 0.1013, 0.1951, 0.5612, 0.3019, -0.2772
-0.0008, 0.1008, 0.1942, 0.5587, 0.3014, -0.2780
-0.0006, 0.1014, 0.1953, 0.5614, 0.3025, -0.2791
-0.0005, 0.1025, 0.1973, 0.5666, 0.3042, -0.2803
-0.0004, 0.1034, 0.1991, 0.5710, 0.3056, -0.2812
-0.0004, 0.1038, 0.2003, 0.5743, 0.3064, -0.2815
-0.0008, 0.1044, 0.2019, 0.5786, 0.3073, -0.2810
-0.0017, 0.1052, 0.2040, 0.5842, 0.3082, -0.2791
-0.0030, 0.1055, 0.2051, 0.5872, 0.3081, -0.2757
-0.0037, 0.1055, 0.2054, 0.5881, 0.3076, -0.2734
-0.0037, 0.1063, 0.2068, 0.5919, 0.3087, -0.2738
-0.0034, 0.1078, 0.2094, 0.5983, 0.3109, -0.2758
-0.0029, 0.1092, 0.2117, 0.6040, 0.3131, -0.2781
-0.0022, 0.1098, 0.2128, 0.6068, 0.3145, -0.2806
-0.0012, 0.1097, 0.2124, 0.6057, 0.3151, -0.2835
-0.0006, 0.1093, 0.2119, 0.6041, 0.3152, -0.2848
-0.0012, 0.1092, 0.2120, 0.6044, 0.3148, -0.2829
-0.0025, 0.1089, 0.2120, 0.6046, 0.3138, -0.2788
-0.0039, 0.1084, 0.2114, 0.6034, 0.3123, -0.2743
-0.0045, 0.1083, 0.2113, 0.6030, 0.3118, -0.2724
-0.0042, 0.1088, 0.2121, 0.6049, 0.3128, -0.2738
-0.0036, 0.1097, 0.2137, 0.6088, 0.3147, -0.2760
-0.0034, 0.1107, 0.2158, 0.6142, 0.3166, -0.2772
-0.0031, 0.1115, 0.2173, 0.6182, 0.3182, -0.2785
-0.0025, 0.1117, 0.2178, 0.6192, 0.3191, -0.2801
-0.0017, 0.1117, 0.2175, 0.6183, 0.3196, -0.2821
-0.0005, 0.1117, 0.2169, 0.6165, 0.3202, -0.2854
0.0006, 0.1119, 0.2166, 0.6155, 0.3209, -0.2887
0.0012, 0.1122, 0.2169, 0.6161, 0.3215, -0.2904
0.0011, 0.1125, 0.2172, 0.6170, 0.3217, -0.2905
0.0009, 0.1126, 0.2175, 0.6178, 0.3216, -0.2899
0.0004, 0.1123, 0.2174, 0.6177, 0.3210, -0.2884
-0.0003, 0.1114, 0.2162, 0.6148, 0.3193, -0.2855
-0.0007, 0.1099, 0.2136, 0.6085, 0.3169, -0.2833
-0.0009, 0.1087, 0.2112, 0.6024, 0.3149, -0.2821
-0.0014, 0.1085, 0.2106, 0.6010, 0.3140, -0.2807
-0.0019, 0.1090, 0.2115, 0.6036, 0.3143, -0.2798
-0.0024, 0.1097, 0.2127, 0.6068, 0.3148, -0.2792
-0.0029, 0.1102, 0.2136, 0.6091, 0.3151, -0.2782
-0.0032, 0.1105, 0.2140, 0.6103, 0.3151, -0.2778
-0.0030, 0.1109, 0.2144, 0.6114, 0.3156, -0.2786
-0.0028, 0.1116, 0.2159, 0.6153, 0.3169, -0.2798
-0.0023, 0.1122, 0.2171, 0.6184, 0.3180, -0.2813
-0.0020, 0.1120, 0.2169, 0.6180, 0.3182, -0.2823
-0.0022, 0.1123, 0.2174, 0.6191, 0.3183, -0.2817
-0.0028, 0.1130, 0.2188, 0.6228, 0.3189, -0.2805
-0.0029, 0.1133, 0.2192, 0.6239, 0.3191, -0.2803
-0.0029, 0.1128, 0.2182, 0.6213, 0.3183, -0.2798
-0.0034, 0.1118, 0.2163, 0.6165, 0.3164, -0.2775
-0.0038, 0.1104, 0.2134, 0.6089, 0.3137, -0.2752
-0.0037, 0.1083, 0.2093, 0.5983, 0.3106, -0.2740
-0.0035, 0.1063, 0.2056, 0.5889, 0.3078, -0.2729
-0.0035, 0.1052, 0.2038, 0.5843, 0.3063, -0.2719
-0.0039, 0.1043, 0.2024, 0.5808, 0.3048, -0.2701
-0.0041, 0.1033, 0.2008, 0.5771, 0.3033, -0.2684
-0.0038, 0.1031, 0.2002, 0.5755, 0.3029, -0.2691
-0.0032, 0.1032, 0.2001, 0.5752, 0.3032, -0.2706
-0.0028, 0.1037, 0.2009, 0.5771, 0.3041, -0.2722
-0.0024, 0.1048, 0.2029, 0.5821, 0.3058, -0.2740
-0.0024, 0.1058, 0.2047, 0.5870, 0.3072, -0.2748
-0.0025, 0.1068, 0.2063, 0.5911, 0.3083, -0.2750
-0.0024, 0.1081, 0.2083, 0.5961, 0.3099, -0.2760
-0.0024, 0.1097, 0.2107, 0.6022, 0.3119, -0.2774
-0.0026, 0.1111, 0.2131, 0.6081, 0.3136, -0.2778
-0.0029, 0.1116, 0.2142, 0.6110, 0.3143, -0.2774
-0.0025, 0.1111, 0.2133, 0.6085, 0.3139, -0.2783
-0.0017, 0.1104, 0.2115, 0.6039, 0.3133, -0.2802
-0.0012, 0.1100, 0.2106, 0.6013, 0.3129, -0.2813
-0.0012, 0.1098, 0.2101, 0.6000, 0.3126, -0.2814
-0.0009, 0.1097, 0.2097, 0.5987, 0.3125, -0.2821
0.0000, 0.1095, 0.2091, 0.5971, 0.3128, -0.2847
0.0010, 0.1094, 0.2088, 0.5959, 0.3133, -0.2876
0.0018, 0.1093, 0.2085, 0.5951, 0.3138, -0.2900
0.0024, 0.1092, 0.2082, 0.5943, 0.3142, -0.2919
0.0028, 0.1092, 0.2083, 0.5944, 0.3146, -0.2930
0.0032, 0.1093, 0.2085, 0.5947, 0.3150, -0.2942
0.0035, 0.1095, 0.2086, 0.5948, 0.3155, -0.2954
0.0035, 0.1098, 0.2089, 0.5954, 0.3158, -0.2956
0.0033, 0.1101, 0.2092, 0.5961, 0.3160, -0.2954
0.0029, 0.1102, 0.2094, 0.5965, 0.3160, -0.2945
0.0019, 0.1101, 0.2096, 0.5972, 0.3154, -0.2916
0.0009, 0.1103, 0.2104, 0.5994, 0.3154, -0.2889
0.0003, 0.1109, 0.2118, 0.6028, 0.3161, -0.2879
-0.0005, 0.1110, 0.2125, 0.6047, 0.3162, -0.2858
-0.0019, 0.1105, 0.2122, 0.6043, 0.3150, -0.2815
-0.0036, 0.1098, 0.2120, 0.6039, 0.3136, -0.2764
-0.0049, 0.1094, 0.2119, 0.6041, 0.3127, -0.2724
-0.0058, 0.1090, 0.2117, 0.6036, 0.3121, -0.2698
-0.0064, 0.1085, 0.2111, 0.6021, 0.3113, -0.2679
-0.0065, 0.1079, 0.2101, 0.5996, 0.3106, -0.2672
-0.0061, 0.1073, 0.2090, 0.5968, 0.3102, -0.2679
-0.0058, 0.1073, 0.2089, 0.5964, 0.3105, -0.2689
-0.0056, 0.1080, 0.2100, 0.5992, 0.3117, -0.2703
-0.0050, 0.1092, 0.2115, 0.6029, 0.3134, -0.2728
-0.0044, 0.1101, 0.2127, 0.6057, 0.3149, -0.2754
-0.0038, 0.1103, 0.2127, 0.6055, 0.3154, -0.2772
-0.0031, 0.1096, 0.2111, 0.6011, 0.3148, -0.2788
-0.0022, 0.1091, 0.2096, 0.5970, 0.3144, -0.2809
-0.0014, 0.1090, 0.2090, 0.5954, 0.3148, -0.2833
-0.0007, 0.1090, 0.2088, 0.5947, 0.3153, -0.2853
-0.0006, 0.1092, 0.2092, 0.5957, 0.3158, -0.2858
-0.0012, 0.1097, 0.2104, 0.5988, 0.3162, -0.2844
-0.0020, 0.1100, 0.2112, 0.6010, 0.3163, -0.2825
-0.0026, 0.1099, 0.2113, 0.6014, 0.3160, -0.2808
-0.0031, 0.1098, 0.2113, 0.6016, 0.3157, -0.2794
-0.0031, 0.1098, 0.2114, 0.6018, 0.3158, -0.2792
-0.0028, 0.1095, 0.2109, 0.6005, 0.3156, -0.2797
-0.0029, 0.1089, 0.2101, 0.5985, 0.3149, -0.2789
-0.0035, 0.1086, 0.2100, 0.5985, 0.3143, -0.2770
-0.0045, 0.1092, 0.2116, 0.6027, 0.3148, -0.2746
-0.0055, 0.1105, 0.2146, 0.6106, 0.3163, -0.2727
-0.0060, 0.1116, 0.2170, 0.6168, 0.3177, -0.2722
-0.0060, 0.1119, 0.2178, 0.6191, 0.3182, -0.2722
-0.0062, 0.1120, 0.2183, 0.6202, 0.3182, -0.2715
-0.0067, 0.1123, 0.2186, 0.6212, 0.3180, -0.2705
-0.0067, 0.1123, 0.2184, 0.6206, 0.3177, -0.2703
-0.0065, 0.1120, 0.2178, 0.6190, 0.3172, -0.2708
-0.0063, 0.1119, 0.2176, 0.6186, 0.3170, -0.2713
-0.0060, 0.1121, 0.2179, 0.6193, 0.3173, -0.2724
-0.0055, 0.1123, 0.2182, 0.6201, 0.3177, -0.2740
-0.0050, 0.1124, 0.2185, 0.6208, 0.3182, -0.2756
-0.0043, 0.1125, 0.2185, 0.6208, 0.3186, -0.2777
-0.0037, 0.1125, 0.2180, 0.6195, 0.3187, -0.2796
-0.0032, 0.1117, 0.2165, 0.6156, 0.3178, -0.2803
-0.0033, 0.1105, 0.2144, 0.6101, 0.3160, -0.2794
-0.0034, 0.1092, 0.2120, 0.6041, 0.3142, -0.2785
-0.0025, 0.1082, 0.2098, 0.5981, 0.3130, -0.2802
-0.0011, 0.1075, 0.2077, 0.5924, 0.3126, -0.2839
-0.0000, 0.1067, 0.2057, 0.5871, 0.3119, -0.2864
0.0000, 0.1061, 0.2046, 0.5842, 0.3110, -0.2862
-0.0004, 0.1060, 0.2045, 0.5841, 0.3107, -0.2849
-0.0006, 0.1057, 0.2042, 0.5832, 0.3104, -0.2844
-0.0007, 0.1049, 0.2028, 0.5797, 0.3092, -0.2835
-0.0008, 0.1035, 0.2006, 0.5741, 0.3075, -0.2824
-0.0009, 0.1023, 0.1989, 0.5696, 0.3061, -0.2811
-0.0014, 0.1017, 0.1981, 0.5678, 0.3051, -0.2792
-0.0021, 0.1017, 0.1983, 0.5683, 0.3047, -0.2770
-0.0031, 0.1026, 0.2002, 0.5732, 0.3054, -0.2750
-0.0036, 0.1040, 0.2028, 0.5800, 0.3070, -0.2746
-0.0034, 0.1051, 0.2046, 0.5844, 0.3085, -0.2759
-0.0030, 0.1058, 0.2055, 0.5867, 0.3096, -0.2775
-0.0025, 0.1062, 0.2058, 0.5872, 0.3103, -0.2791
-0.0020, 0.1063, 0.2059, 0.5873, 0.3107, -0.2806
-0.0015, 0.1064, 0.2058, 0.5870, 0.3111, -0.2820
-0.0007, 0.1063, 0.2054, 0.5858, 0.3113, -0.2840
0.0003, 0.1058, 0.2043, 0.5829, 0.3113, -0.2865
0.0012, 0.1052, 0.2030, 0.5793, 0.3109, -0.2886
0.0013, 0.1048, 0.2024, 0.5777, 0.3104, -0.2884
0.0006, 0.1047, 0.2025, 0.5782, 0.3101, -0.2866
0.0004, 0.1050, 0.2030, 0.5793, 0.3103, -0.2860
0.0004, 0.1056, 0.2039, 0.5815, 0.3111, -0.2865
0.0004, 0.1063, 0.2046, 0.5832, 0.3117, -0.2868
0.0003, 0.1064, 0.2044, 0.5827, 0.3116, -0.2868
0.0001, 0.1060, 0.2036, 0.5807, 0.3109, -0.2858
-0.0003, 0.1055, 0.2029, 0.5788, 0.3099, -0.2842
-0.0004, 0.1056, 0.2030, 0.5790, 0.3099, -0.2838
-0.0003, 0.1065, 0.2043, 0.5823, 0.3111, -0.2847
-0.0002, 0.1073, 0.2058, 0.5861, 0.3123, -0.2853
-0.0004, 0.1079, 0.2071, 0.5898, 0.3132, -0.2853
-0.0006, 0.1088, 0.2092, 0.5952, 0.3146, -0.2852
-0.0007, 0.1099, 0.2112, 0.6004, 0.3159, -0.2857
-0.0007, 0.1106, 0.2125, 0.6037, 0.3168, -0.2861
-0.0005, 0.1111, 0.2132, 0.6057, 0.3175, -0.2870
-0.0004, 0.1114, 0.2135, 0.6063, 0.3179, -0.2875
-0.0005, 0.1117, 0.2139, 0.6074, 0.3180, -0.2873
-0.0006, 0.1124, 0.2150, 0.6102, 0.3189, -0.2876
-0.0004, 0.1127, 0.2155, 0.6116, 0.3194, -0.2885
-0.0002, 0.1120, 0.2142, 0.6083, 0.3186, -0.2885
-0.0002, 0.1109, 0.2124, 0.6037, 0.3172, -0.2879
-0.0002, 0.1107, 0.2119, 0.6027, 0.3169, -0.2879
-0.0005, 0.1113, 0.2127, 0.6048, 0.3173, -0.2875
-0.0012, 0.1117, 0.2135, 0.6067, 0.3175, -0.2862
-0.0017, 0.1118, 0.2134, 0.6066, 0.3172, -0.2851
-0.0015, 0.1116, 0.2126, 0.6044, 0.3169, -0.2857
-0.0012, 0.1116, 0.2119, 0.6026, 0.3168, -0.2869
-0.0014, 0.1121, 0.2126, 0.6043, 0.3172, -0.2869
-0.0019, 0.1126, 0.2135, 0.6066, 0.3175, -0.2858
-0.0027, 0.1121, 0.2129, 0.6052, 0.3164, -0.2833
-0.0032, 0.1113, 0.2117, 0.6022, 0.3149, -0.2810
-0.0030, 0.1107, 0.2105, 0.5992, 0.3141, -0.2811
-0.0025, 0.1105, 0.2097, 0.5971, 0.3137, -0.2822
-0.0022, 0.1105, 0.2094, 0.5962, 0.3137, -0.2832
-0.0014, 0.1106, 0.2092, 0.5956, 0.3140, -0.2855
-0.0002, 0.1106, 0.2091, 0.5950, 0.3147, -0.2888
0.0006, 0.1107, 0.2093, 0.5955, 0.3153, -0.2910
0.0006, 0.1110, 0.2100, 0.5975, 0.3158, -0.2912
0.0003, 0.1111, 0.2106, 0.5993, 0.3158, -0.2902
0.0000, 0.1106, 0.2102, 0.5986, 0.3151, -0.2887
-0.0003, 0.1100, 0.2096, 0.5973, 0.3141, -0.2872
-0.0008, 0.1104, 0.2106, 0.5999, 0.3144, -0.2860
-0.0010, 0.1115, 0.2125, 0.6048, 0.3157, -0.2862
-0.0004, 0.1123, 0.2136, 0.6075, 0.3170, -0.2883
0.0003, 0.1125, 0.2138, 0.6080, 0.3177, -0.2902
0.0008, 0.1126, 0.2140, 0.6086, 0.3183, -0.2913
0.0013, 0.1133, 0.2150, 0.6111, 0.3196, -0.2931
0.0022, 0.1142, 0.2158, 0.6128, 0.3210, -0.2961
0.0029, 0.1147, 0.2158, 0.6128, 0.3217, -0.2985
0.0033, 0.1151, 0.2158, 0.6124, 0.3220, -0.2998
0.0035, 0.1151, 0.2154, 0.6115, 0.3220, -0.3005
0.0036, 0.1147, 0.2147, 0.6095, 0.3215, -0.3006
0.0037, 0.1137, 0.2132, 0.6058, 0.3204, -0.2999
0.0036, 0.1125, 0.2115, 0.6018, 0.3191, -0.2988
0.0034, 0.1117, 0.2110, 0.6006, 0.3186, -0.2977
0.0028, 0.1115, 0.2116, 0.6024, 0.3185, -0.2958
0.0019, 0.1113, 0.2121, 0.6041, 0.3183, -0.2934
0.0014, 0.1109, 0.2120, 0.6041, 0.3178, -0.2916
0.0007, 0.1105, 0.2118, 0.6037, 0.3171, -0.2895
-0.0001, 0.1099, 0.2114, 0.6027, 0.3162, -0.2871
-0.0004, 0.1090, 0.2100, 0.5995, 0.3150, -0.2856
-0.0004, 0.1084, 0.2091, 0.5972, 0.3144, -0.2852
-0.0004, 0.1090, 0.2101, 0.5995, 0.3152, -0.2859
-0.0003, 0.1101, 0.2117, 0.6036, 0.3167, -0.2870
-0.0002, 0.1105, 0.2125, 0.6055, 0.3174, -0.2877
-0.0002, 0.1101, 0.2118, 0.6037, 0.3169, -0.2875
-0.0001, 0.1093, 0.2106, 0.6005, 0.3160, -0.2872
0.0003, 0.1087, 0.2094, 0.5974, 0.3153, -0.2879
0.0006, 0.1080, 0.2082, 0.5944, 0.3146, -0.2882
0.0003, 0.1072, 0.2071, 0.5917, 0.3134, -0.2866
-0.0006, 0.1061, 0.2057, 0.5882, 0.3115, -0.2833
-0.0016, 0.1052, 0.2043, 0.5849, 0.3097, -0.2799
-0.0026, 0.1048, 0.2038, 0.5835, 0.3085, -0.2769
-0.0036, 0.1049, 0.2041, 0.5845, 0.3080, -0.2740
-0.0046, 0.1051, 0.2049, 0.5865, 0.3077, -0.2712
-0.0054, 0.1051, 0.2050, 0.5870, 0.3073, -0.2690
-0.0058, 0.1047, 0.2043, 0.5853, 0.3064, -0.2675
-0.0058, 0.1043, 0.2034, 0.5830, 0.3057, -0.2671
-0.0052, 0.1043, 0.2030, 0.5818, 0.3059, -0.2689
-0.0041, 0.1047, 0.2032, 0.5821, 0.3069, -0.2722
-0.0032, 0.1053, 0.2039, 0.5838, 0.3081, -0.2750
-0.0030, 0.1057, 0.2048, 0.5861, 0.3089, -0.2757
-0.0034, 0.1064, 0.2062, 0.5899, 0.3096, -0.2750
-0.0042, 0.1074, 0.2080, 0.5945, 0.3103, -0.2736
-0.0052, 0.1080, 0.2089, 0.5969, 0.3102, -0.2711
-0.0059, 0.1081, 0.2087, 0.5963, 0.3094, -0.2689
-0.0059, 0.1077, 0.2077, 0.5938, 0.3086, -0.2683
-0.0053, 0.1071, 0.2062, 0.5898, 0.3077, -0.2695
-0.0047, 0.1069, 0.2055, 0.5880, 0.3075, -0.2709
-0.0046, 0.1074, 0.2062, 0.5898, 0.3081, -0.2716
-0.0048, 0.1079, 0.2072, 0.5922, 0.3085, -0.2713
-0.0054, 0.1079, 0.2074, 0.5928, 0.3082, -0.2698
-0.0059, 0.1074, 0.2065, 0.5907, 0.3072, -0.2681
-0.0061, 0.1067, 0.2052, 0.5874, 0.3060, -0.2669
-0.0062, 0.1062, 0.2045, 0.5857, 0.3054, -0.2663
-0.0063, 0.1062, 0.2046, 0.5860, 0.3054, -0.2660
-0.0062, 0.1063, 0.2050, 0.5870, 0.3059, -0.2666
-0.0058, 0.1067, 0.2055, 0.5884, 0.3066, -0.2681
-0.0052, 0.1070, 0.2062, 0.5901, 0.3075, -0.2699
-0.0049, 0.1074, 0.2068, 0.5917, 0.3082, -0.2711
-0.0048, 0.1077, 0.2071, 0.5926, 0.3084, -0.2715
-0.0047, 0.1079, 0.2070, 0.5922, 0.3084, -0.2720
-0.0041, 0.1082, 0.2068, 0.5915, 0.3086, -0.2739
-0.0033, 0.1089, 0.2071, 0.5922, 0.3095, -0.2768
-0.0029, 0.1100, 0.2087, 0.5961, 0.3110, -0.2789
-0.0025, 0.1114, 0.2109, 0.6016, 0.3130, -0.2810
-0.0022, 0.1124, 0.2127, 0.6062, 0.3146, -0.2828
-0.0023, 0.1130, 0.2141, 0.6098, 0.3155, -0.2829
-0.0028, 0.1133, 0.2151, 0.6127, 0.3158, -0.2819
-0.0029, 0.1134, 0.2157, 0.6141, 0.3160, -0.2816
-0.0023, 0.1134, 0.2156, 0.6138, 0.3164, -0.2834
-0.0010, 0.1131, 0.2149, 0.6118, 0.3167, -0.2868
0.0000, 0.1126, 0.2139, 0.6092, 0.3168, -0.2895
0.0004, 0.1124, 0.2134, 0.6077, 0.3167, -0.2904
0.0002, 0.1122, 0.2132, 0.6073, 0.3164, -0.2897
-0.0007, 0.1123, 0.2136, 0.6085, 0.3160, -0.2872
-0.0020, 0.1126, 0.2145, 0.6109, 0.3157, -0.2837
-0.0028, 0.1132, 0.2157, 0.6140, 0.3160, -0.2817
-0.0030, 0.1138, 0.2163, 0.6155, 0.3165, -0.2817
-0.0030, 0.1137, 0.2159, 0.6143, 0.3163, -0.2816
-0.0034, 0.1133, 0.2155, 0.6132, 0.3157, -0.2802
-0.0044, 0.1133, 0.2161, 0.6148, 0.3154, -0.2774
-0.0058, 0.1134, 0.2170, 0.6175, 0.3150, -0.2735
-0.0069, 0.1133, 0.2174, 0.6185, 0.3144, -0.2705
-0.0078, 0.1130, 0.2170, 0.6177, 0.3135, -0.2677
-0.0090, 0.1125, 0.2167, 0.6170, 0.3124, -0.2642
-0.0096, 0.1122, 0.2164, 0.6165, 0.3118, -0.2621
-0.0094, 0.1118, 0.2160, 0.6153, 0.3118, -0.2626
-0.0088, 0.1110, 0.2146, 0.6118, 0.3113, -0.2637
-0.0081, 0.1098, 0.2122, 0.6056, 0.3100, -0.2646
-0.0073, 0.1089, 0.2104, 0.6008, 0.3093, -0.2662
-0.0066, 0.1086, 0.2098, 0.5991, 0.3094, -0.2679
-0.0061, 0.1085, 0.2094, 0.5981, 0.3095, -0.2692
-0.0055, 0.1086, 0.2089, 0.5968, 0.3097, -0.2707
-0.0050, 0.1088, 0.2087, 0.5960, 0.3101, -0.2724
-0.0044, 0.1091, 0.2088, 0.5962, 0.3107, -0.2742
-0.0039, 0.1091, 0.2086, 0.5958, 0.3111, -0.2756
-0.0036, 0.1085, 0.2077, 0.5936, 0.3107, -0.2761
-0.0033, 0.1079, 0.2070, 0.5918, 0.3104, -0.2764
-0.0034, 0.1080, 0.2076, 0.5935, 0.3108, -0.2762
-0.0040, 0.1087, 0.2096, 0.5988, 0.3118, -0.2748
-0.0045, 0.1095, 0.2115, 0.6041, 0.3129, -0.2736
-0.0048, 0.1102, 0.2132, 0.6086, 0.3139, -0.2732
-0.0052, 0.1110, 0.2147, 0.6124, 0.3148, -0.2726
-0.0057, 0.1110, 0.2152, 0.6137, 0.3146, -0.2712
-0.0063, 0.1103, 0.2143, 0.6118, 0.3135, -0.2689
-0.0071, 0.1096, 0.2135, 0.6100, 0.3121, -0.2661
-0.0078, 0.1095, 0.2140, 0.6113, 0.3119, -0.2639
-0.0078, 0.1099, 0.2151, 0.6141, 0.3126, -0.2640
-0.0071, 0.1103, 0.2156, 0.6154, 0.3135, -0.2661
-0.0063, 0.1104, 0.2155, 0.6149, 0.3141, -0.2684
-0.0057, 0.1103, 0.2149, 0.6133, 0.3141, -0.2700
-0.0052, 0.1101, 0.2143, 0.6115, 0.3139, -0.2711
-0.0048, 0.1098, 0.2136, 0.6098, 0.3137, -0.2718
-0.0048, 0.1094, 0.2128, 0.6078, 0.3131, -0.2714
-0.0049, 0.1088, 0.2117, 0.6050, 0.3120, -0.2704
-0.0048, 0.1082, 0.2105, 0.6019, 0.3112, -0.2702
-0.0047, 0.1080, 0.2099, 0.6001, 0.3108, -0.2705
-0.0048, 0.1082, 0.2097, 0.5995, 0.3106, -0.2705
-0.0044, 0.1083, 0.2090, 0.5975, 0.3105, -0.2718
-0.0034, 0.1075, 0.2069, 0.5917, 0.3097, -0.2741
-0.0024, 0.1062, 0.2040, 0.5840, 0.3082, -0.2758
-0.0019, 0.1049, 0.2016, 0.5779, 0.3068, -0.2764
-0.0018, 0.1039, 0.2002, 0.5744, 0.3057, -0.2759
-0.0019, 0.1036, 0.1999, 0.5739, 0.3054, -0.2754
-0.0014, 0.1039, 0.2003, 0.5748, 0.3061, -0.2771
-0.0005, 0.1042, 0.2005, 0.5750, 0.3070, -0.2801
-0.0000, 0.1044, 0.2006, 0.5752, 0.3074, -0.2816
-0.0004, 0.1046, 0.2009, 0.5762, 0.3074, -0.2806
-0.0015, 0.1050, 0.2019, 0.5787, 0.3072, -0.2779
-0.0027, 0.1057, 0.2037, 0.5835, 0.3076, -0.2750
-0.0035, 0.1067, 0.2061, 0.5899, 0.3088, -0.2734
-0.0038, 0.1080, 0.2089, 0.5971, 0.3107, -0.2737
-0.0036, 0.1094, 0.2118, 0.6046, 0.3130, -0.2751
-0.0034, 0.1105, 0.2141, 0.6103, 0.3149, -0.2765
-0.0034, 0.1111, 0.2150, 0.6126, 0.3156, -0.2769
-0.0032, 0.1108, 0.2143, 0.6107, 0.3152, -0.2772
-0.0023, 0.1101, 0.2127, 0.6063, 0.3145, -0.2789
