-0.0142, 0.1554, 0.2520, 0.6739, 0.3783, -0.3339
-0.0145, 0.1550, 0.2517, 0.6733, 0.3779, -0.3327
-0.0146, 0.1547, 0.2513, 0.6723, 0.3776, -0.3324
-0.0141, 0.1543, 0.2506, 0.6703, 0.3775, -0.3335
-0.0133, 0.1534, 0.2490, 0.6662, 0.3770, -0.3351
-0.0126, 0.1515, 0.2463, 0.6595, 0.3756, -0.3358
-0.0120, 0.1490, 0.2429, 0.6510, 0.3734, -0.3357
-0.0114, 0.1464, 0.2394, 0.6425, 0.3710, -0.3353
-0.0107, 0.1440, 0.2360, 0.6342, 0.3688, -0.3352
-0.0098, 0.1418, 0.2325, 0.6255, 0.3667, -0.3359
-0.0090, 0.1401, 0.2298, 0.6191, 0.3652, -0.3365
-0.0086, 0.1393, 0.2288, 0.6169, 0.3646, -0.3369
-0.0084, 0.1395, 0.2293, 0.6187, 0.3652, -0.3372
-0.0082, 0.1402, 0.2305, 0.6221, 0.3662, -0.3377
-0.0081, 0.1403, 0.2308, 0.6233, 0.3664, -0.3376
-0.0085, 0.1398, 0.2300, 0.6218, 0.3653, -0.3354
-0.0091, 0.1389, 0.2288, 0.6194, 0.3637, -0.3324
-0.0093, 0.1376, 0.2271, 0.6157, 0.3620, -0.3302
-0.0094, 0.1355, 0.2244, 0.6094, 0.3595, -0.3277
-0.0096, 0.1331, 0.2216, 0.6032, 0.3567, -0.3247
-0.0090, 0.1311, 0.2192, 0.5977, 0.3549, -0.3242
-0.0078, 0.1293, 0.2171, 0.5930, 0.3537, -0.3255
-0.0073, 0.1278, 0.2160, 0.5909, 0.3528, -0.3252
-0.0072, 0.1266, 0.2155, 0.5903, 0.3520, -0.3240
-0.0069, 0.1258, 0.2152, 0.5900, 0.3516, -0.3237
-0.0061, 0.1250, 0.2143, 0.5882, 0.3511, -0.3246
-0.0047, 0.1238, 0.2123, 0.5832, 0.3502, -0.3270
-0.0031, 0.1222, 0.2095, 0.5762, 0.3490, -0.3298
-0.0018, 0.1202, 0.2060, 0.5677, 0.3469, -0.3313
-0.0014, 0.1179, 0.2023, 0.5586, 0.3439, -0.3301
-0.0016, 0.1155, 0.1987, 0.5498, 0.3404, -0.3270
-0.0021, 0.1131, 0.1954, 0.5421, 0.3369, -0.3232
-0.0028, 0.1109, 0.1924, 0.5351, 0.3335, -0.3191
-0.0034, 0.1087, 0.1891, 0.5273, 0.3299, -0.3152
-0.0034, 0.1071, 0.1865, 0.5208, 0.3274, -0.3135
-0.0029, 0.1067, 0.1853, 0.5181, 0.3266, -0.3143
-0.0022, 0.1068, 0.1853, 0.5182, 0.3267, -0.3157
-0.0021, 0.1070, 0.1860, 0.5201, 0.3269, -0.3159
-0.0022, 0.1070, 0.1865, 0.5218, 0.3266, -0.3150
-0.0020, 0.1068, 0.1866, 0.5224, 0.3263, -0.3148
-0.0014, 0.1064, 0.1862, 0.5215, 0.3259, -0.3157
-0.0007, 0.1056, 0.1851, 0.5187, 0.3252, -0.3168
0.0003, 0.1047, 0.1837, 0.5152, 0.3243, -0.3181
0.0011, 0.1039, 0.1827, 0.5130, 0.3237, -0.3193
0.0017, 0.1035, 0.1825, 0.5126, 0.3234, -0.3199
0.0023, 0.1034, 0.1825, 0.5127, 0.3234, -0.3209
0.0030, 0.1030, 0.1816, 0.5107, 0.3228, -0.3220
0.0035, 0.1020, 0.1802, 0.5071, 0.3215, -0.3220
0.0033, 0.1009, 0.1791, 0.5048, 0.3200, -0.3201
0.0027, 0.1001, 0.1787, 0.5043, 0.3187, -0.3170
0.0023, 0.0998, 0.1787, 0.5045, 0.3179, -0.3150
0.0023, 0.0993, 0.1776, 0.5019, 0.3167, -0.3143
0.0023, 0.0976, 0.1745, 0.4942, 0.3139, -0.3124
0.0019, 0.0955, 0.1712, 0.4860, 0.3106, -0.3090
0.0010, 0.0946, 0.1703, 0.4839, 0.3088, -0.3053
0.0002, 0.0947, 0.1713, 0.4869, 0.3086, -0.3025
-0.0007, 0.0948, 0.1723, 0.4898, 0.3084, -0.2996
-0.0015, 0.0946, 0.1723, 0.4901, 0.3075, -0.2967
-0.0017, 0.0945, 0.1721, 0.4896, 0.3069, -0.2956
-0.0014, 0.0941, 0.1711, 0.4871, 0.3062, -0.2958
-0.0006, 0.0932, 0.1689, 0.4813, 0.3049, -0.2970
0.0007, 0.0923, 0.1665, 0.4750, 0.3039, -0.2997
0.0020, 0.0916, 0.1648, 0.4703, 0.3032, -0.3023
0.0026, 0.0908, 0.1632, 0.4662, 0.3023, -0.3032
0.0030, 0.0896, 0.1611, 0.4610, 0.3007, -0.3030
0.0034, 0.0886, 0.1596, 0.4570, 0.2996, -0.3031
0.0035, 0.0882, 0.1589, 0.4553, 0.2989, -0.3028
0.0029, 0.0875, 0.1580, 0.4531, 0.2976, -0.3003
0.0017, 0.0865, 0.1566, 0.4499, 0.2954, -0.2957
0.0005, 0.0858, 0.1556, 0.4476, 0.2935, -0.2915
-0.0004, 0.0854, 0.1549, 0.4457, 0.2921, -0.2885
-0.0014, 0.0845, 0.1537, 0.4428, 0.2904, -0.2851
-0.0026, 0.0834, 0.1525, 0.4400, 0.2883, -0.2804
-0.0036, 0.0824, 0.1518, 0.4386, 0.2868, -0.2767
-0.0039, 0.0817, 0.1516, 0.4384, 0.2861, -0.2750
-0.0041, 0.0816, 0.1522, 0.4399, 0.2861, -0.2742
-0.0044, 0.0820, 0.1536, 0.4438, 0.2868, -0.2734
-0.0044, 0.0827, 0.1552, 0.4480, 0.2879, -0.2738
-0.0038, 0.0837, 0.1572, 0.4530, 0.2897, -0.2758
-0.0034, 0.0854, 0.1605, 0.4615, 0.2924, -0.2779
-0.0035, 0.0871, 0.1641, 0.4708, 0.2949, -0.2788
-0.0032, 0.0883, 0.1667, 0.4774, 0.2969, -0.2801
-0.0027, 0.0889, 0.1680, 0.4808, 0.2981, -0.2817
-0.0024, 0.0892, 0.1687, 0.4827, 0.2986, -0.2825
-0.0016, 0.0893, 0.1688, 0.4830, 0.2991, -0.2847
-0.0001, 0.0888, 0.1673, 0.4789, 0.2988, -0.2884
0.0012, 0.0874, 0.1641, 0.4704, 0.2970, -0.2907
0.0021, 0.0859, 0.1605, 0.4610, 0.2946, -0.2917
0.0029, 0.0845, 0.1573, 0.4527, 0.2926, -0.2929
0.0035, 0.0834, 0.1547, 0.4459, 0.2908, -0.2936
0.0039, 0.0826, 0.1528, 0.4410, 0.2894, -0.2941
0.0044, 0.0821, 0.1514, 0.4374, 0.2884, -0.2947
0.0048, 0.0817, 0.1504, 0.4348, 0.2877, -0.2954
0.0054, 0.0814, 0.1499, 0.4335, 0.2875, -0.2966
0.0062, 0.0810, 0.1492, 0.4315, 0.2874, -0.2986
0.0072, 0.0805, 0.1479, 0.4279, 0.2869, -0.3009
0.0080, 0.0800, 0.1467, 0.4249, 0.2864, -0.3026
0.0080, 0.0796, 0.1461, 0.4231, 0.2857, -0.3022
0.0073, 0.0787, 0.1452, 0.4211, 0.2842, -0.2994
0.0063, 0.0776, 0.1438, 0.4176, 0.2822, -0.2957
0.0055, 0.0766, 0.1424, 0.4143, 0.2804, -0.2926
0.0048, 0.0761, 0.1419, 0.4131, 0.2794, -0.2904
0.0042, 0.0759, 0.1418, 0.4129, 0.2787, -0.2885
0.0037, 0.0759, 0.1419, 0.4130, 0.2782, -0.2870
0.0032, 0.0762, 0.1428, 0.4155, 0.2783, -0.2858
0.0030, 0.0768, 0.1444, 0.4197, 0.2791, -0.2854
0.0028, 0.0774, 0.1460, 0.4239, 0.2799, -0.2851
0.0022, 0.0780, 0.1476, 0.4282, 0.2804, -0.2836
0.0016, 0.0785, 0.1491, 0.4323, 0.2807, -0.2817
0.0013, 0.0790, 0.1506, 0.4363, 0.2812, -0.2810
0.0011, 0.0794, 0.1519, 0.4398, 0.2817, -0.2805
0.0007, 0.0800, 0.1536, 0.4443, 0.2823, -0.2797
0.0001, 0.0813, 0.1562, 0.4512, 0.2835, -0.2789
-0.0004, 0.0828, 0.1587, 0.4578, 0.2849, -0.2782
-0.0006, 0.0842, 0.1606, 0.4625, 0.2860, -0.2785
-0.0009, 0.0851, 0.1618, 0.4657, 0.2866, -0.2783
-0.0014, 0.0855, 0.1624, 0.4671, 0.2866, -0.2771
-0.0014, 0.0855, 0.1621, 0.4662, 0.2862, -0.2768
-0.0012, 0.0849, 0.1608, 0.4630, 0.2854, -0.2770
-0.0009, 0.0837, 0.1584, 0.4569, 0.2839, -0.2769
-0.0006, 0.0826, 0.1561, 0.4509, 0.2823, -0.2767
-0.0009, 0.0823, 0.1553, 0.4490, 0.2815, -0.2756
-0.0011, 0.0825, 0.1557, 0.4500, 0.2816, -0.2750
-0.0007, 0.0828, 0.1560, 0.4506, 0.2820, -0.2761
-0.0004, 0.0830, 0.1563, 0.4515, 0.2825, -0.2772
-0.0002, 0.0832, 0.1570, 0.4534, 0.2831, -0.2780
0.0006, 0.0833, 0.1571, 0.4535, 0.2838, -0.2800
0.0016, 0.0833, 0.1568, 0.4527, 0.2843, -0.2826
0.0022, 0.0836, 0.1570, 0.4530, 0.2850, -0.2844
0.0027, 0.0839, 0.1573, 0.4535, 0.2855, -0.2857
0.0033, 0.0841, 0.1573, 0.4535, 0.2860, -0.2873
0.0039, 0.0844, 0.1576, 0.4539, 0.2867, -0.2893
0.0045, 0.0846, 0.1577, 0.4541, 0.2872, -0.2907
0.0047, 0.0844, 0.1573, 0.4531, 0.2871, -0.2911
0.0049, 0.0839, 0.1566, 0.4512, 0.2867, -0.2913
0.0053, 0.0830, 0.1552, 0.4476, 0.2858, -0.2917
0.0057, 0.0817, 0.1533, 0.4426, 0.2846, -0.2917
0.0059, 0.0805, 0.1516, 0.4384, 0.2833, -0.2912
0.0060, 0.0793, 0.1500, 0.4343, 0.2820, -0.2904
0.0063, 0.0778, 0.1475, 0.4280, 0.2802, -0.2901
0.0070, 0.0769, 0.1456, 0.4229, 0.2792, -0.2912
0.0079, 0.0772, 0.1458, 0.4234, 0.2800, -0.2939
0.0090, 0.0785, 0.1476, 0.4277, 0.2822, -0.2980
0.0104, 0.0797, 0.1492, 0.4315, 0.2844, -0.3025
0.0115, 0.0802, 0.1501, 0.4335, 0.2858, -0.3060
0.0121, 0.0810, 0.1515, 0.4369, 0.2873, -0.3082
0.0119, 0.0822, 0.1537, 0.4425, 0.2888, -0.3088
0.0114, 0.0828, 0.1548, 0.4455, 0.2892, -0.3078
0.0109, 0.0828, 0.1548, 0.4455, 0.2888, -0.3062
0.0101, 0.0824, 0.1543, 0.4443, 0.2879, -0.3037
0.0095, 0.0812, 0.1526, 0.4402, 0.2862, -0.3011
0.0091, 0.0801, 0.1508, 0.4355, 0.2846, -0.2992
0.0085, 0.0796, 0.1499, 0.4334, 0.2836, -0.2969
0.0074, 0.0793, 0.1496, 0.4328, 0.2826, -0.2937
0.0065, 0.0793, 0.1498, 0.4335, 0.2821, -0.2911
0.0062, 0.0799, 0.1509, 0.4363, 0.2827, -0.2906
0.0063, 0.0808, 0.1523, 0.4398, 0.2840, -0.2914
0.0066, 0.0818, 0.1536, 0.4430, 0.2853, -0.2929
0.0069, 0.0825, 0.1546, 0.4455, 0.2864, -0.2941
0.0061, 0.0830, 0.1558, 0.4486, 0.2868, -0.2922
0.0046, 0.0835, 0.1575, 0.4535, 0.2869, -0.2880
0.0031, 0.0842, 0.1598, 0.4597, 0.2874, -0.2843
0.0019, 0.0851, 0.1623, 0.4663, 0.2883, -0.2813
0.0009, 0.0857, 0.1640, 0.4708, 0.2888, -0.2788
0.0001, 0.0856, 0.1644, 0.4721, 0.2885, -0.2763
-0.0005, 0.0853, 0.1644, 0.4723, 0.2879, -0.2743
-0.0005, 0.0852, 0.1646, 0.4728, 0.2879, -0.2742
0.0000, 0.0852, 0.1649, 0.4735, 0.2885, -0.2759
0.0008, 0.0850, 0.1644, 0.4721, 0.2886, -0.2779
0.0018, 0.0842, 0.1627, 0.4677, 0.2879, -0.2801
0.0025, 0.0834, 0.1608, 0.4627, 0.2868, -0.2816
0.0028, 0.0832, 0.1599, 0.4604, 0.2861, -0.2820
0.0035, 0.0835, 0.1597, 0.4597, 0.2864, -0.2842
0.0046, 0.0834, 0.1586, 0.4566, 0.2863, -0.2875
0.0053, 0.0827, 0.1567, 0.4517, 0.2853, -0.2890
0.0053, 0.0821, 0.1554, 0.4483, 0.2841, -0.2886
0.0051, 0.0815, 0.1542, 0.4454, 0.2829, -0.2877
0.0051, 0.0806, 0.1527, 0.4416, 0.2815, -0.2869
0.0047, 0.0798, 0.1513, 0.4383, 0.2802, -0.2855
0.0039, 0.0796, 0.1513, 0.4382, 0.2794, -0.2832
0.0033, 0.0801, 0.1523, 0.4410, 0.2798, -0.2821
0.0031, 0.0808, 0.1534, 0.4438, 0.2805, -0.2822
0.0034, 0.0815, 0.1540, 0.4453, 0.2813, -0.2836
0.0041, 0.0818, 0.1538, 0.4446, 0.2818, -0.2860
0.0046, 0.0812, 0.1523, 0.4406, 0.2810, -0.2869
0.0045, 0.0802, 0.1503, 0.4357, 0.2794, -0.2859
0.0044, 0.0797, 0.1494, 0.4333, 0.2785, -0.2853
0.0044, 0.0797, 0.1493, 0.4332, 0.2784, -0.2853
0.0046, 0.0800, 0.1499, 0.4346, 0.2789, -0.2861
0.0052, 0.0808, 0.1510, 0.4372, 0.2801, -0.2883
0.0058, 0.0814, 0.1516, 0.4386, 0.2810, -0.2904
0.0059, 0.0817, 0.1520, 0.4396, 0.2814, -0.2908
0.0057, 0.0823, 0.1531, 0.4423, 0.2820, -0.2906
0.0058, 0.0829, 0.1543, 0.4452, 0.2829, -0.2914
0.0061, 0.0832, 0.1552, 0.4475, 0.2837, -0.2922
0.0061, 0.0837, 0.1565, 0.4508, 0.2846, -0.2925
0.0059, 0.0841, 0.1575, 0.4534, 0.2851, -0.2921
0.0056, 0.0838, 0.1573, 0.4530, 0.2846, -0.2908
0.0055, 0.0827, 0.1556, 0.4487, 0.2830, -0.2895
0.0057, 0.0807, 0.1524, 0.4404, 0.2806, -0.2886
0.0062, 0.0791, 0.1499, 0.4340, 0.2788, -0.2884
0.0066, 0.0789, 0.1498, 0.4338, 0.2790, -0.2895
0.0078, 0.0796, 0.1510, 0.4366, 0.2808, -0.2931
0.0094, 0.0802, 0.1518, 0.4385, 0.2827, -0.2981
0.0108, 0.0807, 0.1521, 0.4390, 0.2841, -0.3024
0.0115, 0.0808, 0.1521, 0.4388, 0.2846, -0.3043
0.0113, 0.0804, 0.1517, 0.4377, 0.2842, -0.3037
0.0108, 0.0798, 0.1509, 0.4359, 0.2831, -0.3017
0.0097, 0.0791, 0.1499, 0.4335, 0.2816, -0.2984
0.0087, 0.0783, 0.1487, 0.4306, 0.2799, -0.2951
0.0082, 0.0778, 0.1475, 0.4277, 0.2787, -0.2933
0.0078, 0.0781, 0.1477, 0.4282, 0.2787, -0.2927
0.0077, 0.0788, 0.1485, 0.4303, 0.2793, -0.2929
0.0081, 0.0788, 0.1478, 0.4283, 0.2792, -0.2940
0.0087, 0.0782, 0.1463, 0.4244, 0.2787, -0.2954
0.0085, 0.0779, 0.1455, 0.4224, 0.2781, -0.2948
0.0076, 0.0775, 0.1450, 0.4213, 0.2770, -0.2919
0.0060, 0.0770, 0.1446, 0.4207, 0.2756, -0.2872
0.0047, 0.0765, 0.1440, 0.4195, 0.2741, -0.2830
0.0045, 0.0760, 0.1429, 0.4168, 0.2731, -0.2819
0.0053, 0.0752, 0.1414, 0.4128, 0.2727, -0.2839
0.0069, 0.0744, 0.1394, 0.4074, 0.2723, -0.2876
0.0083, 0.0740, 0.1379, 0.4034, 0.2725, -0.2915
0.0096, 0.0745, 0.1382, 0.4040, 0.2737, -0.2954
0.0107, 0.0757, 0.1397, 0.4075, 0.2759, -0.2996
0.0114, 0.0767, 0.1409, 0.4101, 0.2774, -0.3022
0.0111, 0.0767, 0.1408, 0.4099, 0.2771, -0.3014
0.0105, 0.0762, 0.1403, 0.4090, 0.2763, -0.2991
0.0101, 0.0762, 0.1409, 0.4105, 0.2765, -0.2982
0.0104, 0.0772, 0.1429, 0.4156, 0.2783, -0.2998
0.0113, 0.0789, 0.1460, 0.4235, 0.2814, -0.3033
0.0120, 0.0803, 0.1489, 0.4308, 0.2842, -0.3063
0.0121, 0.0810, 0.1508, 0.4359, 0.2859, -0.3072
0.0116, 0.0817, 0.1527, 0.4409, 0.2870, -0.3064
0.0110, 0.0827, 0.1550, 0.4467, 0.2884, -0.3056
0.0107, 0.0833, 0.1563, 0.4504, 0.2892, -0.3053
0.0104, 0.0831, 0.1560, 0.4496, 0.2888, -0.3044
0.0098, 0.0824, 0.1550, 0.4471, 0.2876, -0.3023
0.0086, 0.0816, 0.1541, 0.4450, 0.2860, -0.2985
0.0074, 0.0811, 0.1533, 0.4431, 0.2843, -0.2946
0.0068, 0.0807, 0.1523, 0.4407, 0.2831, -0.2929
0.0071, 0.0799, 0.1504, 0.4357, 0.2819, -0.2933
0.0079, 0.0785, 0.1476, 0.4283, 0.2803, -0.2947
0.0086, 0.0770, 0.1447, 0.4208, 0.2786, -0.2959
0.0090, 0.0758, 0.1421, 0.4140, 0.2769, -0.2960
0.0092, 0.0747, 0.1400, 0.4084, 0.2754, -0.2958
0.0092, 0.0742, 0.1390, 0.4060, 0.2747, -0.2957
0.0086, 0.0744, 0.1398, 0.4081, 0.2748, -0.2942
0.0072, 0.0746, 0.1409, 0.4114, 0.2745, -0.2905
0.0055, 0.0746, 0.1418, 0.4138, 0.2739, -0.2859
0.0038, 0.0747, 0.1426, 0.4162, 0.2732, -0.2813
0.0026, 0.0749, 0.1436, 0.4191, 0.2732, -0.2782
0.0018, 0.0755, 0.1450, 0.4228, 0.2736, -0.2764
0.0006, 0.0758, 0.1462, 0.4262, 0.2736, -0.2735
-0.0006, 0.0762, 0.1474, 0.4294, 0.2735, -0.2703
-0.0010, 0.0770, 0.1490, 0.4338, 0.2745, -0.2699
-0.0004, 0.0780, 0.1504, 0.4371, 0.2760, -0.2726
0.0003, 0.0782, 0.1504, 0.4371, 0.2766, -0.2749
0.0005, 0.0784, 0.1503, 0.4367, 0.2767, -0.2757
0.0006, 0.0792, 0.1514, 0.4393, 0.2775, -0.2766
0.0007, 0.0799, 0.1525, 0.4423, 0.2784, -0.2775
0.0004, 0.0797, 0.1525, 0.4425, 0.2781, -0.2766
0.0001, 0.0792, 0.1518, 0.4409, 0.2771, -0.2755
0.0006, 0.0789, 0.1512, 0.4392, 0.2768, -0.2764
0.0017, 0.0788, 0.1509, 0.4383, 0.2772, -0.2795
0.0031, 0.0790, 0.1508, 0.4379, 0.2781, -0.2835
0.0047, 0.0794, 0.1514, 0.4393, 0.2796, -0.2881
0.0058, 0.0804, 0.1529, 0.4431, 0.2817, -0.2921
0.0060, 0.0816, 0.1551, 0.4486, 0.2834, -0.2936
0.0054, 0.0829, 0.1575, 0.4549, 0.2848, -0.2927
0.0048, 0.0840, 0.1596, 0.4602, 0.2859, -0.2917
0.0045, 0.0848, 0.1611, 0.4643, 0.2869, -0.2914
0.0046, 0.0853, 0.1623, 0.4675, 0.2879, -0.2918
0.0047, 0.0850, 0.1622, 0.4672, 0.2879, -0.2918
0.0045, 0.0840, 0.1607, 0.4635, 0.2865, -0.2903
0.0043, 0.0833, 0.1593, 0.4600, 0.2853, -0.2891
0.0044, 0.0833, 0.1591, 0.4593, 0.2852, -0.2895
0.0046, 0.0837, 0.1596, 0.4607, 0.2857, -0.2900
0.0046, 0.0838, 0.1601, 0.4619, 0.2861, -0.2901
0.0049, 0.0838, 0.1603, 0.4627, 0.2866, -0.2909
0.0052, 0.0838, 0.1609, 0.4640, 0.2873, -0.2919
0.0055, 0.0836, 0.1607, 0.4635, 0.2874, -0.2925
0.0058, 0.0829, 0.1595, 0.4605, 0.2868, -0.2930
0.0058, 0.0823, 0.1585, 0.4578, 0.2860, -0.2926
0.0055, 0.0820, 0.1579, 0.4561, 0.2853, -0.2917
0.0056, 0.0819, 0.1573, 0.4544, 0.2849, -0.2920
0.0056, 0.0820, 0.1567, 0.4529, 0.2845, -0.2922
0.0048, 0.0818, 0.1561, 0.4514, 0.2834, -0.2898
0.0034, 0.0814, 0.1554, 0.4496, 0.2817, -0.2856
0.0020, 0.0809, 0.1545, 0.4474, 0.2799, -0.2816
0.0010, 0.0803, 0.1534, 0.4447, 0.2782, -0.2782
0.0003, 0.0798, 0.1527, 0.4432, 0.2772, -0.2759
0.0002, 0.0795, 0.1523, 0.4420, 0.2768, -0.2755
0.0011, 0.0793, 0.1516, 0.4401, 0.2770, -0.2779
0.0028, 0.0796, 0.1513, 0.4390, 0.2782, -0.2831
0.0046, 0.0799, 0.1510, 0.4376, 0.2793, -0.2887
0.0064, 0.0798, 0.1500, 0.4348, 0.2800, -0.2936
0.0078, 0.0795, 0.1490, 0.4320, 0.2803, -0.2975
0.0084, 0.0796, 0.1489, 0.4316, 0.2808, -0.2995
0.0083, 0.0802, 0.1499, 0.4342, 0.2815, -0.2996
0.0079, 0.0808, 0.1509, 0.4370, 0.2821, -0.2991
0.0075, 0.0809, 0.1512, 0.4378, 0.2821, -0.2983
0.0070, 0.0812, 0.1518, 0.4395, 0.2823, -0.2973
0.0067, 0.0820, 0.1531, 0.4427, 0.2831, -0.2972
0.0072, 0.0824, 0.1532, 0.4428, 0.2837, -0.2991
0.0086, 0.0825, 0.1524, 0.4404, 0.2843, -0.3032
0.0101, 0.0827, 0.1514, 0.4374, 0.2847, -0.3076
0.0111, 0.0826, 0.1503, 0.4345, 0.2847, -0.3104
0.0113, 0.0828, 0.1505, 0.4348, 0.2849, -0.3113
0.0109, 0.0832, 0.1515, 0.4375, 0.2854, -0.3107
0.0103, 0.0833, 0.1525, 0.4402, 0.2856, -0.3091
0.0094, 0.0834, 0.1537, 0.4436, 0.2858, -0.3066
0.0085, 0.0834, 0.1547, 0.4463, 0.2857, -0.3042
0.0081, 0.0826, 0.1541, 0.4451, 0.2849, -0.3027
0.0082, 0.0816, 0.1528, 0.4419, 0.2840, -0.3024
0.0083, 0.0814, 0.1529, 0.4420, 0.2840, -0.3025
0.0077, 0.0823, 0.1552, 0.4481, 0.2854, -0.3017
0.0067, 0.0837, 0.1587, 0.4574, 0.2873, -0.2998
0.0057, 0.0844, 0.1611, 0.4637, 0.2883, -0.2973
0.0050, 0.0841, 0.1611, 0.4639, 0.2877, -0.2951
0.0048, 0.0833, 0.1599, 0.4610, 0.2867, -0.2939
0.0047, 0.0829, 0.1594, 0.4597, 0.2864, -0.2934
0.0044, 0.0833, 0.1603, 0.4620, 0.2868, -0.2928
0.0042, 0.0840, 0.1611, 0.4640, 0.2873, -0.2925
0.0043, 0.0836, 0.1598, 0.4605, 0.2864, -0.2924
0.0042, 0.0819, 0.1560, 0.4507, 0.2835, -0.2909
0.0038, 0.0797, 0.1514, 0.4391, 0.2798, -0.2881
0.0033, 0.0782, 0.1483, 0.4312, 0.2771, -0.2855
0.0029, 0.0774, 0.1463, 0.4261, 0.2754, -0.2839
0.0031, 0.0766, 0.1443, 0.4209, 0.2740, -0.2838
0.0032, 0.0759, 0.1425, 0.4161, 0.2728, -0.2837
0.0027, 0.0755, 0.1418, 0.4144, 0.2719, -0.2818
0.0015, 0.0754, 0.1422, 0.4156, 0.2713, -0.2786
0.0008, 0.0756, 0.1430, 0.4176, 0.2714, -0.2768
0.0009, 0.0761, 0.1440, 0.4203, 0.2722, -0.2774
0.0011, 0.0767, 0.1452, 0.4232, 0.2733, -0.2785
0.0016, 0.0773, 0.1463, 0.4259, 0.2746, -0.2802
0.0022, 0.0780, 0.1477, 0.4292, 0.2762, -0.2826
0.0026, 0.0786, 0.1491, 0.4328, 0.2776, -0.2843
0.0028, 0.0791, 0.1502, 0.4356, 0.2787, -0.2853
0.0031, 0.0796, 0.1511, 0.4377, 0.2795, -0.2863
0.0030, 0.0799, 0.1516, 0.4390, 0.2798, -0.2863
0.0027, 0.0797, 0.1516, 0.4388, 0.2793, -0.2849
0.0025, 0.0794, 0.1509, 0.4371, 0.2786, -0.2842
0.0027, 0.0791, 0.1501, 0.4347, 0.2781, -0.2846
0.0027, 0.0785, 0.1491, 0.4321, 0.2772, -0.2841
0.0023, 0.0778, 0.1483, 0.4301, 0.2761, -0.2823
0.0016, 0.0771, 0.1476, 0.4285, 0.2750, -0.2801
0.0014, 0.0768, 0.1471, 0.4273, 0.2744, -0.2792
0.0020, 0.0771, 0.1473, 0.4275, 0.2749, -0.2810
0.0032, 0.0774, 0.1471, 0.4268, 0.2757, -0.2847
0.0045, 0.0774, 0.1464, 0.4246, 0.2761, -0.2883
0.0053, 0.0779, 0.1465, 0.4246, 0.2768, -0.2909
0.0053, 0.0788, 0.1477, 0.4277, 0.2778, -0.2917
0.0049, 0.0796, 0.1492, 0.4317, 0.2787, -0.2910
0.0048, 0.0801, 0.1503, 0.4344, 0.2795, -0.2911
0.0053, 0.0808, 0.1514, 0.4372, 0.2808, -0.2932
0.0060, 0.0817, 0.1526, 0.4401, 0.2824, -0.2959
0.0068, 0.0821, 0.1528, 0.4403, 0.2832, -0.2983
0.0076, 0.0823, 0.1525, 0.4395, 0.2837, -0.3007
0.0082, 0.0825, 0.1521, 0.4384, 0.2839, -0.3024
0.0080, 0.0820, 0.1510, 0.4355, 0.2829, -0.3016
0.0075, 0.0808, 0.1487, 0.4297, 0.2808, -0.2993
0.0078, 0.0791, 0.1449, 0.4199, 0.2782, -0.2987
0.0084, 0.0772, 0.1405, 0.4086, 0.2754, -0.2990
0.0088, 0.0752, 0.1363, 0.3978, 0.2725, -0.2986
0.0088, 0.0733, 0.1328, 0.3887, 0.2697, -0.2972
0.0080, 0.0721, 0.1311, 0.3847, 0.2677, -0.2937
0.0070, 0.0716, 0.1311, 0.3849, 0.2666, -0.2903
0.0066, 0.0715, 0.1318, 0.3870, 0.2666, -0.2889
0.0062, 0.0717, 0.1333, 0.3912, 0.2672, -0.2879
0.0053, 0.0723, 0.1354, 0.3969, 0.2679, -0.2854
0.0043, 0.0730, 0.1373, 0.4021, 0.2684, -0.2829
0.0037, 0.0738, 0.1390, 0.4065, 0.2692, -0.2817
0.0036, 0.0745, 0.1401, 0.4093, 0.2699, -0.2817
0.0045, 0.0745, 0.1393, 0.4071, 0.2699, -0.2841
0.0061, 0.0738, 0.1373, 0.4017, 0.2695, -0.2880
0.0078, 0.0737, 0.1361, 0.3985, 0.2699, -0.2924
0.0093, 0.0741, 0.1359, 0.3975, 0.2709, -0.2970
0.0103, 0.0744, 0.1357, 0.3968, 0.2715, -0.2999
0.0105, 0.0746, 0.1356, 0.3963, 0.2714, -0.3005
0.0104, 0.0748, 0.1356, 0.3961, 0.2713, -0.3002
0.0101, 0.0750, 0.1360, 0.3973, 0.2713, -0.2992
0.0095, 0.0748, 0.1363, 0.3981, 0.2710, -0.2973
0.0093, 0.0739, 0.1354, 0.3958, 0.2701, -0.2959
0.0093, 0.0731, 0.1344, 0.3933, 0.2692, -0.2951
0.0089, 0.0728, 0.1348, 0.3944, 0.2691, -0.2937
0.0081, 0.0733, 0.1365, 0.3991, 0.2697, -0.2916
0.0070, 0.0744, 0.1392, 0.4060, 0.2709, -0.2893
0.0057, 0.0755, 0.1421, 0.4140, 0.2721, -0.2863
0.0046, 0.0766, 0.1451, 0.4218, 0.2735, -0.2839
0.0039, 0.0784, 0.1489, 0.4317, 0.2760, -0.2834
0.0034, 0.0810, 0.1537, 0.4440, 0.2793, -0.2840
0.0029, 0.0833, 0.1581, 0.4554, 0.2824, -0.2844
0.0022, 0.0846, 0.1611, 0.4632, 0.2842, -0.2835
0.0013, 0.0848, 0.1623, 0.4665, 0.2844, -0.2810
0.0005, 0.0842, 0.1620, 0.4661, 0.2835, -0.2783
0.0001, 0.0832, 0.1609, 0.4635, 0.2824, -0.2765
-0.0003, 0.0827, 0.1603, 0.4622, 0.2817, -0.2752
-0.0007, 0.0825, 0.1603, 0.4623, 0.2815, -0.2742
-0.0007, 0.0821, 0.1598, 0.4611, 0.2812, -0.2741
-0.0002, 0.0819, 0.1593, 0.4596, 0.2812, -0.2755
-0.0001, 0.0821, 0.1592, 0.4595, 0.2813, -0.2761
-0.0006, 0.0819, 0.1587, 0.4582, 0.2806, -0.2744
-0.0009, 0.0811, 0.1576, 0.4554, 0.2795, -0.2729
-0.0006, 0.0806, 0.1566, 0.4530, 0.2791, -0.2731
-0.0002, 0.0804, 0.1560, 0.4512, 0.2792, -0.2742
0.0000, 0.0806, 0.1560, 0.4512, 0.2796, -0.2747
0.0002, 0.0810, 0.1563, 0.4519, 0.2802, -0.2753
0.0010, 0.0814, 0.1564, 0.4520, 0.2810, -0.2775
0.0020, 0.0819, 0.1568, 0.4526, 0.2823, -0.2806
0.0028, 0.0823, 0.1570, 0.4529, 0.2832, -0.2827
0.0029, 0.0818, 0.1561, 0.4506, 0.2828, -0.2826
0.0025, 0.0812, 0.1552, 0.4483, 0.2819, -0.2807
0.0020, 0.0813, 0.1554, 0.4487, 0.2818, -0.2792
0.0019, 0.0814, 0.1557, 0.4494, 0.2821, -0.2790
0.0022, 0.0810, 0.1548, 0.4472, 0.2818, -0.2792
0.0025, 0.0799, 0.1528, 0.4419, 0.2806, -0.2795
0.0030, 0.0789, 0.1505, 0.4359, 0.2793, -0.2799
0.0034, 0.0776, 0.1477, 0.4287, 0.2775, -0.2800
0.0035, 0.0761, 0.1445, 0.4202, 0.2751, -0.2789
0.0035, 0.0752, 0.1420, 0.4138, 0.2734, -0.2783
0.0040, 0.0752, 0.1412, 0.4115, 0.2733, -0.2797
0.0048, 0.0754, 0.1406, 0.4097, 0.2735, -0.2821
0.0056, 0.0748, 0.1392, 0.4062, 0.2732, -0.2840
0.0062, 0.0745, 0.1386, 0.4045, 0.2732, -0.2854
0.0067, 0.0749, 0.1394, 0.4067, 0.2742, -0.2872
0.0079, 0.0759, 0.1412, 0.4112, 0.2764, -0.2913
0.0096, 0.0768, 0.1430, 0.4155, 0.2790, -0.2967
0.0111, 0.0772, 0.1434, 0.4167, 0.2804, -0.3014
0.0123, 0.0772, 0.1433, 0.4162, 0.2811, -0.3046
0.0129, 0.0775, 0.1438, 0.4174, 0.2817, -0.3065
0.0128, 0.0776, 0.1442, 0.4184, 0.2818, -0.3061
0.0121, 0.0773, 0.1442, 0.4187, 0.2810, -0.3037
0.0109, 0.0773, 0.1451, 0.4214, 0.2805, -0.3003
0.0094, 0.0783, 0.1474, 0.4275, 0.2808, -0.2966
0.0080, 0.0792, 0.1495, 0.4331, 0.2812, -0.2933
0.0070, 0.0796, 0.1506, 0.4360, 0.2811, -0.2907
0.0063, 0.0798, 0.1512, 0.4377, 0.2810, -0.2888
0.0059, 0.0803, 0.1521, 0.4400, 0.2813, -0.2880
0.0060, 0.0814, 0.1541, 0.4451, 0.2828, -0.2888
0.0059, 0.0834, 0.1575, 0.4536, 0.2852, -0.2899
0.0055, 0.0854, 0.1608, 0.4620, 0.2873, -0.2901
0.0047, 0.0866, 0.1629, 0.4675, 0.2883, -0.2887
0.0037, 0.0870, 0.1638, 0.4700, 0.2881, -0.2860
0.0028, 0.0869, 0.1639, 0.4702, 0.2875, -0.2835
0.0024, 0.0865, 0.1637, 0.4699, 0.2870, -0.2819
0.0019, 0.0863, 0.1637, 0.4700, 0.2865, -0.2800
0.0013, 0.0856, 0.1628, 0.4677, 0.2853, -0.2778
0.0012, 0.0840, 0.1601, 0.4610, 0.2831, -0.2764
0.0017, 0.0821, 0.1567, 0.4520, 0.2808, -0.2763
0.0027, 0.0805, 0.1536, 0.4441, 0.2793, -0.2782
0.0038, 0.0798, 0.1517, 0.4389, 0.2787, -0.2807
0.0043, 0.0795, 0.1507, 0.4363, 0.2783, -0.2818
0.0046, 0.0794, 0.1500, 0.4346, 0.2780, -0.2826
0.0052, 0.0792, 0.1492, 0.4323, 0.2777, -0.2842
0.0062, 0.0793, 0.1484, 0.4300, 0.2777, -0.2871
0.0072, 0.0793, 0.1477, 0.4281, 0.2778, -0.2899
0.0075, 0.0789, 0.1470, 0.4264, 0.2772, -0.2903
0.0072, 0.0786, 0.1470, 0.4266, 0.2768, -0.2891
0.0068, 0.0793, 0.1485, 0.4306, 0.2774, -0.2885
0.0066, 0.0803, 0.1504, 0.4355, 0.2785, -0.2884
0.0063, 0.0811, 0.1518, 0.4393, 0.2792, -0.2881
0.0061, 0.0818, 0.1532, 0.4429, 0.2800, -0.2881
0.0059, 0.0823, 0.1543, 0.4459, 0.2804, -0.2876
0.0053, 0.0826, 0.1550, 0.4476, 0.2803, -0.2861
0.0051, 0.0829, 0.1552, 0.4483, 0.2803, -0.2855
0.0052, 0.0828, 0.1547, 0.4469, 0.2800, -0.2856
0.0052, 0.0823, 0.1536, 0.4441, 0.2792, -0.2854
0.0050, 0.0821, 0.1530, 0.4423, 0.2786, -0.2848
0.0050, 0.0823, 0.1531, 0.4427, 0.2787, -0.2848
0.0052, 0.0823, 0.1533, 0.4431, 0.2790, -0.2856
0.0054, 0.0820, 0.1527, 0.4416, 0.2788, -0.2861
0.0052, 0.0815, 0.1517, 0.4390, 0.2780, -0.2853
0.0045, 0.0811, 0.1509, 0.4370, 0.2769, -0.2829
0.0039, 0.0809, 0.1504, 0.4359, 0.2761, -0.2811
0.0039, 0.0810, 0.1504, 0.4360, 0.2762, -0.2813
0.0039, 0.0811, 0.1508, 0.4371, 0.2765, -0.2814
0.0037, 0.0811, 0.1514, 0.4387, 0.2769, -0.2810
0.0041, 0.0813, 0.1521, 0.4405, 0.2777, -0.2824
0.0052, 0.0818, 0.1531, 0.4430, 0.2794, -0.2859
0.0065, 0.0827, 0.1546, 0.4468, 0.2817, -0.2903
0.0078, 0.0835, 0.1560, 0.4501, 0.2840, -0.2948
0.0088, 0.0841, 0.1570, 0.4525, 0.2857, -0.2980
0.0087, 0.0841, 0.1573, 0.4533, 0.2860, -0.2983
0.0083, 0.0832, 0.1560, 0.4500, 0.2849, -0.2968
0.0080, 0.0822, 0.1543, 0.4457, 0.2835, -0.2953
0.0074, 0.0819, 0.1538, 0.4445, 0.2828, -0.2935
0.0068, 0.0820, 0.1542, 0.4455, 0.2828, -0.2921
0.0065, 0.0819, 0.1541, 0.4453, 0.2826, -0.2913
0.0062, 0.0814, 0.1533, 0.4432, 0.2819, -0.2905
0.0061, 0.0809, 0.1521, 0.4401, 0.2811, -0.2900
0.0062, 0.0800, 0.1499, 0.4344, 0.2798, -0.2898
0.0065, 0.0786, 0.1469, 0.4265, 0.2779, -0.2898
0.0066, 0.0778, 0.1449, 0.4213, 0.2766, -0.2895
0.0060, 0.0779, 0.1450, 0.4216, 0.2762, -0.2879
0.0053, 0.0785, 0.1462, 0.4247, 0.2766, -0.2862
0.0047, 0.0793, 0.1476, 0.4284, 0.2774, -0.2853
0.0040, 0.0800, 0.1490, 0.4321, 0.2779, -0.2836
0.0030, 0.0803, 0.1499, 0.4347, 0.2778, -0.2810
0.0024, 0.0804, 0.1505, 0.4362, 0.2777, -0.2792
0.0022, 0.0805, 0.1506, 0.4366, 0.2777, -0.2786
0.0020, 0.0803, 0.1503, 0.4358, 0.2772, -0.2778
0.0019, 0.0799, 0.1493, 0.4333, 0.2763, -0.2769
0.0020, 0.0794, 0.1482, 0.4306, 0.2756, -0.2768
0.0020, 0.0789, 0.1474, 0.4285, 0.2749, -0.2762
0.0018, 0.0782, 0.1463, 0.4258, 0.2738, -0.2748
0.0015, 0.0779, 0.1461, 0.4254, 0.2734, -0.2735
0.0007, 0.0786, 0.1480, 0.4307, 0.2743, -0.2716
0.0001, 0.0796, 0.1507, 0.4378, 0.2758, -0.2705
0.0003, 0.0804, 0.1523, 0.4419, 0.2771, -0.2714
0.0012, 0.0810, 0.1532, 0.4440, 0.2784, -0.2745
0.0028, 0.0818, 0.1541, 0.4461, 0.2803, -0.2794
0.0048, 0.0823, 0.1541, 0.4456, 0.2818, -0.2853
0.0068, 0.0824, 0.1534, 0.4434, 0.2828, -0.2908
0.0083, 0.0825, 0.1529, 0.4419, 0.2836, -0.2950
0.0096, 0.0827, 0.1527, 0.4411, 0.2845, -0.2988
0.0109, 0.0828, 0.1521, 0.4393, 0.2851, -0.3023
0.0113, 0.0823, 0.1511, 0.4367, 0.2847, -0.3031
0.0105, 0.0819, 0.1509, 0.4364, 0.2839, -0.3005
0.0091, 0.0821, 0.1520, 0.4396, 0.2837, -0.2965
0.0079, 0.0825, 0.1535, 0.4437, 0.2840, -0.2935
0.0076, 0.0825, 0.1539, 0.4448, 0.2840, -0.2924
0.0076, 0.0819, 0.1527, 0.4418, 0.2831, -0.2916
0.0076, 0.0808, 0.1504, 0.4357, 0.2813, -0.2908
0.0081, 0.0793, 0.1474, 0.4279, 0.2793, -0.2908
0.0084, 0.0777, 0.1445, 0.4206, 0.2773, -0.2902
0.0080, 0.0770, 0.1439, 0.4193, 0.2764, -0.2881
0.0068, 0.0780, 0.1462, 0.4254, 0.2772, -0.2852
0.0055, 0.0795, 0.1493, 0.4335, 0.2786, -0.2822
0.0044, 0.0810, 0.1522, 0.4410, 0.2801, -0.2800
0.0043, 0.0826, 0.1551, 0.4484, 0.2824, -0.2805
0.0052, 0.0844, 0.1578, 0.4550, 0.2853, -0.2842
0.0062, 0.0855, 0.1593, 0.4586, 0.2874, -0.2877
0.0066, 0.0857, 0.1595, 0.4591, 0.2879, -0.2886
0.0064, 0.0853, 0.1593, 0.4587, 0.2878, -0.2877
0.0064, 0.0850, 0.1592, 0.4584, 0.2877, -0.2870
0.0067, 0.0846, 0.1589, 0.4577, 0.2878, -0.2875
0.0076, 0.0841, 0.1579, 0.4550, 0.2878, -0.2896
0.0090, 0.0833, 0.1563, 0.4507, 0.2877, -0.2929
0.0099, 0.0825, 0.1546, 0.4463, 0.2872, -0.2949
0.0102, 0.0809, 0.1519, 0.4393, 0.2854, -0.2945
0.0099, 0.0787, 0.1483, 0.4302, 0.2823, -0.2921
0.0089, 0.0771, 0.1456, 0.4236, 0.2796, -0.2882
0.0077, 0.0767, 0.1448, 0.4216, 0.2782, -0.2847
0.0070, 0.0774, 0.1458, 0.4242, 0.2785, -0.2831
0.0063, 0.0784, 0.1478, 0.4296, 0.2797, -0.2818
0.0053, 0.0791, 0.1495, 0.4341, 0.2803, -0.2797
0.0044, 0.0795, 0.1505, 0.4368, 0.2805, -0.2776
0.0037, 0.0796, 0.1511, 0.4383, 0.2804, -0.2756
0.0028, 0.0793, 0.1509, 0.4381, 0.2797, -0.2730
0.0021, 0.0782, 0.1492, 0.4337, 0.2778, -0.2702
0.0018, 0.0764, 0.1460, 0.4255, 0.2750, -0.2683
0.0021, 0.0745, 0.1422, 0.4157, 0.2723, -0.2680
0.0030, 0.0729, 0.1387, 0.4066, 0.2702, -0.2695
0.0042, 0.0723, 0.1367, 0.4012, 0.2695, -0.2726
0.0055, 0.0730, 0.1368, 0.4012, 0.2706, -0.2770
0.0068, 0.0746, 0.1383, 0.4046, 0.2729, -0.2823
0.0081, 0.0758, 0.1392, 0.4065, 0.2746, -0.2869
0.0086, 0.0764, 0.1391, 0.4059, 0.2750, -0.2891
0.0087, 0.0763, 0.1385, 0.4044, 0.2747, -0.2894
0.0090, 0.0764, 0.1384, 0.4041, 0.2749, -0.2904
0.0091, 0.0771, 0.1397, 0.4073, 0.2759, -0.2912
0.0086, 0.0780, 0.1415, 0.4120, 0.2769, -0.2903
0.0080, 0.0785, 0.1429, 0.4156, 0.2774, -0.2890
0.0076, 0.0790, 0.1439, 0.4182, 0.2779, -0.2882
0.0074, 0.0790, 0.1445, 0.4197, 0.2781, -0.2875
0.0069, 0.0788, 0.1447, 0.4205, 0.2778, -0.2858
0.0062, 0.0787, 0.1454, 0.4224, 0.2777, -0.2838
0.0059, 0.0788, 0.1463, 0.4249, 0.2781, -0.2831
0.0061, 0.0787, 0.1468, 0.4263, 0.2785, -0.2835
0.0061, 0.0786, 0.1474, 0.4280, 0.2789, -0.2834
0.0057, 0.0788, 0.1481, 0.4300, 0.2792, -0.2827
0.0058, 0.0786, 0.1479, 0.4294, 0.2792, -0.2829
0.0063, 0.0778, 0.1463, 0.4252, 0.2783, -0.2838
0.0067, 0.0767, 0.1440, 0.4194, 0.2769, -0.2843
0.0070, 0.0764, 0.1431, 0.4169, 0.2765, -0.2852
0.0074, 0.0771, 0.1440, 0.4192, 0.2775, -0.2870
0.0075, 0.0782, 0.1461, 0.4244, 0.2791, -0.2883
0.0073, 0.0793, 0.1481, 0.4295, 0.2804, -0.2884
0.0072, 0.0796, 0.1489, 0.4318, 0.2809, -0.2887
0.0084, 0.0792, 0.1479, 0.4291, 0.2810, -0.2917
0.0099, 0.0783, 0.1456, 0.4231, 0.2805, -0.2955
0.0103, 0.0779, 0.1445, 0.4201, 0.2799, -0.2963
0.0099, 0.0787, 0.1457, 0.4232, 0.2806, -0.2959
0.0097, 0.0799, 0.1478, 0.4286, 0.2821, -0.2963
0.0096, 0.0808, 0.1495, 0.4331, 0.2833, -0.2965
0.0091, 0.0811, 0.1507, 0.4362, 0.2836, -0.2950
0.0086, 0.0812, 0.1514, 0.4383, 0.2838, -0.2939
0.0093, 0.0818, 0.1522, 0.4403, 0.2849, -0.2962
0.0104, 0.0825, 0.1531, 0.4422, 0.2865, -0.3001
0.0111, 0.0827, 0.1532, 0.4423, 0.2870, -0.3023
0.0112, 0.0822, 0.1522, 0.4397, 0.2864, -0.3024
0.0111, 0.0818, 0.1512, 0.4371, 0.2855, -0.3017
0.0108, 0.0817, 0.1509, 0.4363, 0.2850, -0.3008
0.0105, 0.0813, 0.1502, 0.4347, 0.2843, -0.2997
0.0101, 0.0809, 0.1493, 0.4323, 0.2834, -0.2984
0.0099, 0.0805, 0.1484, 0.4300, 0.2825, -0.2975
0.0098, 0.0793, 0.1464, 0.4249, 0.2809, -0.2963
0.0094, 0.0776, 0.1439, 0.4186, 0.2786, -0.2938
0.0088, 0.0764, 0.1427, 0.4159, 0.2772, -0.2912
0.0084, 0.0762, 0.1432, 0.4172, 0.2772, -0.2897
0.0078, 0.0768, 0.1453, 0.4229, 0.2783, -0.2886
0.0068, 0.0782, 0.1486, 0.4316, 0.2801, -0.2868
0.0057, 0.0793, 0.1510, 0.4380, 0.2811, -0.2847
0.0051, 0.0801, 0.1525, 0.4420, 0.2819, -0.2835
0.0053, 0.0808, 0.1535, 0.4443, 0.2829, -0.2847
0.0061, 0.0810, 0.1532, 0.4434, 0.2833, -0.2871
0.0063, 0.0802, 0.1515, 0.4388, 0.2821, -0.2872
0.0063, 0.0786, 0.1488, 0.4321, 0.2800, -0.2859
0.0067, 0.0774, 0.1464, 0.4259, 0.2785, -0.2864
0.0069, 0.0767, 0.1451, 0.4226, 0.2776, -0.2865
0.0061, 0.0764, 0.1449, 0.4222, 0.2769, -0.2843
0.0048, 0.0764, 0.1452, 0.4232, 0.2762, -0.2809
0.0037, 0.0763, 0.1453, 0.4236, 0.2755, -0.2777
0.0031, 0.0763, 0.1456, 0.4243, 0.2753, -0.2762
0.0031, 0.0767, 0.1463, 0.4262, 0.2759, -0.2765
0.0032, 0.0771, 0.1469, 0.4277, 0.2765, -0.2773
0.0032, 0.0771, 0.1470, 0.4279, 0.2764, -0.2773
0.0033, 0.0767, 0.1464, 0.4265, 0.2760, -0.2773
0.0035, 0.0765, 0.1462, 0.4259, 0.2760, -0.2779
0.0033, 0.0771, 0.1474, 0.4289, 0.2768, -0.2778
0.0027, 0.0781, 0.1491, 0.4333, 0.2776, -0.2767
0.0020, 0.0784, 0.1496, 0.4347, 0.2775, -0.2750
0.0014, 0.0778, 0.1487, 0.4327, 0.2764, -0.2728
0.0010, 0.0770, 0.1474, 0.4294, 0.2751, -0.2711
0.0014, 0.0759, 0.1455, 0.4243, 0.2739, -0.2717
0.0029, 0.0745, 0.1426, 0.4168, 0.2728, -0.2747
0.0042, 0.0733, 0.1401, 0.4102, 0.2719, -0.2776
0.0049, 0.0728, 0.1389, 0.4070, 0.2715, -0.2792
0.0054, 0.0728, 0.1384, 0.4057, 0.2715, -0.2806
0.0059, 0.0731, 0.1383, 0.4055, 0.2718, -0.2821
0.0060, 0.0734, 0.1386, 0.4061, 0.2721, -0.2827
0.0059, 0.0737, 0.1388, 0.4067, 0.2722, -0.2827
0.0059, 0.0742, 0.1392, 0.4078, 0.2725, -0.2829
0.0058, 0.0750, 0.1406, 0.4112, 0.2735, -0.2835
0.0058, 0.0763, 0.1428, 0.4170, 0.2751, -0.2842
0.0057, 0.0775, 0.1451, 0.4230, 0.2768, -0.2851
0.0059, 0.0782, 0.1467, 0.4270, 0.2779, -0.2862
0.0063, 0.0785, 0.1475, 0.4291, 0.2787, -0.2876
0.0068, 0.0793, 0.1489, 0.4328, 0.2801, -0.2896
0.0072, 0.0807, 0.1513, 0.4386, 0.2822, -0.2919
0.0076, 0.0818, 0.1534, 0.4442, 0.2841, -0.2936
0.0074, 0.0826, 0.1554, 0.4494, 0.2854, -0.2936
0.0067, 0.0834, 0.1575, 0.4548, 0.2862, -0.2922
0.0059, 0.0843, 0.1599, 0.4613, 0.2873, -0.2907
0.0056, 0.0857, 0.1630, 0.4694, 0.2894, -0.2909
0.0060, 0.0869, 0.1657, 0.4763, 0.2916, -0.2926
0.0065, 0.0869, 0.1663, 0.4777, 0.2924, -0.2940
0.0067, 0.0860, 0.1651, 0.4746, 0.2916, -0.2939
0.0069, 0.0850, 0.1634, 0.4704, 0.2906, -0.2936
0.0075, 0.0840, 0.1617, 0.4660, 0.2897, -0.2944
0.0083, 0.0828, 0.1595, 0.4601, 0.2886, -0.2958
0.0091, 0.0814, 0.1566, 0.4524, 0.2870, -0.2969
0.0096, 0.0802, 0.1539, 0.4454, 0.2854, -0.2974
0.0099, 0.0791, 0.1513, 0.4386, 0.2838, -0.2975
0.0095, 0.0781, 0.1489, 0.4323, 0.2818, -0.2958
0.0089, 0.0773, 0.1468, 0.4267, 0.2799, -0.2934
0.0086, 0.0767, 0.1451, 0.4222, 0.2784, -0.2922
0.0085, 0.0767, 0.1446, 0.4209, 0.2779, -0.2917
0.0085, 0.0768, 0.1447, 0.4210, 0.2779, -0.2917
0.0085, 0.0763, 0.1437, 0.4185, 0.2771, -0.2913
0.0077, 0.0752, 0.1421, 0.4147, 0.2752, -0.2883
0.0058, 0.0747, 0.1417, 0.4139, 0.2734, -0.2828
0.0036, 0.0747, 0.1422, 0.4155, 0.2721, -0.2766
0.0021, 0.0746, 0.1426, 0.4167, 0.2711, -0.2722
0.0015, 0.0748, 0.1432, 0.4184, 0.2710, -0.2710
0.0018, 0.0757, 0.1445, 0.4216, 0.2721, -0.2722
0.0026, 0.0768, 0.1463, 0.4262, 0.2741, -0.2754
0.0039, 0.0779, 0.1482, 0.4309, 0.2765, -0.2799
0.0053, 0.0788, 0.1497, 0.4347, 0.2787, -0.2846
0.0065, 0.0799, 0.1514, 0.4387, 0.2810, -0.2888
0.0075, 0.0811, 0.1532, 0.4430, 0.2832, -0.2925
0.0080, 0.0819, 0.1549, 0.4473, 0.2848, -0.2944
0.0074, 0.0824, 0.1562, 0.4508, 0.2854, -0.2932
0.0066, 0.0826, 0.1566, 0.4520, 0.2851, -0.2909
0.0059, 0.0825, 0.1564, 0.4514, 0.2845, -0.2887
0.0054, 0.0820, 0.1554, 0.4488, 0.2834, -0.2867
0.0055, 0.0809, 0.1531, 0.4427, 0.2817, -0.2860
0.0063, 0.0793, 0.1497, 0.4338, 0.2798, -0.2869
0.0072, 0.0778, 0.1465, 0.4256, 0.2781, -0.2880
0.0075, 0.0766, 0.1442, 0.4194, 0.2766, -0.2881
0.0075, 0.0753, 0.1418, 0.4133, 0.2748, -0.2869
0.0075, 0.0743, 0.1398, 0.4081, 0.2734, -0.2862
0.0074, 0.0738, 0.1386, 0.4050, 0.2724, -0.2855
0.0069, 0.0731, 0.1370, 0.4009, 0.2709, -0.2836
0.0067, 0.0717, 0.1339, 0.3930, 0.2683, -0.2821
0.0071, 0.0708, 0.1312, 0.3859, 0.2666, -0.2827
0.0076, 0.0710, 0.1309, 0.3848, 0.2667, -0.2842
0.0077, 0.0721, 0.1326, 0.3892, 0.2681, -0.2853
0.0079, 0.0734, 0.1348, 0.3945, 0.2699, -0.2868
0.0082, 0.0741, 0.1360, 0.3975, 0.2710, -0.2883
0.0082, 0.0740, 0.1365, 0.3987, 0.2713, -0.2882
0.0079, 0.0739, 0.1370, 0.4003, 0.2715, -0.2875
0.0077, 0.0742, 0.1383, 0.4036, 0.2722, -0.2871
0.0076, 0.0754, 0.1406, 0.4095, 0.2739, -0.2877
0.0076, 0.0775, 0.1441, 0.4186, 0.2767, -0.2893
0.0074, 0.0795, 0.1474, 0.4268, 0.2792, -0.2903
0.0070, 0.0801, 0.1485, 0.4298, 0.2798, -0.2898
0.0070, 0.0798, 0.1479, 0.4280, 0.2793, -0.2896
0.0076, 0.0792, 0.1464, 0.4241, 0.2787, -0.2910
0.0080, 0.0786, 0.1453, 0.4212, 0.2781, -0.2917
0.0075, 0.0782, 0.1448, 0.4201, 0.2774, -0.2902
0.0064, 0.0775, 0.1442, 0.4188, 0.2760, -0.2865
0.0051, 0.0770, 0.1439, 0.4184, 0.2747, -0.2823
0.0042, 0.0772, 0.1448, 0.4208, 0.2746, -0.2798
0.0042, 0.0781, 0.1463, 0.4247, 0.2758, -0.2802
0.0046, 0.0793, 0.1482, 0.4293, 0.2775, -0.2822
0.0048, 0.0804, 0.1503, 0.4346, 0.2792, -0.2833
0.0047, 0.0812, 0.1525, 0.4405, 0.2808, -0.2835
0.0044, 0.0822, 0.1551, 0.4471, 0.2824, -0.2832
0.0033, 0.0830, 0.1575, 0.4537, 0.2833, -0.2808
0.0019, 0.0835, 0.1596, 0.4593, 0.2836, -0.2769
0.0009, 0.0842, 0.1616, 0.4645, 0.2843, -0.2747
0.0009, 0.0847, 0.1627, 0.4672, 0.2850, -0.2750
0.0016, 0.0845, 0.1621, 0.4657, 0.2849, -0.2766
0.0027, 0.0837, 0.1605, 0.4614, 0.2844, -0.2792
0.0041, 0.0828, 0.1582, 0.4554, 0.2837, -0.2824
0.0054, 0.0817, 0.1557, 0.4488, 0.2827, -0.2852
0.0068, 0.0803, 0.1526, 0.4406, 0.2814, -0.2884
0.0083, 0.0790, 0.1496, 0.4327, 0.2803, -0.2917
0.0089, 0.0783, 0.1476, 0.4275, 0.2793, -0.2931
0.0087, 0.0774, 0.1455, 0.4221, 0.2776, -0.2921
0.0083, 0.0766, 0.1436, 0.4171, 0.2757, -0.2903
0.0077, 0.0767, 0.1436, 0.4172, 0.2753, -0.2888
0.0066, 0.0780, 0.1463, 0.4245, 0.2765, -0.2866
0.0051, 0.0795, 0.1499, 0.4340, 0.2781, -0.2835
0.0034, 0.0802, 0.1523, 0.4405, 0.2784, -0.2791
0.0019, 0.0802, 0.1532, 0.4432, 0.2779, -0.2748
0.0014, 0.0800, 0.1531, 0.4433, 0.2775, -0.2733
0.0017, 0.0800, 0.1530, 0.4428, 0.2776, -0.2741
0.0021, 0.0804, 0.1536, 0.4443, 0.2784, -0.2752
0.0021, 0.0815, 0.1551, 0.4482, 0.2797, -0.2761
0.0023, 0.0826, 0.1568, 0.4525, 0.2811, -0.2771
0.0025, 0.0832, 0.1578, 0.4552, 0.2821, -0.2782
0.0023, 0.0832, 0.1582, 0.4564, 0.2822, -0.2776
0.0010, 0.0830, 0.1589, 0.4585, 0.2815, -0.2734
-0.0012, 0.0831, 0.1604, 0.4631, 0.2808, -0.2670
-0.0029, 0.0832, 0.1622, 0.4681, 0.2806, -0.2621
-0.0035, 0.0835, 0.1635, 0.4717, 0.2810, -0.2604
-0.0029, 0.0841, 0.1647, 0.4748, 0.2822, -0.2622
-0.0016, 0.0850, 0.1663, 0.4786, 0.2841, -0.2663
-0.0007, 0.0855, 0.1674, 0.4814, 0.2855, -0.2691
-0.0003, 0.0853, 0.1675, 0.4817, 0.2857, -0.2701
0.0004, 0.0853, 0.1675, 0.4815, 0.2861, -0.2720
0.0016, 0.0855, 0.1674, 0.4810, 0.2868, -0.2753
0.0028, 0.0851, 0.1661, 0.4774, 0.2868, -0.2784
0.0041, 0.0848, 0.1648, 0.4737, 0.2868, -0.2816
0.0051, 0.0851, 0.1646, 0.4730, 0.2876, -0.2848
0.0060, 0.0856, 0.1647, 0.4729, 0.2884, -0.2877
0.0064, 0.0854, 0.1640, 0.4711, 0.2882, -0.2888
0.0059, 0.0848, 0.1628, 0.4680, 0.2869, -0.2870
0.0049, 0.0843, 0.1619, 0.4660, 0.2855, -0.2836
0.0040, 0.0841, 0.1617, 0.4657, 0.2847, -0.2809
0.0037, 0.0843, 0.1618, 0.4658, 0.2846, -0.2803
0.0038, 0.0845, 0.1616, 0.4652, 0.2846, -0.2809
0.0039, 0.0848, 0.1613, 0.4642, 0.2845, -0.2813
0.0038, 0.0850, 0.1611, 0.4638, 0.2845, -0.2815
0.0035, 0.0851, 0.1614, 0.4644, 0.2844, -0.2807
0.0029, 0.0848, 0.1612, 0.4639, 0.2838, -0.2792
0.0023, 0.0840, 0.1600, 0.4609, 0.2825, -0.2770
0.0016, 0.0829, 0.1581, 0.4562, 0.2805, -0.2743
0.0011, 0.0818, 0.1559, 0.4505, 0.2785, -0.2723
0.0008, 0.0807, 0.1536, 0.4444, 0.2765, -0.2709
0.0004, 0.0797, 0.1515, 0.4392, 0.2747, -0.2694
0.0006, 0.0787, 0.1496, 0.4343, 0.2735, -0.2695
0.0016, 0.0771, 0.1464, 0.4258, 0.2718, -0.2713
0.0027, 0.0749, 0.1418, 0.4138, 0.2692, -0.2730
0.0035, 0.0730, 0.1377, 0.4031, 0.2666, -0.2737
0.0037, 0.0717, 0.1352, 0.3964, 0.2648, -0.2735
0.0036, 0.0708, 0.1335, 0.3921, 0.2634, -0.2726
0.0032, 0.0702, 0.1324, 0.3894, 0.2623, -0.2711
0.0026, 0.0702, 0.1328, 0.3905, 0.2621, -0.2696
0.0026, 0.0709, 0.1342, 0.3939, 0.2630, -0.2701
0.0034, 0.0720, 0.1359, 0.3981, 0.2649, -0.2732
0.0048, 0.0739, 0.1386, 0.4048, 0.2680, -0.2783
0.0060, 0.0763, 0.1422, 0.4138, 0.2718, -0.2836
0.0070, 0.0781, 0.1451, 0.4209, 0.2747, -0.2875
0.0075, 0.0791, 0.1465, 0.4245, 0.2761, -0.2896
0.0074, 0.0798, 0.1475, 0.4272, 0.2768, -0.2901
0.0075, 0.0803, 0.1482, 0.4290, 0.2774, -0.2907
0.0082, 0.0800, 0.1472, 0.4263, 0.2772, -0.2926
0.0093, 0.0790, 0.1449, 0.4202, 0.2763, -0.2950
0.0102, 0.0788, 0.1439, 0.4176, 0.2762, -0.2971
0.0106, 0.0796, 0.1446, 0.4191, 0.2771, -0.2989
0.0109, 0.0802, 0.1449, 0.4197, 0.2777, -0.3004
0.0112, 0.0799, 0.1442, 0.4178, 0.2774, -0.3010
0.0113, 0.0792, 0.1427, 0.4142, 0.2763, -0.3007
0.0115, 0.0786, 0.1416, 0.4112, 0.2756, -0.3010
0.0116, 0.0783, 0.1412, 0.4105, 0.2754, -0.3009
0.0111, 0.0786, 0.1424, 0.4137, 0.2758, -0.2996
0.0104, 0.0800, 0.1457, 0.4222, 0.2778, -0.2988
0.0101, 0.0820, 0.1498, 0.4330, 0.2807, -0.2993
0.0098, 0.0838, 0.1533, 0.4420, 0.2831, -0.2999
0.0095, 0.0850, 0.1556, 0.4479, 0.2845, -0.2996
0.0091, 0.0855, 0.1566, 0.4506, 0.2849, -0.2987
0.0086, 0.0856, 0.1572, 0.4524, 0.2850, -0.2974
0.0081, 0.0858, 0.1585, 0.4556, 0.2854, -0.2961
0.0077, 0.0864, 0.1606, 0.4614, 0.2866, -0.2953
0.0075, 0.0875, 0.1637, 0.4695, 0.2887, -0.2955
0.0077, 0.0889, 0.1668, 0.4775, 0.2912, -0.2970
0.0082, 0.0900, 0.1691, 0.4834, 0.2932, -0.2991
0.0084, 0.0905, 0.1701, 0.4862, 0.2941, -0.3000
0.0080, 0.0904, 0.1704, 0.4871, 0.2940, -0.2988
0.0076, 0.0907, 0.1710, 0.4887, 0.2942, -0.2980
0.0074, 0.0910, 0.1715, 0.4902, 0.2945, -0.2975
0.0072, 0.0907, 0.1708, 0.4884, 0.2939, -0.2967
0.0072, 0.0898, 0.1691, 0.4839, 0.2927, -0.2962
0.0075, 0.0891, 0.1673, 0.4793, 0.2918, -0.2966
0.0081, 0.0888, 0.1661, 0.4761, 0.2914, -0.2979
0.0082, 0.0883, 0.1646, 0.4723, 0.2906, -0.2980
0.0076, 0.0873, 0.1628, 0.4676, 0.2890, -0.2958
0.0068, 0.0867, 0.1614, 0.4643, 0.2875, -0.2932
0.0060, 0.0860, 0.1604, 0.4618, 0.2862, -0.2904
0.0052, 0.0853, 0.1592, 0.4591, 0.2848, -0.2877
0.0047, 0.0845, 0.1578, 0.4557, 0.2834, -0.2857
0.0044, 0.0838, 0.1561, 0.4513, 0.2820, -0.2843
0.0042, 0.0832, 0.1545, 0.4472, 0.2808, -0.2835
0.0041, 0.0824, 0.1528, 0.4431, 0.2796, -0.2828
0.0040, 0.0813, 0.1509, 0.4382, 0.2781, -0.2819
0.0042, 0.0803, 0.1490, 0.4335, 0.2768, -0.2818
0.0047, 0.0800, 0.1482, 0.4315, 0.2766, -0.2829
0.0052, 0.0806, 0.1493, 0.4340, 0.2778, -0.2847
0.0053, 0.0817, 0.1516, 0.4400, 0.2797, -0.2858
0.0052, 0.0826, 0.1535, 0.4450, 0.2812, -0.2861
0.0054, 0.0828, 0.1543, 0.4469, 0.2820, -0.2869
0.0060, 0.0826, 0.1542, 0.4465, 0.2825, -0.2886
0.0062, 0.0822, 0.1542, 0.4466, 0.2828, -0.2892
0.0059, 0.0822, 0.1554, 0.4499, 0.2835, -0.2882
0.0053, 0.0831, 0.1578, 0.4561, 0.2851, -0.2873
0.0048, 0.0837, 0.1594, 0.4602, 0.2860, -0.2864
0.0040, 0.0836, 0.1595, 0.4606, 0.2857, -0.2840
0.0031, 0.0833, 0.1593, 0.4601, 0.2849, -0.2810
0.0024, 0.0829, 0.1586, 0.4585, 0.2840, -0.2789
0.0026, 0.0820, 0.1568, 0.4536, 0.2827, -0.2784
0.0031, 0.0811, 0.1545, 0.4474, 0.2815, -0.2791
0.0035, 0.0804, 0.1526, 0.4425, 0.2804, -0.2794
0.0040, 0.0805, 0.1520, 0.4407, 0.2804, -0.2805
0.0045, 0.0812, 0.1529, 0.4427, 0.2815, -0.2822
0.0045, 0.0817, 0.1536, 0.4444, 0.2821, -0.2824
0.0048, 0.0818, 0.1535, 0.4439, 0.2822, -0.2829
0.0056, 0.0818, 0.1530, 0.4424, 0.2824, -0.2849
0.0068, 0.0816, 0.1522, 0.4404, 0.2827, -0.2877
0.0080, 0.0820, 0.1524, 0.4406, 0.2839, -0.2912
0.0089, 0.0831, 0.1539, 0.4444, 0.2857, -0.2941
0.0090, 0.0841, 0.1557, 0.4488, 0.2870, -0.2948
0.0087, 0.0845, 0.1567, 0.4516, 0.2874, -0.2940
0.0081, 0.0847, 0.1574, 0.4535, 0.2873, -0.2923
0.0076, 0.0851, 0.1581, 0.4552, 0.2873, -0.2910
0.0075, 0.0854, 0.1585, 0.4562, 0.2874, -0.2907
0.0072, 0.0856, 0.1587, 0.4569, 0.2872, -0.2900
0.0068, 0.0855, 0.1588, 0.4570, 0.2869, -0.2890
0.0068, 0.0849, 0.1578, 0.4546, 0.2861, -0.2885
0.0071, 0.0840, 0.1562, 0.4502, 0.2850, -0.2888
0.0072, 0.0836, 0.1555, 0.4485, 0.2846, -0.2890
0.0069, 0.0841, 0.1567, 0.4515, 0.2852, -0.2887
0.0064, 0.0844, 0.1576, 0.4538, 0.2854, -0.2878
0.0061, 0.0839, 0.1570, 0.4523, 0.2847, -0.2867
0.0058, 0.0836, 0.1562, 0.4503, 0.2839, -0.2859
0.0057, 0.0835, 0.1557, 0.4489, 0.2834, -0.2857
0.0058, 0.0832, 0.1552, 0.4477, 0.2831, -0.2860
0.0064, 0.0831, 0.1549, 0.4468, 0.2833, -0.2879
0.0073, 0.0833, 0.1547, 0.4461, 0.2838, -0.2906
0.0079, 0.0834, 0.1544, 0.4454, 0.2840, -0.2927
0.0084, 0.0832, 0.1534, 0.4428, 0.2835, -0.2938
0.0085, 0.0823, 0.1515, 0.4377, 0.2821, -0.2938
0.0082, 0.0815, 0.1497, 0.4333, 0.2804, -0.2924
0.0075, 0.0813, 0.1495, 0.4329, 0.2796, -0.2903
0.0069, 0.0813, 0.1498, 0.4337, 0.2793, -0.2886
0.0065, 0.0806, 0.1491, 0.4324, 0.2783, -0.2868
0.0058, 0.0797, 0.1484, 0.4309, 0.2771, -0.2843
0.0053, 0.0792, 0.1481, 0.4302, 0.2763, -0.2821
0.0049, 0.0790, 0.1479, 0.4300, 0.2759, -0.2808
0.0045, 0.0794, 0.1485, 0.4317, 0.2760, -0.2798
0.0041, 0.0802, 0.1499, 0.4352, 0.2767, -0.2788
0.0035, 0.0813, 0.1518, 0.4402, 0.2776, -0.2776
0.0030, 0.0823, 0.1535, 0.4448, 0.2786, -0.2770
0.0032, 0.0829, 0.1539, 0.4458, 0.2790, -0.2776
0.0039, 0.0824, 0.1525, 0.4419, 0.2785, -0.2793
0.0051, 0.0811, 0.1493, 0.4336, 0.2769, -0.2813
0.0064, 0.0794, 0.1456, 0.4239, 0.2749, -0.2836
0.0074, 0.0783, 0.1433, 0.4178, 0.2737, -0.2855
0.0079, 0.0781, 0.1429, 0.4166, 0.2736, -0.2866
0.0085, 0.0786, 0.1437, 0.4187, 0.2746, -0.2887
0.0091, 0.0794, 0.1452, 0.4225, 0.2761, -0.2908
0.0090, 0.0800, 0.1467, 0.4264, 0.2770, -0.2909
0.0085, 0.0801, 0.1475, 0.4287, 0.2772, -0.2895
0.0078, 0.0798, 0.1477, 0.4295, 0.2767, -0.2874
0.0075, 0.0796, 0.1480, 0.4304, 0.2765, -0.2862
0.0080, 0.0794, 0.1476, 0.4291, 0.2765, -0.2875
0.0091, 0.0785, 0.1454, 0.4233, 0.2756, -0.2900
0.0096, 0.0775, 0.1430, 0.4172, 0.2742, -0.2911
0.0093, 0.0774, 0.1425, 0.4156, 0.2735, -0.2902
0.0085, 0.0781, 0.1434, 0.4180, 0.2736, -0.2885
0.0074, 0.0787, 0.1445, 0.4208, 0.2736, -0.2859
0.0062, 0.0789, 0.1448, 0.4219, 0.2731, -0.2829
0.0055, 0.0787, 0.1444, 0.4208, 0.2722, -0.2806
0.0049, 0.0778, 0.1432, 0.4178, 0.2709, -0.2786
0.0044, 0.0769, 0.1422, 0.4154, 0.2696, -0.2765
0.0040, 0.0768, 0.1426, 0.4166, 0.2695, -0.2752
0.0035, 0.0773, 0.1440, 0.4204, 0.2702, -0.2741
0.0028, 0.0777, 0.1455, 0.4244, 0.2708, -0.2724
0.0024, 0.0782, 0.1467, 0.4275, 0.2715, -0.2719
0.0028, 0.0786, 0.1474, 0.4292, 0.2724, -0.2733
0.0030, 0.0791, 0.1482, 0.4311, 0.2733, -0.2743
0.0025, 0.0793, 0.1490, 0.4332, 0.2736, -0.2733
0.0017, 0.0792, 0.1494, 0.4345, 0.2734, -0.2710
0.0008, 0.0796, 0.1507, 0.4379, 0.2738, -0.2689
0.0001, 0.0809, 0.1535, 0.4451, 0.2755, -0.2681
-0.0008, 0.0822, 0.1562, 0.4522, 0.2771, -0.2666
-0.0022, 0.0827, 0.1578, 0.4566, 0.2774, -0.2631
-0.0036, 0.0831, 0.1593, 0.4606, 0.2775, -0.2596
-0.0047, 0.0840, 0.1616, 0.4667, 0.2785, -0.2572
-0.0054, 0.0851, 0.1641, 0.4732, 0.2799, -0.2560
-0.0056, 0.0856, 0.1656, 0.4773, 0.2809, -0.2558
-0.0052, 0.0856, 0.1659, 0.4780, 0.2814, -0.2570
-0.0043, 0.0853, 0.1655, 0.4768, 0.2818, -0.2591
-0.0034, 0.0848, 0.1646, 0.4743, 0.2818, -0.2614
-0.0025, 0.0842, 0.1630, 0.4702, 0.2813, -0.2634
-0.0020, 0.0834, 0.1613, 0.4656, 0.2804, -0.2643
-0.0017, 0.0828, 0.1596, 0.4613, 0.2793, -0.2647
-0.0012, 0.0821, 0.1579, 0.4567, 0.2783, -0.2655
-0.0002, 0.0812, 0.1554, 0.4501, 0.2771, -0.2676
0.0014, 0.0798, 0.1518, 0.4405, 0.2756, -0.2711
0.0030, 0.0785, 0.1484, 0.4314, 0.2742, -0.2750
0.0040, 0.0779, 0.1467, 0.4270, 0.2737, -0.2775
0.0046, 0.0774, 0.1457, 0.4242, 0.2733, -0.2789
0.0050, 0.0769, 0.1448, 0.4221, 0.2729, -0.2798
0.0048, 0.0770, 0.1454, 0.4236, 0.2732, -0.2795
0.0039, 0.0776, 0.1469, 0.4275, 0.2736, -0.2777
0.0027, 0.0783, 0.1484, 0.4314, 0.2739, -0.2751
0.0019, 0.0791, 0.1499, 0.4355, 0.2745, -0.2735
0.0018, 0.0801, 0.1517, 0.4399, 0.2759, -0.2741
0.0024, 0.0806, 0.1526, 0.4419, 0.2771, -0.2766
0.0037, 0.0799, 0.1513, 0.4385, 0.2772, -0.2798
0.0048, 0.0787, 0.1489, 0.4321, 0.2762, -0.2821
0.0053, 0.0780, 0.1470, 0.4270, 0.2752, -0.2828
0.0053, 0.0774, 0.1454, 0.4226, 0.2740, -0.2824
0.0056, 0.0765, 0.1431, 0.4167, 0.2726, -0.2826
0.0065, 0.0758, 0.1411, 0.4112, 0.2717, -0.2846
0.0073, 0.0753, 0.1396, 0.4072, 0.2711, -0.2864
0.0075, 0.0749, 0.1387, 0.4047, 0.2706, -0.2867
0.0075, 0.0747, 0.1382, 0.4033, 0.2702, -0.2863
0.0076, 0.0749, 0.1384, 0.4037, 0.2704, -0.2866
0.0076, 0.0761, 0.1401, 0.4078, 0.2718, -0.2877
0.0075, 0.0775, 0.1419, 0.4122, 0.2732, -0.2883
0.0072, 0.0780, 0.1425, 0.4137, 0.2736, -0.2880
0.0072, 0.0783, 0.1427, 0.4141, 0.2738, -0.2883
0.0075, 0.0784, 0.1427, 0.4140, 0.2741, -0.2891
0.0075, 0.0783, 0.1426, 0.4140, 0.2741, -0.2889
0.0073, 0.0786, 0.1434, 0.4160, 0.2747, -0.2887
0.0072, 0.0790, 0.1443, 0.4182, 0.2754, -0.2888
0.0073, 0.0792, 0.1444, 0.4187, 0.2758, -0.2893
0.0073, 0.0796, 0.1448, 0.4196, 0.2764, -0.2899
0.0069, 0.0802, 0.1458, 0.4223, 0.2769, -0.2892
0.0060, 0.0806, 0.1470, 0.4257, 0.2773, -0.2871
0.0049, 0.0811, 0.1486, 0.4300, 0.2778, -0.2845
0.0038, 0.0821, 0.1511, 0.4368, 0.2789, -0.2820
0.0026, 0.0832, 0.1540, 0.4446, 0.2804, -0.2798
0.0016, 0.0837, 0.1560, 0.4498, 0.2811, -0.2775
0.0010, 0.0839, 0.1569, 0.4523, 0.2815, -0.2761
0.0010, 0.0839, 0.1573, 0.4534, 0.2819, -0.2761
0.0011, 0.0838, 0.1571, 0.4530, 0.2820, -0.2765
0.0013, 0.0835, 0.1561, 0.4504, 0.2815, -0.2769
0.0019, 0.0832, 0.1548, 0.4469, 0.2810, -0.2784
0.0023, 0.0832, 0.1541, 0.4448, 0.2808, -0.2798
0.0023, 0.0830, 0.1532, 0.4425, 0.2802, -0.2798
0.0024, 0.0819, 0.1509, 0.4367, 0.2785, -0.2792
0.0026, 0.0803, 0.1477, 0.4284, 0.2763, -0.2788
0.0032, 0.0790, 0.1446, 0.4205, 0.2744, -0.2795
0.0042, 0.0783, 0.1428, 0.4156, 0.2739, -0.2820
0.0054, 0.0782, 0.1418, 0.4128, 0.2741, -0.2853
0.0061, 0.0779, 0.1405, 0.4094, 0.2736, -0.2871
0.0060, 0.0770, 0.1388, 0.4050, 0.2722, -0.2862
0.0060, 0.0756, 0.1362, 0.3985, 0.2701, -0.2853
0.0066, 0.0743, 0.1337, 0.3919, 0.2685, -0.2860
0.0073, 0.0741, 0.1328, 0.3896, 0.2682, -0.2875
0.0080, 0.0744, 0.1327, 0.3892, 0.2686, -0.2898
0.0091, 0.0746, 0.1323, 0.3876, 0.2690, -0.2928
0.0103, 0.0748, 0.1320, 0.3867, 0.2697, -0.2965
0.0116, 0.0754, 0.1327, 0.3882, 0.2711, -0.3006
0.0125, 0.0761, 0.1339, 0.3913, 0.2725, -0.3035
0.0127, 0.0768, 0.1357, 0.3959, 0.2738, -0.3045
0.0120, 0.0778, 0.1385, 0.4031, 0.2752, -0.3032
0.0106, 0.0794, 0.1422, 0.4129, 0.2768, -0.3004
0.0090, 0.0811, 0.1463, 0.4239, 0.2786, -0.2968
0.0069, 0.0822, 0.1499, 0.4337, 0.2796, -0.2916
0.0048, 0.0825, 0.1521, 0.4399, 0.2795, -0.2858
0.0033, 0.0819, 0.1524, 0.4411, 0.2784, -0.2810
0.0025, 0.0807, 0.1515, 0.4389, 0.2769, -0.2777
0.0022, 0.0796, 0.1502, 0.4359, 0.2755, -0.2760
0.0025, 0.0785, 0.1488, 0.4325, 0.2746, -0.2760
0.0032, 0.0781, 0.1481, 0.4307, 0.2746, -0.2780
0.0044, 0.0787, 0.1488, 0.4323, 0.2761, -0.2819
0.0053, 0.0795, 0.1495, 0.4338, 0.2774, -0.2852
0.0056, 0.0798, 0.1494, 0.4334, 0.2777, -0.2866
0.0058, 0.0798, 0.1489, 0.4321, 0.2776, -0.2875
0.0064, 0.0798, 0.1482, 0.4303, 0.2775, -0.2892
0.0067, 0.0796, 0.1473, 0.4279, 0.2771, -0.2902
0.0068, 0.0791, 0.1464, 0.4256, 0.2764, -0.2901
0.0070, 0.0787, 0.1460, 0.4245, 0.2761, -0.2904
0.0070, 0.0784, 0.1456, 0.4237, 0.2757, -0.2904
0.0066, 0.0783, 0.1456, 0.4241, 0.2753, -0.2893
0.0060, 0.0788, 0.1465, 0.4264, 0.2753, -0.2878
0.0053, 0.0793, 0.1478, 0.4300, 0.2758, -0.2863
0.0048, 0.0801, 0.1497, 0.4351, 0.2767, -0.2853
0.0044, 0.0811, 0.1522, 0.4415, 0.2782, -0.2849
0.0041, 0.0822, 0.1549, 0.4488, 0.2800, -0.2846
0.0044, 0.0836, 0.1579, 0.4564, 0.2825, -0.2864
0.0051, 0.0852, 0.1609, 0.4639, 0.2853, -0.2894
0.0055, 0.0865, 0.1634, 0.4702, 0.2876, -0.2913
0.0054, 0.0873, 0.1651, 0.4747, 0.2889, -0.2916
0.0054, 0.0878, 0.1661, 0.4773, 0.2897, -0.2918
0.0059, 0.0877, 0.1661, 0.4771, 0.2900, -0.2929
0.0060, 0.0875, 0.1658, 0.4764, 0.2899, -0.2929
0.0054, 0.0868, 0.1649, 0.4742, 0.2888, -0.2906
0.0046, 0.0852, 0.1623, 0.4678, 0.2863, -0.2873
0.0041, 0.0837, 0.1599, 0.4614, 0.2840, -0.2847
0.0039, 0.0828, 0.1583, 0.4575, 0.2827, -0.2832
0.0036, 0.0820, 0.1568, 0.4536, 0.2814, -0.2820
0.0032, 0.0812, 0.1550, 0.4489, 0.2798, -0.2803
0.0030, 0.0803, 0.1534, 0.4446, 0.2784, -0.2790
0.0031, 0.0796, 0.1520, 0.4410, 0.2773, -0.2787
0.0027, 0.0790, 0.1510, 0.4384, 0.2762, -0.2772
0.0020, 0.0790, 0.1512, 0.4390, 0.2757, -0.2751
0.0013, 0.0799, 0.1531, 0.4438, 0.2765, -0.2739
0.0005, 0.0813, 0.1560, 0.4515, 0.2781, -0.2729
-0.0000, 0.0823, 0.1580, 0.4567, 0.2792, -0.2721
-0.0001, 0.0821, 0.1576, 0.4557, 0.2789, -0.2719
0.0000, 0.0815, 0.1567, 0.4534, 0.2782, -0.2717
-0.0006, 0.0815, 0.1568, 0.4536, 0.2779, -0.2700
-0.0016, 0.0819, 0.1573, 0.4550, 0.2775, -0.2673
-0.0022, 0.0820, 0.1573, 0.4549, 0.2771, -0.2660
-0.0024, 0.0814, 0.1557, 0.4509, 0.2757, -0.2648
-0.0030, 0.0800, 0.1532, 0.4445, 0.2733, -0.2620
-0.0036, 0.0787, 0.1511, 0.4392, 0.2711, -0.2593
-0.0038, 0.0779, 0.1497, 0.4356, 0.2699, -0.2581
-0.0033, 0.0775, 0.1484, 0.4323, 0.2695, -0.2592
-0.0022, 0.0770, 0.1468, 0.4280, 0.2692, -0.2618
-0.0012, 0.0766, 0.1456, 0.4247, 0.2692, -0.2646
-0.0005, 0.0770, 0.1460, 0.4254, 0.2700, -0.2667
-0.0006, 0.0777, 0.1473, 0.4287, 0.2710, -0.2669
-0.0011, 0.0783, 0.1487, 0.4322, 0.2718, -0.2660
-0.0012, 0.0786, 0.1495, 0.4344, 0.2724, -0.2660
-0.0008, 0.0782, 0.1488, 0.4325, 0.2722, -0.2668
0.0001, 0.0772, 0.1468, 0.4272, 0.2715, -0.2685
0.0012, 0.0761, 0.1447, 0.4217, 0.2708, -0.2710
0.0024, 0.0754, 0.1433, 0.4179, 0.2707, -0.2738
0.0036, 0.0757, 0.1436, 0.4186, 0.2720, -0.2773
0.0043, 0.0768, 0.1458, 0.4239, 0.2743, -0.2803
0.0044, 0.0781, 0.1481, 0.4297, 0.2762, -0.2815
0.0047, 0.0791, 0.1495, 0.4334, 0.2776, -0.2832
0.0055, 0.0797, 0.1501, 0.4347, 0.2788, -0.2861
0.0061, 0.0801, 0.1503, 0.4351, 0.2794, -0.2882
0.0062, 0.0807, 0.1510, 0.4369, 0.2801, -0.2890
0.0064, 0.0810, 0.1512, 0.4372, 0.2804, -0.2899
0.0070, 0.0808, 0.1506, 0.4357, 0.2805, -0.2915
0.0078, 0.0809, 0.1506, 0.4359, 0.2811, -0.2937
0.0080, 0.0816, 0.1516, 0.4384, 0.2822, -0.2951
0.0079, 0.0821, 0.1525, 0.4407, 0.2828, -0.2952
0.0073, 0.0820, 0.1524, 0.4408, 0.2822, -0.2934
0.0062, 0.0816, 0.1519, 0.4396, 0.2810, -0.2900
0.0055, 0.0813, 0.1515, 0.4388, 0.2802, -0.2879
0.0053, 0.0810, 0.1512, 0.4379, 0.2798, -0.2870
0.0052, 0.0806, 0.1504, 0.4360, 0.2791, -0.2865
0.0050, 0.0804, 0.1500, 0.4349, 0.2787, -0.2858
0.0048, 0.0807, 0.1505, 0.4363, 0.2790, -0.2855
0.0047, 0.0806, 0.1503, 0.4358, 0.2788, -0.2851
0.0044, 0.0791, 0.1482, 0.4305, 0.2769, -0.2831
0.0039, 0.0777, 0.1464, 0.4259, 0.2752, -0.2807
0.0038, 0.0774, 0.1461, 0.4254, 0.2750, -0.2801
0.0038, 0.0776, 0.1465, 0.4263, 0.2753, -0.2802
0.0036, 0.0774, 0.1463, 0.4257, 0.2750, -0.2796
0.0036, 0.0767, 0.1450, 0.4226, 0.2740, -0.2791
0.0035, 0.0760, 0.1440, 0.4201, 0.2732, -0.2783
0.0028, 0.0759, 0.1443, 0.4207, 0.2728, -0.2764
0.0021, 0.0760, 0.1450, 0.4228, 0.2728, -0.2745
0.0017, 0.0762, 0.1455, 0.4241, 0.2729, -0.2737
0.0018, 0.0764, 0.1458, 0.4247, 0.2733, -0.2741
0.0022, 0.0767, 0.1463, 0.4259, 0.2739, -0.2755
0.0024, 0.0771, 0.1471, 0.4279, 0.2748, -0.2766
0.0025, 0.0776, 0.1482, 0.4307, 0.2757, -0.2772
0.0026, 0.0780, 0.1492, 0.4331, 0.2766, -0.2778
0.0028, 0.0781, 0.1494, 0.4337, 0.2768, -0.2782
0.0032, 0.0779, 0.1489, 0.4322, 0.2767, -0.2791
0.0043, 0.0780, 0.1484, 0.4305, 0.2770, -0.2821
0.0058, 0.0785, 0.1482, 0.4297, 0.2780, -0.2867
0.0073, 0.0793, 0.1486, 0.4306, 0.2795, -0.2914
0.0085, 0.0804, 0.1499, 0.4335, 0.2813, -0.2956
0.0095, 0.0817, 0.1514, 0.4371, 0.2832, -0.2992
0.0105, 0.0826, 0.1524, 0.4393, 0.2847, -0.3027
0.0111, 0.0828, 0.1524, 0.4392, 0.2851, -0.3043
0.0108, 0.0823, 0.1515, 0.4370, 0.2842, -0.3032
0.0104, 0.0814, 0.1501, 0.4336, 0.2828, -0.3012
0.0097, 0.0808, 0.1493, 0.4317, 0.2816, -0.2988
0.0088, 0.0808, 0.1499, 0.4334, 0.2812, -0.2963
0.0080, 0.0815, 0.1513, 0.4372, 0.2815, -0.2944
0.0076, 0.0826, 0.1532, 0.4421, 0.2825, -0.2939
0.0073, 0.0837, 0.1545, 0.4455, 0.2833, -0.2938
0.0070, 0.0839, 0.1542, 0.4445, 0.2828, -0.2930
0.0067, 0.0837, 0.1533, 0.4421, 0.2818, -0.2919
0.0066, 0.0833, 0.1524, 0.4399, 0.2810, -0.2914
0.0072, 0.0827, 0.1512, 0.4366, 0.2803, -0.2926
0.0082, 0.0824, 0.1503, 0.4343, 0.2804, -0.2952
0.0091, 0.0826, 0.1506, 0.4347, 0.2813, -0.2979
0.0099, 0.0826, 0.1507, 0.4351, 0.2820, -0.2999
0.0104, 0.0824, 0.1503, 0.4339, 0.2821, -0.3012
0.0107, 0.0819, 0.1496, 0.4322, 0.2819, -0.3015
0.0103, 0.0813, 0.1491, 0.4310, 0.2812, -0.3000
0.0093, 0.0812, 0.1497, 0.4327, 0.2809, -0.2972
0.0085, 0.0818, 0.1513, 0.4371, 0.2815, -0.2952
0.0076, 0.0824, 0.1532, 0.4421, 0.2823, -0.2932
0.0064, 0.0830, 0.1551, 0.4474, 0.2828, -0.2900
0.0052, 0.0836, 0.1570, 0.4525, 0.2832, -0.2868
0.0045, 0.0843, 0.1586, 0.4568, 0.2838, -0.2852
0.0044, 0.0849, 0.1599, 0.4599, 0.2846, -0.2855
0.0046, 0.0855, 0.1608, 0.4624, 0.2854, -0.2866
0.0052, 0.0865, 0.1620, 0.4654, 0.2868, -0.2889
0.0061, 0.0875, 0.1631, 0.4680, 0.2883, -0.2921
0.0068, 0.0880, 0.1633, 0.4684, 0.2890, -0.2945
0.0071, 0.0880, 0.1632, 0.4681, 0.2892, -0.2954
0.0068, 0.0880, 0.1633, 0.4685, 0.2890, -0.2945
0.0058, 0.0876, 0.1633, 0.4687, 0.2881, -0.2914
0.0044, 0.0867, 0.1624, 0.4669, 0.2863, -0.2870
0.0029, 0.0854, 0.1608, 0.4631, 0.2838, -0.2817
0.0009, 0.0844, 0.1597, 0.4608, 0.2814, -0.2755
-0.0012, 0.0839, 0.1598, 0.4614, 0.2798, -0.2690
-0.0030, 0.0836, 0.1601, 0.4624, 0.2787, -0.2639
-0.0041, 0.0830, 0.1593, 0.4608, 0.2772, -0.2603
-0.0047, 0.0817, 0.1572, 0.4557, 0.2752, -0.2578
-0.0044, 0.0803, 0.1544, 0.4483, 0.2732, -0.2577
-0.0031, 0.0787, 0.1506, 0.4385, 0.2713, -0.2600
-0.0014, 0.0768, 0.1463, 0.4271, 0.2693, -0.2634
0.0002, 0.0750, 0.1419, 0.4156, 0.2673, -0.2666
0.0014, 0.0734, 0.1380, 0.4053, 0.2653, -0.2687
0.0023, 0.0725, 0.1356, 0.3989, 0.2641, -0.2704
0.0030, 0.0723, 0.1349, 0.3969, 0.2643, -0.2725
0.0036, 0.0730, 0.1362, 0.4002, 0.2658, -0.2747
0.0038, 0.0747, 0.1394, 0.4085, 0.2686, -0.2767
0.0041, 0.0768, 0.1430, 0.4177, 0.2717, -0.2791
0.0045, 0.0786, 0.1459, 0.4249, 0.2743, -0.2815
0.0045, 0.0798, 0.1482, 0.4307, 0.2761, -0.2823
0.0038, 0.0808, 0.1505, 0.4369, 0.2774, -0.2811
0.0026, 0.0817, 0.1532, 0.4442, 0.2785, -0.2785
0.0018, 0.0828, 0.1559, 0.4513, 0.2799, -0.2769
0.0018, 0.0840, 0.1583, 0.4572, 0.2816, -0.2778
0.0019, 0.0850, 0.1601, 0.4618, 0.2830, -0.2788
0.0016, 0.0848, 0.1604, 0.4627, 0.2830, -0.2778
0.0012, 0.0838, 0.1596, 0.4608, 0.2819, -0.2759
0.0011, 0.0833, 0.1591, 0.4595, 0.2814, -0.2754
0.0017, 0.0834, 0.1591, 0.4594, 0.2818, -0.2770
0.0027, 0.0836, 0.1591, 0.4590, 0.2825, -0.2800
0.0035, 0.0838, 0.1589, 0.4582, 0.2830, -0.2826
0.0039, 0.0838, 0.1588, 0.4578, 0.2832, -0.2837
0.0043, 0.0839, 0.1587, 0.4576, 0.2835, -0.2850
0.0048, 0.0839, 0.1583, 0.4564, 0.2835, -0.2864
0.0051, 0.0838, 0.1577, 0.4547, 0.2832, -0.2872
0.0058, 0.0837, 0.1572, 0.4533, 0.2833, -0.2891
0.0068, 0.0835, 0.1562, 0.4504, 0.2833, -0.2918
0.0074, 0.0831, 0.1551, 0.4475, 0.2830, -0.2933
0.0075, 0.0830, 0.1547, 0.4465, 0.2828, -0.2936
0.0072, 0.0830, 0.1547, 0.4464, 0.2825, -0.2928
0.0064, 0.0829, 0.1546, 0.4465, 0.2818, -0.2904
0.0057, 0.0819, 0.1534, 0.4436, 0.2801, -0.2875
0.0050, 0.0800, 0.1508, 0.4370, 0.2775, -0.2842
0.0045, 0.0787, 0.1490, 0.4328, 0.2757, -0.2818
0.0044, 0.0780, 0.1482, 0.4308, 0.2750, -0.2810
0.0050, 0.0771, 0.1465, 0.4265, 0.2742, -0.2818
0.0060, 0.0760, 0.1443, 0.4206, 0.2733, -0.2837
0.0065, 0.0749, 0.1422, 0.4152, 0.2721, -0.2842
0.0063, 0.0740, 0.1405, 0.4110, 0.2707, -0.2829
0.0061, 0.0736, 0.1396, 0.4086, 0.2698, -0.2819
0.0061, 0.0737, 0.1393, 0.4079, 0.2696, -0.2819
0.0066, 0.0736, 0.1387, 0.4060, 0.2696, -0.2833
0.0075, 0.0728, 0.1368, 0.4010, 0.2689, -0.2853
0.0082, 0.0718, 0.1347, 0.3955, 0.2677, -0.2863
0.0087, 0.0713, 0.1335, 0.3924, 0.2671, -0.2874
0.0094, 0.0716, 0.1338, 0.3930, 0.2678, -0.2894
0.0103, 0.0724, 0.1351, 0.3963, 0.2694, -0.2924
0.0113, 0.0734, 0.1368, 0.4006, 0.2713, -0.2958
0.0119, 0.0746, 0.1389, 0.4058, 0.2732, -0.2984
0.0122, 0.0765, 0.1421, 0.4140, 0.2758, -0.3004
0.0124, 0.0786, 0.1456, 0.4228, 0.2787, -0.3025
0.0127, 0.0798, 0.1477, 0.4280, 0.2805, -0.3040
0.0131, 0.0806, 0.1491, 0.4313, 0.2819, -0.3057
0.0139, 0.0816, 0.1507, 0.4354, 0.2838, -0.3084
0.0141, 0.0829, 0.1529, 0.4407, 0.2857, -0.3101
0.0133, 0.0837, 0.1546, 0.4451, 0.2864, -0.3084
0.0121, 0.0834, 0.1547, 0.4458, 0.2856, -0.3044
0.0109, 0.0824, 0.1539, 0.4438, 0.2839, -0.3001
0.0098, 0.0811, 0.1521, 0.4396, 0.2817, -0.2961
0.0093, 0.0794, 0.1496, 0.4334, 0.2793, -0.2934
0.0089, 0.0784, 0.1481, 0.4295, 0.2777, -0.2915
0.0081, 0.0785, 0.1487, 0.4313, 0.2775, -0.2892
0.0073, 0.0792, 0.1505, 0.4361, 0.2782, -0.2879
0.0071, 0.0801, 0.1527, 0.4416, 0.2796, -0.2879
0.0067, 0.0809, 0.1546, 0.4467, 0.2807, -0.2874
0.0060, 0.0811, 0.1554, 0.4490, 0.2808, -0.2858
0.0056, 0.0810, 0.1553, 0.4489, 0.2804, -0.2847
0.0058, 0.0814, 0.1554, 0.4491, 0.2807, -0.2857
0.0065, 0.0824, 0.1562, 0.4508, 0.2820, -0.2888
0.0076, 0.0831, 0.1564, 0.4510, 0.2832, -0.2927
0.0089, 0.0826, 0.1548, 0.4467, 0.2831, -0.2962
0.0099, 0.0814, 0.1520, 0.4392, 0.2818, -0.2985
0.0105, 0.0804, 0.1497, 0.4334, 0.2806, -0.2997
0.0107, 0.0806, 0.1497, 0.4334, 0.2809, -0.3007
0.0108, 0.0817, 0.1517, 0.4383, 0.2825, -0.3020
0.0106, 0.0836, 0.1553, 0.4476, 0.2851, -0.3030
0.0102, 0.0856, 0.1591, 0.4576, 0.2877, -0.3033
0.0094, 0.0868, 0.1617, 0.4643, 0.2890, -0.3022
0.0082, 0.0878, 0.1640, 0.4703, 0.2897, -0.2996
0.0067, 0.0885, 0.1658, 0.4751, 0.2899, -0.2958
0.0051, 0.0883, 0.1658, 0.4756, 0.2888, -0.2912
0.0040, 0.0869, 0.1636, 0.4701, 0.2864, -0.2872
0.0034, 0.0848, 0.1599, 0.4606, 0.2831, -0.2839
0.0033, 0.0831, 0.1567, 0.4525, 0.2807, -0.2823
0.0042, 0.0820, 0.1549, 0.4478, 0.2801, -0.2840
0.0055, 0.0815, 0.1536, 0.4443, 0.2803, -0.2873
0.0069, 0.0812, 0.1527, 0.4419, 0.2808, -0.2909
0.0079, 0.0811, 0.1523, 0.4405, 0.2813, -0.2935
0.0084, 0.0807, 0.1517, 0.4391, 0.2814, -0.2946
0.0086, 0.0803, 0.1512, 0.4378, 0.2811, -0.2945
0.0087, 0.0801, 0.1508, 0.4369, 0.2809, -0.2946
0.0092, 0.0802, 0.1505, 0.4360, 0.2812, -0.2961
0.0095, 0.0807, 0.1512, 0.4374, 0.2820, -0.2973
0.0087, 0.0819, 0.1534, 0.4432, 0.2831, -0.2959
0.0072, 0.0831, 0.1558, 0.4497, 0.2840, -0.2926
0.0059, 0.0838, 0.1572, 0.4532, 0.2841, -0.2895
0.0046, 0.0842, 0.1580, 0.4555, 0.2839, -0.2863
0.0031, 0.0842, 0.1583, 0.4562, 0.2830, -0.2822
0.0023, 0.0835, 0.1570, 0.4531, 0.2814, -0.2794
0.0023, 0.0825, 0.1551, 0.4482, 0.2801, -0.2790
0.0026, 0.0817, 0.1537, 0.4445, 0.2793, -0.2793
0.0026, 0.0813, 0.1529, 0.4423, 0.2786, -0.2789
0.0021, 0.0811, 0.1525, 0.4414, 0.2781, -0.2775
0.0014, 0.0810, 0.1525, 0.4416, 0.2777, -0.2757
0.0012, 0.0806, 0.1517, 0.4394, 0.2769, -0.2750
0.0018, 0.0794, 0.1491, 0.4325, 0.2755, -0.2762
0.0029, 0.0781, 0.1459, 0.4242, 0.2739, -0.2783
0.0036, 0.0775, 0.1439, 0.4188, 0.2730, -0.2802
0.0042, 0.0776, 0.1434, 0.4173, 0.2730, -0.2821
0.0051, 0.0780, 0.1439, 0.4184, 0.2741, -0.2850
0.0061, 0.0788, 0.1451, 0.4213, 0.2758, -0.2885
0.0066, 0.0800, 0.1470, 0.4262, 0.2777, -0.2910
0.0067, 0.0808, 0.1487, 0.4304, 0.2791, -0.2921
0.0063, 0.0811, 0.1494, 0.4324, 0.2795, -0.2915
0.0054, 0.0814, 0.1505, 0.4355, 0.2798, -0.2893
0.0047, 0.0821, 0.1523, 0.4402, 0.2806, -0.2878
0.0046, 0.0826, 0.1536, 0.4438, 0.2816, -0.2878
0.0045, 0.0827, 0.1540, 0.4448, 0.2818, -0.2876
0.0046, 0.0824, 0.1537, 0.4440, 0.2815, -0.2875
0.0051, 0.0820, 0.1531, 0.4424, 0.2813, -0.2885
0.0056, 0.0817, 0.1525, 0.4409, 0.2812, -0.2894
0.0057, 0.0814, 0.1519, 0.4393, 0.2807, -0.2892
0.0055, 0.0811, 0.1513, 0.4377, 0.2801, -0.2883
0.0051, 0.0811, 0.1512, 0.4374, 0.2797, -0.2869
0.0048, 0.0809, 0.1509, 0.4368, 0.2792, -0.2856
0.0050, 0.0802, 0.1498, 0.4341, 0.2785, -0.2856
0.0051, 0.0793, 0.1487, 0.4312, 0.2776, -0.2851
0.0049, 0.0785, 0.1476, 0.4287, 0.2765, -0.2838
0.0048, 0.0780, 0.1466, 0.4262, 0.2756, -0.2829
0.0045, 0.0778, 0.1460, 0.4247, 0.2749, -0.2819
0.0038, 0.0778, 0.1458, 0.4246, 0.2743, -0.2799
0.0033, 0.0778, 0.1461, 0.4253, 0.2740, -0.2783
0.0032, 0.0777, 0.1459, 0.4248, 0.2737, -0.2777
0.0033, 0.0773, 0.1449, 0.4223, 0.2731, -0.2777
0.0034, 0.0767, 0.1436, 0.4190, 0.2723, -0.2778
0.0032, 0.0760, 0.1423, 0.4158, 0.2713, -0.2768
0.0031, 0.0749, 0.1409, 0.4122, 0.2700, -0.2756
0.0034, 0.0741, 0.1397, 0.4094, 0.2693, -0.2757
0.0034, 0.0738, 0.1398, 0.4097, 0.2693, -0.2753
0.0031, 0.0740, 0.1409, 0.4126, 0.2698, -0.2745
0.0030, 0.0745, 0.1427, 0.4175, 0.2711, -0.2744
0.0030, 0.0758, 0.1455, 0.4247, 0.2732, -0.2754
0.0036, 0.0773, 0.1484, 0.4323, 0.2760, -0.2782
0.0041, 0.0787, 0.1510, 0.4390, 0.2783, -0.2806
0.0039, 0.0801, 0.1536, 0.4456, 0.2802, -0.2809
0.0037, 0.0815, 0.1558, 0.4512, 0.2817, -0.2811
0.0038, 0.0827, 0.1578, 0.4563, 0.2833, -0.2822
0.0040, 0.0838, 0.1593, 0.4602, 0.2847, -0.2835
0.0042, 0.0838, 0.1592, 0.4597, 0.2847, -0.2841
0.0040, 0.0829, 0.1575, 0.4556, 0.2833, -0.2828
0.0031, 0.0815, 0.1555, 0.4505, 0.2809, -0.2793
0.0019, 0.0803, 0.1535, 0.4456, 0.2784, -0.2748
0.0012, 0.0796, 0.1521, 0.4420, 0.2768, -0.2723
0.0012, 0.0798, 0.1519, 0.4415, 0.2767, -0.2724
0.0017, 0.0803, 0.1522, 0.4420, 0.2774, -0.2742
0.0028, 0.0802, 0.1513, 0.4396, 0.2776, -0.2773
0.0045, 0.0791, 0.1489, 0.4331, 0.2769, -0.2813
0.0062, 0.0777, 0.1459, 0.4250, 0.2758, -0.2851
0.0075, 0.0764, 0.1429, 0.4173, 0.2744, -0.2878
0.0080, 0.0754, 0.1405, 0.4108, 0.2728, -0.2886
0.0082, 0.0746, 0.1385, 0.4058, 0.2714, -0.2884
0.0084, 0.0742, 0.1372, 0.4024, 0.2705, -0.2887
0.0089, 0.0749, 0.1377, 0.4034, 0.2712, -0.2905
0.0093, 0.0764, 0.1398, 0.4087, 0.2731, -0.2930
0.0098, 0.0778, 0.1420, 0.4142, 0.2751, -0.2952
0.0102, 0.0785, 0.1432, 0.4172, 0.2763, -0.2967
0.0103, 0.0786, 0.1439, 0.4192, 0.2768, -0.2970
0.0100, 0.0791, 0.1455, 0.4232, 0.2776, -0.2963
0.0093, 0.0802, 0.1478, 0.4293, 0.2788, -0.2950
0.0088, 0.0814, 0.1502, 0.4354, 0.2801, -0.2944
0.0088, 0.0822, 0.1520, 0.4401, 0.2815, -0.2951
0.0085, 0.0826, 0.1537, 0.4443, 0.2823, -0.2945
0.0078, 0.0831, 0.1555, 0.4491, 0.2831, -0.2929
0.0074, 0.0836, 0.1566, 0.4520, 0.2835, -0.2919
0.0071, 0.0836, 0.1566, 0.4518, 0.2832, -0.2911
0.0069, 0.0833, 0.1561, 0.4507, 0.2826, -0.2903
0.0068, 0.0835, 0.1563, 0.4509, 0.2827, -0.2902
0.0066, 0.0837, 0.1566, 0.4517, 0.2827, -0.2898
0.0063, 0.0833, 0.1560, 0.4502, 0.2820, -0.2887
0.0060, 0.0826, 0.1548, 0.4471, 0.2809, -0.2875
0.0057, 0.0817, 0.1535, 0.4437, 0.2795, -0.2859
0.0054, 0.0810, 0.1526, 0.4414, 0.2786, -0.2846
0.0052, 0.0808, 0.1523, 0.4406, 0.2781, -0.2837
0.0051, 0.0805, 0.1517, 0.4392, 0.2775, -0.2832
0.0052, 0.0801, 0.1511, 0.4374, 0.2770, -0.2832
0.0055, 0.0795, 0.1501, 0.4349, 0.2764, -0.2837
0.0061, 0.0785, 0.1480, 0.4294, 0.2753, -0.2849
0.0071, 0.0774, 0.1457, 0.4232, 0.2742, -0.2868
0.0075, 0.0773, 0.1454, 0.4225, 0.2743, -0.2881
0.0074, 0.0782, 0.1474, 0.4275, 0.2755, -0.2882
0.0069, 0.0791, 0.1495, 0.4332, 0.2766, -0.2875
0.0064, 0.0799, 0.1514, 0.4384, 0.2776, -0.2867
0.0059, 0.0810, 0.1539, 0.4448, 0.2791, -0.2864
0.0059, 0.0822, 0.1559, 0.4502, 0.2806, -0.2872
0.0065, 0.0829, 0.1568, 0.4524, 0.2817, -0.2893
0.0074, 0.0836, 0.1573, 0.4534, 0.2827, -0.2924
0.0081, 0.0842, 0.1579, 0.4550, 0.2836, -0.2946
0.0081, 0.0846, 0.1587, 0.4572, 0.2841, -0.2950
0.0077, 0.0851, 0.1602, 0.4611, 0.2847, -0.2940
0.0071, 0.0858, 0.1622, 0.4664, 0.2856, -0.2928
0.0065, 0.0866, 0.1644, 0.4724, 0.2868, -0.2918
0.0059, 0.0875, 0.1664, 0.4778, 0.2879, -0.2908
0.0054, 0.0876, 0.1672, 0.4800, 0.2882, -0.2893
0.0049, 0.0871, 0.1667, 0.4788, 0.2874, -0.2874
0.0046, 0.0859, 0.1647, 0.4738, 0.2857, -0.2857
0.0049, 0.0837, 0.1605, 0.4631, 0.2827, -0.2849
0.0052, 0.0811, 0.1556, 0.4505, 0.2791, -0.2838
0.0053, 0.0790, 0.1517, 0.4407, 0.2762, -0.2823
0.0053, 0.0776, 0.1491, 0.4340, 0.2742, -0.2813
0.0055, 0.0770, 0.1474, 0.4297, 0.2732, -0.2814
0.0058, 0.0770, 0.1464, 0.4268, 0.2728, -0.2825
0.0062, 0.0774, 0.1461, 0.4259, 0.2731, -0.2840
0.0068, 0.0780, 0.1461, 0.4255, 0.2736, -0.2860
0.0081, 0.0780, 0.1447, 0.4216, 0.2737, -0.2897
0.0095, 0.0773, 0.1421, 0.4145, 0.2729, -0.2932
0.0106, 0.0767, 0.1398, 0.4082, 0.2721, -0.2959
0.0117, 0.0768, 0.1390, 0.4058, 0.2725, -0.2990
0.0121, 0.0769, 0.1390, 0.4056, 0.2729, -0.3002
0.0118, 0.0766, 0.1387, 0.4049, 0.2726, -0.2992
0.0115, 0.0758, 0.1381, 0.4033, 0.2718, -0.2977
0.0112, 0.0750, 0.1373, 0.4013, 0.2710, -0.2962
0.0111, 0.0749, 0.1374, 0.4018, 0.2713, -0.2958
0.0111, 0.0759, 0.1394, 0.4069, 0.2731, -0.2968
0.0109, 0.0772, 0.1421, 0.4137, 0.2750, -0.2971
0.0104, 0.0780, 0.1439, 0.4184, 0.2762, -0.2964
0.0097, 0.0788, 0.1457, 0.4232, 0.2772, -0.2953
0.0089, 0.0801, 0.1486, 0.4306, 0.2788, -0.2941
0.0079, 0.0814, 0.1515, 0.4384, 0.2804, -0.2923
0.0070, 0.0822, 0.1537, 0.4443, 0.2813, -0.2902
0.0061, 0.0827, 0.1554, 0.4487, 0.2819, -0.2880
0.0055, 0.0831, 0.1567, 0.4521, 0.2825, -0.2869
0.0057, 0.0832, 0.1572, 0.4536, 0.2830, -0.2877
0.0064, 0.0832, 0.1573, 0.4538, 0.2836, -0.2896
0.0072, 0.0831, 0.1573, 0.4536, 0.2841, -0.2917
0.0081, 0.0828, 0.1566, 0.4517, 0.2844, -0.2942
0.0093, 0.0823, 0.1553, 0.4481, 0.2843, -0.2970
0.0096, 0.0820, 0.1548, 0.4469, 0.2842, -0.2978
0.0087, 0.0822, 0.1558, 0.4495, 0.2842, -0.2956
0.0075, 0.0820, 0.1563, 0.4510, 0.2836, -0.2922
0.0066, 0.0808, 0.1547, 0.4473, 0.2816, -0.2887
0.0059, 0.0789, 0.1519, 0.4401, 0.2788, -0.2856
0.0053, 0.0773, 0.1489, 0.4327, 0.2760, -0.2826
0.0043, 0.0764, 0.1473, 0.4285, 0.2739, -0.2792
0.0034, 0.0767, 0.1477, 0.4297, 0.2735, -0.2768
0.0025, 0.0781, 0.1504, 0.4367, 0.2748, -0.2755
0.0017, 0.0798, 0.1538, 0.4456, 0.2767, -0.2744
0.0016, 0.0811, 0.1563, 0.4520, 0.2785, -0.2754
0.0026, 0.0821, 0.1579, 0.4557, 0.2804, -0.2789
0.0038, 0.0824, 0.1578, 0.4553, 0.2813, -0.2825
0.0050, 0.0816, 0.1561, 0.4507, 0.2808, -0.2853
0.0057, 0.0807, 0.1544, 0.4464, 0.2801, -0.2869
0.0060, 0.0800, 0.1531, 0.4432, 0.2794, -0.2870
0.0057, 0.0790, 0.1513, 0.4385, 0.2777, -0.2855
0.0052, 0.0781, 0.1497, 0.4346, 0.2761, -0.2834
0.0046, 0.0780, 0.1495, 0.4341, 0.2756, -0.2818
0.0041, 0.0781, 0.1501, 0.4358, 0.2757, -0.2803
0.0037, 0.0786, 0.1512, 0.4386, 0.2762, -0.2796
0.0040, 0.0790, 0.1517, 0.4399, 0.2768, -0.2806
0.0047, 0.0792, 0.1517, 0.4398, 0.2774, -0.2828
0.0055, 0.0795, 0.1520, 0.4403, 0.2782, -0.2851
0.0064, 0.0799, 0.1525, 0.4414, 0.2794, -0.2881
0.0073, 0.0804, 0.1536, 0.4441, 0.2809, -0.2910
0.0076, 0.0810, 0.1550, 0.4477, 0.2822, -0.2922
0.0078, 0.0811, 0.1553, 0.4486, 0.2826, -0.2926
0.0082, 0.0806, 0.1542, 0.4457, 0.2822, -0.2936
0.0084, 0.0802, 0.1530, 0.4425, 0.2815, -0.2939
0.0079, 0.0801, 0.1524, 0.4411, 0.2807, -0.2923
0.0070, 0.0799, 0.1519, 0.4401, 0.2796, -0.2896
0.0063, 0.0794, 0.1506, 0.4368, 0.2780, -0.2870
0.0059, 0.0787, 0.1487, 0.4319, 0.2763, -0.2855
0.0061, 0.0784, 0.1476, 0.4290, 0.2756, -0.2856
0.0066, 0.0783, 0.1468, 0.4270, 0.2754, -0.2868
0.0070, 0.0776, 0.1454, 0.4234, 0.2746, -0.2874
0.0072, 0.0765, 0.1437, 0.4192, 0.2734, -0.2872
0.0071, 0.0751, 0.1416, 0.4139, 0.2717, -0.2862
0.0066, 0.0733, 0.1388, 0.4072, 0.2691, -0.2834
0.0055, 0.0716, 0.1364, 0.4012, 0.2663, -0.2792
0.0042, 0.0705, 0.1350, 0.3980, 0.2641, -0.2749
0.0035, 0.0700, 0.1343, 0.3962, 0.2629, -0.2725
0.0037, 0.0699, 0.1340, 0.3954, 0.2629, -0.2731
0.0043, 0.0708, 0.1352, 0.3982, 0.2643, -0.2756
0.0046, 0.0725, 0.1383, 0.4060, 0.2669, -0.2777
0.0047, 0.0747, 0.1423, 0.4162, 0.2700, -0.2797
0.0054, 0.0767, 0.1458, 0.4250, 0.2732, -0.2833
0.0068, 0.0779, 0.1475, 0.4293, 0.2756, -0.2882
0.0080, 0.0786, 0.1485, 0.4315, 0.2772, -0.2922
0.0084, 0.0797, 0.1503, 0.4361, 0.2788, -0.2941
0.0082, 0.0811, 0.1526, 0.4419, 0.2803, -0.2948
0.0077, 0.0819, 0.1541, 0.4457, 0.2810, -0.2940
0.0069, 0.0819, 0.1545, 0.4469, 0.2805, -0.2915
0.0061, 0.0815, 0.1543, 0.4468, 0.2797, -0.2891
0.0056, 0.0815, 0.1546, 0.4476, 0.2795, -0.2875
0.0052, 0.0821, 0.1559, 0.4511, 0.2802, -0.2868
0.0049, 0.0829, 0.1577, 0.4555, 0.2813, -0.2867
0.0050, 0.0839, 0.1593, 0.4597, 0.2826, -0.2873
0.0051, 0.0854, 0.1615, 0.4652, 0.2844, -0.2887
0.0046, 0.0868, 0.1636, 0.4706, 0.2856, -0.2881
0.0037, 0.0873, 0.1645, 0.4729, 0.2856, -0.2858
0.0032, 0.0872, 0.1642, 0.4721, 0.2849, -0.2843
0.0030, 0.0867, 0.1634, 0.4701, 0.2841, -0.2833
0.0028, 0.0863, 0.1627, 0.4683, 0.2834, -0.2825
0.0028, 0.0859, 0.1620, 0.4666, 0.2828, -0.2821
0.0028, 0.0852, 0.1607, 0.4633, 0.2819, -0.2818
0.0032, 0.0844, 0.1592, 0.4595, 0.2811, -0.2826
0.0040, 0.0842, 0.1586, 0.4577, 0.2813, -0.2849
0.0046, 0.0844, 0.1586, 0.4573, 0.2819, -0.2871
0.0050, 0.0846, 0.1585, 0.4569, 0.2822, -0.2888
0.0057, 0.0846, 0.1581, 0.4557, 0.2824, -0.2909
0.0061, 0.0843, 0.1574, 0.4539, 0.2822, -0.2923
0.0064, 0.0836, 0.1564, 0.4512, 0.2817, -0.2931
0.0072, 0.0829, 0.1551, 0.4478, 0.2812, -0.2949
0.0080, 0.0823, 0.1536, 0.4439, 0.2807, -0.2971
0.0085, 0.0815, 0.1517, 0.4389, 0.2797, -0.2981
0.0085, 0.0806, 0.1497, 0.4337, 0.2782, -0.2976
0.0081, 0.0803, 0.1489, 0.4316, 0.2773, -0.2964
0.0077, 0.0804, 0.1489, 0.4316, 0.2769, -0.2952
0.0077, 0.0801, 0.1479, 0.4290, 0.2761, -0.2950
0.0078, 0.0795, 0.1460, 0.4238, 0.2746, -0.2948
0.0071, 0.0783, 0.1436, 0.4176, 0.2721, -0.2921
0.0063, 0.0762, 0.1399, 0.4083, 0.2685, -0.2880
0.0061, 0.0733, 0.1347, 0.3951, 0.2643, -0.2853
0.0065, 0.0710, 0.1304, 0.3839, 0.2610, -0.2843
0.0066, 0.0703, 0.1292, 0.3807, 0.2600, -0.2841
0.0065, 0.0710, 0.1307, 0.3845, 0.2610, -0.2844
0.0066, 0.0723, 0.1331, 0.3906, 0.2628, -0.2854
0.0067, 0.0733, 0.1354, 0.3964, 0.2643, -0.2862
0.0065, 0.0742, 0.1372, 0.4010, 0.2655, -0.2863
0.0065, 0.0746, 0.1382, 0.4035, 0.2661, -0.2864
0.0067, 0.0750, 0.1390, 0.4056, 0.2667, -0.2870
0.0068, 0.0757, 0.1405, 0.4095, 0.2679, -0.2877
0.0071, 0.0765, 0.1424, 0.4143, 0.2695, -0.2894
0.0078, 0.0778, 0.1451, 0.4214, 0.2720, -0.2922
0.0078, 0.0795, 0.1487, 0.4308, 0.2748, -0.2934
0.0070, 0.0807, 0.1516, 0.4384, 0.2764, -0.2923
0.0059, 0.0811, 0.1529, 0.4421, 0.2765, -0.2893
0.0044, 0.0810, 0.1534, 0.4438, 0.2757, -0.2851
0.0033, 0.0809, 0.1538, 0.4451, 0.2751, -0.2819
0.0026, 0.0805, 0.1533, 0.4440, 0.2743, -0.2799
0.0024, 0.0795, 0.1513, 0.4388, 0.2726, -0.2787
0.0029, 0.0780, 0.1481, 0.4306, 0.2706, -0.2792
0.0040, 0.0766, 0.1449, 0.4223, 0.2689, -0.2811
0.0049, 0.0759, 0.1431, 0.4176, 0.2682, -0.2833
0.0056, 0.0761, 0.1431, 0.4175, 0.2688, -0.2854
0.0061, 0.0771, 0.1443, 0.4205, 0.2702, -0.2876
0.0062, 0.0781, 0.1456, 0.4236, 0.2712, -0.2886
0.0059, 0.0785, 0.1458, 0.4241, 0.2712, -0.2880
0.0054, 0.0784, 0.1451, 0.4221, 0.2703, -0.2869
0.0050, 0.0779, 0.1441, 0.4196, 0.2693, -0.2854
0.0046, 0.0776, 0.1436, 0.4184, 0.2687, -0.2840
0.0042, 0.0775, 0.1437, 0.4188, 0.2686, -0.2831
0.0040, 0.0770, 0.1434, 0.4181, 0.2682, -0.2819
0.0034, 0.0762, 0.1427, 0.4166, 0.2673, -0.2798
0.0025, 0.0760, 0.1430, 0.4175, 0.2667, -0.2768
0.0016, 0.0765, 0.1444, 0.4213, 0.2672, -0.2748
0.0012, 0.0774, 0.1461, 0.4257, 0.2682, -0.2743
0.0009, 0.0781, 0.1474, 0.4289, 0.2691, -0.2740
0.0005, 0.0777, 0.1471, 0.4283, 0.2685, -0.2725
0.0002, 0.0766, 0.1453, 0.4239, 0.2670, -0.2708
0.0003, 0.0758, 0.1443, 0.4214, 0.2663, -0.2702
0.0002, 0.0757, 0.1443, 0.4215, 0.2663, -0.2699
-0.0001, 0.0759, 0.1449, 0.4231, 0.2666, -0.2692
-0.0005, 0.0768, 0.1467, 0.4277, 0.2678, -0.2688
-0.0007, 0.0784, 0.1493, 0.4344, 0.2697, -0.2694
-0.0002, 0.0795, 0.1507, 0.4378, 0.2712, -0.2714
0.0009, 0.0799, 0.1504, 0.4368, 0.2719, -0.2748
0.0018, 0.0798, 0.1496, 0.4344, 0.2720, -0.2773
0.0017, 0.0797, 0.1488, 0.4326, 0.2715, -0.2772
0.0014, 0.0799, 0.1486, 0.4318, 0.2711, -0.2763
0.0015, 0.0801, 0.1481, 0.4305, 0.2709, -0.2768
0.0017, 0.0802, 0.1476, 0.4290, 0.2708, -0.2775
0.0020, 0.0807, 0.1480, 0.4302, 0.2714, -0.2785
0.0026, 0.0815, 0.1487, 0.4318, 0.2725, -0.2808
0.0036, 0.0816, 0.1482, 0.4303, 0.2730, -0.2837
0.0047, 0.0813, 0.1470, 0.4271, 0.2729, -0.2863
0.0053, 0.0807, 0.1459, 0.4241, 0.2725, -0.2876
0.0055, 0.0799, 0.1445, 0.4207, 0.2716, -0.2877
0.0062, 0.0792, 0.1432, 0.4173, 0.2710, -0.2887
0.0072, 0.0784, 0.1420, 0.4142, 0.2708, -0.2910
0.0080, 0.0777, 0.1411, 0.4119, 0.2705, -0.2924
0.0082, 0.0773, 0.1408, 0.4112, 0.2704, -0.2926
0.0084, 0.0774, 0.1413, 0.4127, 0.2709, -0.2933
0.0087, 0.0783, 0.1436, 0.4188, 0.2727, -0.2946
0.0085, 0.0796, 0.1471, 0.4280, 0.2751, -0.2949
0.0080, 0.0809, 0.1503, 0.4363, 0.2771, -0.2943
0.0075, 0.0820, 0.1530, 0.4434, 0.2788, -0.2936
0.0068, 0.0833, 0.1556, 0.4502, 0.2803, -0.2927
0.0061, 0.0845, 0.1582, 0.4572, 0.2818, -0.2913
0.0049, 0.0854, 0.1605, 0.4633, 0.2827, -0.2888
0.0037, 0.0862, 0.1625, 0.4685, 0.2834, -0.2861
0.0030, 0.0868, 0.1642, 0.4731, 0.2842, -0.2847
0.0027, 0.0871, 0.1653, 0.4761, 0.2849, -0.2841
0.0030, 0.0872, 0.1659, 0.4775, 0.2855, -0.2851
0.0034, 0.0875, 0.1664, 0.4789, 0.2863, -0.2864
0.0030, 0.0881, 0.1676, 0.4819, 0.2868, -0.2857
0.0022, 0.0887, 0.1689, 0.4853, 0.2871, -0.2838
0.0017, 0.0886, 0.1689, 0.4855, 0.2867, -0.2823
0.0017, 0.0881, 0.1683, 0.4840, 0.2861, -0.2817
0.0017, 0.0876, 0.1677, 0.4823, 0.2855, -0.2813
0.0016, 0.0866, 0.1659, 0.4779, 0.2840, -0.2802
0.0018, 0.0851, 0.1628, 0.4697, 0.2816, -0.2793
0.0023, 0.0830, 0.1582, 0.4579, 0.2784, -0.2791
0.0031, 0.0809, 0.1536, 0.4459, 0.2755, -0.2798
0.0039, 0.0799, 0.1508, 0.4384, 0.2739, -0.2813
0.0049, 0.0796, 0.1491, 0.4340, 0.2733, -0.2836
0.0064, 0.0795, 0.1482, 0.4313, 0.2737, -0.2877
0.0077, 0.0800, 0.1485, 0.4319, 0.2748, -0.2917
0.0085, 0.0810, 0.1495, 0.4344, 0.2762, -0.2944
0.0093, 0.0820, 0.1507, 0.4371, 0.2777, -0.2970
0.0098, 0.0830, 0.1524, 0.4413, 0.2795, -0.2991
0.0097, 0.0840, 0.1545, 0.4466, 0.2810, -0.2992
0.0093, 0.0840, 0.1551, 0.4484, 0.2811, -0.2979
0.0094, 0.0832, 0.1538, 0.4449, 0.2801, -0.2975
0.0100, 0.0823, 0.1519, 0.4399, 0.2792, -0.2986
0.0100, 0.0817, 0.1509, 0.4373, 0.2785, -0.2981
0.0087, 0.0811, 0.1504, 0.4364, 0.2772, -0.2938
0.0075, 0.0804, 0.1498, 0.4350, 0.2759, -0.2899
0.0075, 0.0800, 0.1495, 0.4341, 0.2758, -0.2898
0.0078, 0.0798, 0.1493, 0.4337, 0.2760, -0.2904
0.0074, 0.0791, 0.1486, 0.4320, 0.2753, -0.2890
0.0069, 0.0783, 0.1480, 0.4304, 0.2744, -0.2869
0.0064, 0.0784, 0.1489, 0.4329, 0.2748, -0.2856
0.0060, 0.0795, 0.1517, 0.4401, 0.2767, -0.2852
0.0056, 0.0809, 0.1549, 0.4483, 0.2790, -0.2852
0.0051, 0.0821, 0.1576, 0.4551, 0.2808, -0.2847
0.0045, 0.0825, 0.1589, 0.4585, 0.2815, -0.2833
0.0042, 0.0826, 0.1594, 0.4599, 0.2818, -0.2826
0.0039, 0.0835, 0.1609, 0.4636, 0.2829, -0.2824
0.0029, 0.0847, 0.1631, 0.4692, 0.2840, -0.2808
0.0015, 0.0855, 0.1647, 0.4732, 0.2842, -0.2775
0.0004, 0.0857, 0.1652, 0.4745, 0.2838, -0.2744
-0.0001, 0.0856, 0.1652, 0.4746, 0.2836, -0.2729
-0.0001, 0.0855, 0.1647, 0.4732, 0.2835, -0.2730
0.0000, 0.0850, 0.1632, 0.4691, 0.2826, -0.2731
-0.0000, 0.0842, 0.1609, 0.4629, 0.2809, -0.2726
0.0003, 0.0836, 0.1588, 0.4575, 0.2796, -0.2732
0.0009, 0.0833, 0.1574, 0.4536, 0.2790, -0.2748
0.0015, 0.0826, 0.1556, 0.4489, 0.2781, -0.2762
0.0026, 0.0815, 0.1532, 0.4426, 0.2769, -0.2786
0.0043, 0.0808, 0.1511, 0.4370, 0.2765, -0.2830
0.0063, 0.0809, 0.1501, 0.4342, 0.2773, -0.2892
0.0083, 0.0812, 0.1495, 0.4321, 0.2783, -0.2952
0.0093, 0.0812, 0.1482, 0.4285, 0.2780, -0.2982
0.0092, 0.0807, 0.1464, 0.4239, 0.2765, -0.2977
0.0083, 0.0800, 0.1448, 0.4199, 0.2744, -0.2949
0.0071, 0.0790, 0.1434, 0.4165, 0.2723, -0.2908
0.0061, 0.0778, 0.1416, 0.4122, 0.2700, -0.2872
0.0057, 0.0768, 0.1398, 0.4077, 0.2683, -0.2855
0.0059, 0.0764, 0.1390, 0.4058, 0.2678, -0.2857
0.0059, 0.0762, 0.1391, 0.4061, 0.2678, -0.2858
0.0054, 0.0762, 0.1396, 0.4077, 0.2678, -0.2844
0.0050, 0.0766, 0.1407, 0.4108, 0.2682, -0.2834
0.0047, 0.0769, 0.1414, 0.4127, 0.2685, -0.2828
0.0043, 0.0765, 0.1412, 0.4122, 0.2680, -0.2812
0.0036, 0.0761, 0.1410, 0.4120, 0.2673, -0.2789
0.0032, 0.0758, 0.1410, 0.4120, 0.2669, -0.2774
0.0031, 0.0753, 0.1402, 0.4102, 0.2664, -0.2768
0.0033, 0.0748, 0.1390, 0.4069, 0.2657, -0.2769
0.0036, 0.0744, 0.1377, 0.4035, 0.2651, -0.2775
0.0039, 0.0741, 0.1366, 0.4005, 0.2646, -0.2780
0.0040, 0.0736, 0.1352, 0.3969, 0.2638, -0.2779
0.0038, 0.0733, 0.1342, 0.3943, 0.2630, -0.2768
0.0035, 0.0733, 0.1340, 0.3936, 0.2627, -0.2756
0.0037, 0.0737, 0.1345, 0.3950, 0.2633, -0.2761
0.0040, 0.0747, 0.1362, 0.3992, 0.2650, -0.2775
0.0041, 0.0758, 0.1384, 0.4048, 0.2667, -0.2783
0.0041, 0.0768, 0.1403, 0.4096, 0.2682, -0.2788
0.0040, 0.0777, 0.1423, 0.4147, 0.2696, -0.2788
0.0032, 0.0787, 0.1448, 0.4214, 0.2708, -0.2770
0.0021, 0.0793, 0.1467, 0.4266, 0.2714, -0.2741
0.0013, 0.0791, 0.1470, 0.4277, 0.2709, -0.2714
0.0010, 0.0787, 0.1465, 0.4266, 0.2703, -0.2701
0.0013, 0.0785, 0.1459, 0.4250, 0.2700, -0.2707
0.0015, 0.0783, 0.1455, 0.4239, 0.2698, -0.2709
0.0010, 0.0782, 0.1455, 0.4241, 0.2694, -0.2693
0.0005, 0.0785, 0.1463, 0.4263, 0.2695, -0.2678
0.0002, 0.0791, 0.1473, 0.4287, 0.2700, -0.2672
0.0001, 0.0794, 0.1476, 0.4295, 0.2702, -0.2673
0.0004, 0.0794, 0.1474, 0.4291, 0.2702, -0.2679
0.0012, 0.0791, 0.1471, 0.4281, 0.2706, -0.2701
0.0028, 0.0790, 0.1470, 0.4278, 0.2716, -0.2744
0.0042, 0.0794, 0.1478, 0.4298, 0.2733, -0.2786
0.0050, 0.0800, 0.1495, 0.4340, 0.2751, -0.2810
0.0053, 0.0811, 0.1518, 0.4399, 0.2772, -0.2827
0.0055, 0.0824, 0.1541, 0.4458, 0.2792, -0.2839
0.0054, 0.0834, 0.1558, 0.4501, 0.2806, -0.2843
0.0050, 0.0838, 0.1566, 0.4523, 0.2810, -0.2832
0.0045, 0.0835, 0.1563, 0.4516, 0.2806, -0.2816
0.0045, 0.0829, 0.1552, 0.4485, 0.2798, -0.2812
0.0046, 0.0827, 0.1546, 0.4469, 0.2796, -0.2814
0.0045, 0.0838, 0.1561, 0.4507, 0.2808, -0.2817
0.0042, 0.0855, 0.1589, 0.4578, 0.2829, -0.2820
0.0037, 0.0868, 0.1614, 0.4641, 0.2845, -0.2814
0.0032, 0.0876, 0.1631, 0.4685, 0.2856, -0.2807
0.0035, 0.0880, 0.1639, 0.4705, 0.2864, -0.2816
0.0043, 0.0881, 0.1637, 0.4698, 0.2869, -0.2836
0.0048, 0.0869, 0.1615, 0.4639, 0.2857, -0.2842
0.0049, 0.0845, 0.1570, 0.4524, 0.2823, -0.2823
0.0049, 0.0819, 0.1522, 0.4401, 0.2785, -0.2801
0.0048, 0.0799, 0.1484, 0.4303, 0.2755, -0.2783
0.0049, 0.0782, 0.1451, 0.4217, 0.2730, -0.2772
0.0053, 0.0766, 0.1420, 0.4137, 0.2709, -0.2771
0.0058, 0.0759, 0.1405, 0.4097, 0.2700, -0.2781
0.0067, 0.0759, 0.1405, 0.4096, 0.2706, -0.2804
0.0073, 0.0764, 0.1413, 0.4115, 0.2716, -0.2824
0.0073, 0.0773, 0.1431, 0.4163, 0.2730, -0.2833
0.0072, 0.0786, 0.1456, 0.4226, 0.2746, -0.2837
0.0065, 0.0796, 0.1478, 0.4285, 0.2757, -0.2825
0.0054, 0.0804, 0.1498, 0.4341, 0.2763, -0.2802
0.0043, 0.0812, 0.1519, 0.4398, 0.2770, -0.2779
0.0034, 0.0821, 0.1539, 0.4453, 0.2777, -0.2761
0.0031, 0.0827, 0.1552, 0.4487, 0.2784, -0.2757
0.0033, 0.0826, 0.1550, 0.4484, 0.2783, -0.2764
0.0039, 0.0823, 0.1545, 0.4470, 0.2782, -0.2777
0.0044, 0.0823, 0.1545, 0.4470, 0.2786, -0.2795
0.0048, 0.0825, 0.1547, 0.4477, 0.2790, -0.2808
0.0052, 0.0830, 0.1553, 0.4489, 0.2797, -0.2826
0.0058, 0.0832, 0.1556, 0.4496, 0.2804, -0.2845
0.0061, 0.0826, 0.1549, 0.4480, 0.2802, -0.2851
0.0062, 0.0818, 0.1540, 0.4458, 0.2795, -0.2847
0.0062, 0.0815, 0.1539, 0.4457, 0.2795, -0.2844
0.0064, 0.0816, 0.1544, 0.4470, 0.2800, -0.2852
0.0069, 0.0815, 0.1542, 0.4464, 0.2803, -0.2865
0.0071, 0.0811, 0.1535, 0.4444, 0.2799, -0.2868
0.0066, 0.0808, 0.1530, 0.4433, 0.2791, -0.2851
0.0056, 0.0802, 0.1522, 0.4413, 0.2778, -0.2818
0.0047, 0.0792, 0.1505, 0.4372, 0.2759, -0.2786
0.0043, 0.0777, 0.1479, 0.4306, 0.2736, -0.2763
0.0041, 0.0760, 0.1444, 0.4216, 0.2709, -0.2743
0.0041, 0.0744, 0.1408, 0.4121, 0.2683, -0.2733
0.0043, 0.0733, 0.1382, 0.4054, 0.2667, -0.2732
0.0044, 0.0736, 0.1379, 0.4044, 0.2667, -0.2737
0.0044, 0.0744, 0.1388, 0.4065, 0.2676, -0.2742
0.0042, 0.0746, 0.1387, 0.4061, 0.2676, -0.2739
0.0043, 0.0744, 0.1378, 0.4037, 0.2671, -0.2739
0.0044, 0.0746, 0.1379, 0.4038, 0.2675, -0.2742
0.0036, 0.0757, 0.1398, 0.4088, 0.2685, -0.2728
0.0025, 0.0773, 0.1429, 0.4168, 0.2702, -0.2709
0.0018, 0.0788, 0.1460, 0.4248, 0.2721, -0.2700
0.0013, 0.0799, 0.1484, 0.4308, 0.2737, -0.2694
0.0010, 0.0808, 0.1505, 0.4364, 0.2752, -0.2692
0.0011, 0.0821, 0.1532, 0.4433, 0.2774, -0.2703
0.0017, 0.0835, 0.1559, 0.4499, 0.2799, -0.2728
0.0025, 0.0843, 0.1575, 0.4540, 0.2819, -0.2757
0.0034, 0.0848, 0.1586, 0.4567, 0.2835, -0.2787
0.0047, 0.0854, 0.1596, 0.4590, 0.2853, -0.2829
0.0063, 0.0863, 0.1608, 0.4618, 0.2875, -0.2882
0.0076, 0.0876, 0.1626, 0.4663, 0.2900, -0.2928
0.0083, 0.0888, 0.1644, 0.4706, 0.2921, -0.2959
0.0084, 0.0894, 0.1654, 0.4729, 0.2929, -0.2965
0.0080, 0.0894, 0.1653, 0.4726, 0.2925, -0.2952
0.0076, 0.0888, 0.1640, 0.4694, 0.2913, -0.2938
0.0075, 0.0876, 0.1618, 0.4638, 0.2895, -0.2924
0.0073, 0.0858, 0.1587, 0.4557, 0.2868, -0.2904
0.0073, 0.0841, 0.1555, 0.4474, 0.2842, -0.2890
0.0076, 0.0830, 0.1535, 0.4422, 0.2828, -0.2889
0.0078, 0.0823, 0.1524, 0.4393, 0.2820, -0.2888
0.0080, 0.0816, 0.1508, 0.4352, 0.2808, -0.2885
0.0080, 0.0806, 0.1487, 0.4297, 0.2790, -0.2877
0.0078, 0.0795, 0.1467, 0.4245, 0.2771, -0.2861
0.0078, 0.0785, 0.1446, 0.4191, 0.2753, -0.2852
0.0080, 0.0780, 0.1434, 0.4161, 0.2744, -0.2853
0.0080, 0.0785, 0.1439, 0.4175, 0.2746, -0.2851
0.0078, 0.0793, 0.1452, 0.4208, 0.2754, -0.2851
0.0078, 0.0795, 0.1456, 0.4216, 0.2755, -0.2849
0.0079, 0.0788, 0.1447, 0.4197, 0.2747, -0.2843
0.0078, 0.0782, 0.1439, 0.4178, 0.2737, -0.2834
0.0073, 0.0780, 0.1438, 0.4176, 0.2731, -0.2818
0.0072, 0.0781, 0.1443, 0.4188, 0.2731, -0.2812
0.0076, 0.0784, 0.1450, 0.4208, 0.2740, -0.2825
0.0080, 0.0789, 0.1460, 0.4233, 0.2750, -0.2839
0.0083, 0.0795, 0.1468, 0.4253, 0.2759, -0.2849
0.0083, 0.0801, 0.1474, 0.4269, 0.2765, -0.2856
0.0080, 0.0808, 0.1483, 0.4292, 0.2769, -0.2852
0.0072, 0.0813, 0.1493, 0.4319, 0.2770, -0.2833
0.0060, 0.0805, 0.1489, 0.4313, 0.2757, -0.2795
0.0045, 0.0786, 0.1466, 0.4259, 0.2726, -0.2738
0.0030, 0.0766, 0.1443, 0.4205, 0.2695, -0.2678
0.0018, 0.0756, 0.1435, 0.4188, 0.2678, -0.2637
0.0013, 0.0758, 0.1442, 0.4208, 0.2679, -0.2623
0.0014, 0.0767, 0.1459, 0.4250, 0.2691, -0.2634
0.0022, 0.0778, 0.1474, 0.4286, 0.2708, -0.2664
0.0030, 0.0785, 0.1483, 0.4308, 0.2721, -0.2692
0.0038, 0.0790, 0.1485, 0.4311, 0.2729, -0.2717
0.0048, 0.0791, 0.1481, 0.4297, 0.2734, -0.2745
0.0055, 0.0792, 0.1481, 0.4296, 0.2739, -0.2766
0.0058, 0.0798, 0.1491, 0.4323, 0.2750, -0.2777
0.0055, 0.0800, 0.1497, 0.4338, 0.2751, -0.2770
0.0045, 0.0794, 0.1491, 0.4325, 0.2738, -0.2735
0.0033, 0.0788, 0.1486, 0.4315, 0.2725, -0.2695
0.0025, 0.0786, 0.1489, 0.4325, 0.2720, -0.2671
0.0019, 0.0788, 0.1498, 0.4349, 0.2722, -0.2653
0.0011, 0.0791, 0.1506, 0.4372, 0.2721, -0.2631
0.0002, 0.0791, 0.1512, 0.4391, 0.2719, -0.2607
-0.0004, 0.0794, 0.1521, 0.4414, 0.2721, -0.2592
-0.0005, 0.0799, 0.1529, 0.4437, 0.2726, -0.2592
-0.0004, 0.0803, 0.1534, 0.4449, 0.2730, -0.2597
-0.0001, 0.0801, 0.1525, 0.4426, 0.2726, -0.2604
0.0008, 0.0792, 0.1501, 0.4362, 0.2714, -0.2621
0.0014, 0.0780, 0.1471, 0.4285, 0.2696, -0.2629
0.0013, 0.0765, 0.1439, 0.4202, 0.2670, -0.2612
0.0008, 0.0751, 0.1410, 0.4127, 0.2644, -0.2590
0.0007, 0.0747, 0.1395, 0.4089, 0.2633, -0.2583
0.0008, 0.0749, 0.1393, 0.4081, 0.2631, -0.2585
0.0007, 0.0751, 0.1393, 0.4081, 0.2631, -0.2582
0.0009, 0.0749, 0.1388, 0.4068, 0.2629, -0.2586
0.0014, 0.0744, 0.1376, 0.4036, 0.2624, -0.2596
0.0017, 0.0739, 0.1366, 0.4010, 0.2619, -0.2601
0.0021, 0.0740, 0.1368, 0.4012, 0.2624, -0.2613
0.0027, 0.0745, 0.1375, 0.4030, 0.2635, -0.2636
0.0035, 0.0746, 0.1381, 0.4045, 0.2645, -0.2659
0.0040, 0.0744, 0.1384, 0.4054, 0.2651, -0.2672
0.0041, 0.0745, 0.1394, 0.4081, 0.2658, -0.2677
0.0044, 0.0753, 0.1415, 0.4134, 0.2676, -0.2691
0.0049, 0.0758, 0.1430, 0.4174, 0.2692, -0.2713
0.0054, 0.0759, 0.1435, 0.4187, 0.2700, -0.2729
0.0059, 0.0761, 0.1441, 0.4201, 0.2709, -0.2747
0.0064, 0.0770, 0.1455, 0.4235, 0.2726, -0.2773
0.0069, 0.0780, 0.1467, 0.4265, 0.2741, -0.2798
0.0074, 0.0782, 0.1467, 0.4264, 0.2746, -0.2816
0.0080, 0.0777, 0.1455, 0.4232, 0.2743, -0.2834
0.0087, 0.0768, 0.1437, 0.4186, 0.2736, -0.2850
0.0093, 0.0761, 0.1421, 0.4145, 0.2729, -0.2863
0.0099, 0.0749, 0.1398, 0.4086, 0.2716, -0.2873
0.0103, 0.0736, 0.1372, 0.4018, 0.2700, -0.2878
0.0102, 0.0734, 0.1369, 0.4011, 0.2697, -0.2875
0.0096, 0.0747, 0.1395, 0.4080, 0.2713, -0.2871
0.0090, 0.0768, 0.1434, 0.4182, 0.2740, -0.2875
0.0087, 0.0784, 0.1465, 0.4262, 0.2762, -0.2880
0.0080, 0.0792, 0.1485, 0.4316, 0.2772, -0.2872
0.0066, 0.0801, 0.1509, 0.4379, 0.2779, -0.2842
0.0050, 0.0812, 0.1535, 0.4449, 0.2787, -0.2808
0.0040, 0.0822, 0.1553, 0.4497, 0.2793, -0.2790
0.0035, 0.0830, 0.1563, 0.4524, 0.2799, -0.2786
0.0037, 0.0835, 0.1565, 0.4526, 0.2802, -0.2799
0.0047, 0.0833, 0.1552, 0.4490, 0.2801, -0.2828
0.0059, 0.0828, 0.1536, 0.4446, 0.2798, -0.2861
0.0069, 0.0825, 0.1526, 0.4420, 0.2798, -0.2889
0.0077, 0.0823, 0.1519, 0.4401, 0.2798, -0.2912
0.0082, 0.0822, 0.1514, 0.4388, 0.2798, -0.2928
0.0084, 0.0821, 0.1508, 0.4371, 0.2794, -0.2933
0.0084, 0.0816, 0.1493, 0.4334, 0.2783, -0.2932
0.0081, 0.0810, 0.1481, 0.4303, 0.2770, -0.2920
0.0074, 0.0807, 0.1479, 0.4301, 0.2763, -0.2899
0.0070, 0.0805, 0.1478, 0.4298, 0.2758, -0.2886
0.0070, 0.0799, 0.1469, 0.4278, 0.2750, -0.2881
0.0071, 0.0791, 0.1456, 0.4243, 0.2740, -0.2877
0.0075, 0.0781, 0.1437, 0.4196, 0.2728, -0.2881
0.0079, 0.0773, 0.1422, 0.4155, 0.2718, -0.2887
0.0079, 0.0771, 0.1415, 0.4137, 0.2713, -0.2887
0.0076, 0.0771, 0.1412, 0.4130, 0.2708, -0.2878
0.0071, 0.0769, 0.1411, 0.4128, 0.2704, -0.2862
0.0064, 0.0773, 0.1425, 0.4166, 0.2710, -0.2845
0.0059, 0.0788, 0.1460, 0.4257, 0.2733, -0.2840
0.0059, 0.0812, 0.1505, 0.4373, 0.2769, -0.2858
0.0065, 0.0835, 0.1543, 0.4467, 0.2803, -0.2890
0.0071, 0.0847, 0.1559, 0.4507, 0.2821, -0.2914
0.0076, 0.0852, 0.1563, 0.4515, 0.2829, -0.2929
0.0082, 0.0857, 0.1567, 0.4523, 0.2838, -0.2951
0.0091, 0.0862, 0.1570, 0.4526, 0.2847, -0.2977
0.0102, 0.0864, 0.1568, 0.4520, 0.2854, -0.3008
0.0114, 0.0864, 0.1564, 0.4506, 0.2859, -0.3038
0.0122, 0.0863, 0.1560, 0.4494, 0.2862, -0.3060
0.0129, 0.0862, 0.1558, 0.4486, 0.2864, -0.3078
0.0132, 0.0862, 0.1559, 0.4489, 0.2868, -0.3090
0.0131, 0.0865, 0.1566, 0.4504, 0.2872, -0.3090
0.0128, 0.0865, 0.1568, 0.4510, 0.2871, -0.3083
0.0129, 0.0862, 0.1567, 0.4506, 0.2871, -0.3085
0.0132, 0.0863, 0.1573, 0.4521, 0.2877, -0.3095
0.0127, 0.0865, 0.1583, 0.4548, 0.2881, -0.3083
0.0117, 0.0858, 0.1580, 0.4542, 0.2870, -0.3051
0.0106, 0.0844, 0.1562, 0.4497, 0.2848, -0.3013
0.0092, 0.0835, 0.1552, 0.4474, 0.2829, -0.2966
0.0074, 0.0834, 0.1556, 0.4489, 0.2819, -0.2917
0.0058, 0.0831, 0.1557, 0.4493, 0.2807, -0.2871
0.0045, 0.0825, 0.1549, 0.4475, 0.2792, -0.2831
0.0038, 0.0819, 0.1538, 0.4447, 0.2777, -0.2807
0.0037, 0.0818, 0.1533, 0.4433, 0.2773, -0.2805
0.0040, 0.0823, 0.1536, 0.4439, 0.2777, -0.2817
0.0043, 0.0825, 0.1534, 0.4434, 0.2777, -0.2826
0.0044, 0.0822, 0.1528, 0.4418, 0.2773, -0.2827
0.0043, 0.0820, 0.1525, 0.4411, 0.2770, -0.2824
0.0042, 0.0819, 0.1526, 0.4411, 0.2771, -0.2821
0.0045, 0.0818, 0.1523, 0.4405, 0.2772, -0.2828
0.0049, 0.0816, 0.1519, 0.4391, 0.2774, -0.2841
0.0054, 0.0813, 0.1510, 0.4368, 0.2773, -0.2854
0.0059, 0.0807, 0.1495, 0.4327, 0.2766, -0.2863
0.0063, 0.0799, 0.1476, 0.4277, 0.2755, -0.2868
0.0069, 0.0793, 0.1461, 0.4235, 0.2748, -0.2880
0.0078, 0.0793, 0.1458, 0.4226, 0.2753, -0.2906
0.0087, 0.0798, 0.1467, 0.4249, 0.2767, -0.2933
0.0090, 0.0802, 0.1479, 0.4281, 0.2778, -0.2945
0.0087, 0.0806, 0.1492, 0.4315, 0.2786, -0.2941
0.0080, 0.0816, 0.1516, 0.4377, 0.2798, -0.2926
0.0069, 0.0828, 0.1545, 0.4455, 0.2813, -0.2903
0.0057, 0.0833, 0.1560, 0.4497, 0.2816, -0.2870
0.0044, 0.0831, 0.1561, 0.4502, 0.2808, -0.2833
0.0038, 0.0829, 0.1561, 0.4501, 0.2803, -0.2813
0.0037, 0.0829, 0.1558, 0.4493, 0.2802, -0.2812
0.0035, 0.0827, 0.1553, 0.4480, 0.2797, -0.2805
0.0027, 0.0826, 0.1551, 0.4475, 0.2791, -0.2782
0.0020, 0.0823, 0.1546, 0.4464, 0.2783, -0.2759
0.0019, 0.0817, 0.1533, 0.4430, 0.2774, -0.2754
0.0027, 0.0813, 0.1519, 0.4394, 0.2771, -0.2773
0.0038, 0.0812, 0.1507, 0.4360, 0.2773, -0.2807
0.0048, 0.0809, 0.1494, 0.4325, 0.2771, -0.2832
0.0053, 0.0806, 0.1484, 0.4297, 0.2768, -0.2847
0.0060, 0.0808, 0.1479, 0.4284, 0.2771, -0.2868
0.0068, 0.0812, 0.1483, 0.4293, 0.2780, -0.2892
0.0073, 0.0814, 0.1489, 0.4307, 0.2787, -0.2907
0.0073, 0.0812, 0.1492, 0.4316, 0.2788, -0.2904
0.0067, 0.0811, 0.1498, 0.4334, 0.2787, -0.2885
0.0055, 0.0811, 0.1506, 0.4357, 0.2782, -0.2851
0.0045, 0.0809, 0.1507, 0.4361, 0.2775, -0.2821
0.0043, 0.0806, 0.1502, 0.4348, 0.2769, -0.2813
0.0042, 0.0806, 0.1503, 0.4352, 0.2768, -0.2808
0.0039, 0.0809, 0.1512, 0.4375, 0.2772, -0.2800
0.0037, 0.0810, 0.1516, 0.4384, 0.2772, -0.2794
0.0036, 0.0807, 0.1513, 0.4377, 0.2767, -0.2788
0.0035, 0.0799, 0.1504, 0.4357, 0.2758, -0.2777
0.0030, 0.0785, 0.1485, 0.4311, 0.2738, -0.2751
0.0022, 0.0766, 0.1457, 0.4241, 0.2710, -0.2713
0.0016, 0.0755, 0.1437, 0.4189, 0.2689, -0.2687
0.0015, 0.0757, 0.1439, 0.4196, 0.2689, -0.2682
0.0016, 0.0766, 0.1456, 0.4238, 0.2703, -0.2692
0.0021, 0.0776, 0.1474, 0.4284, 0.2719, -0.2712
0.0027, 0.0783, 0.1490, 0.4326, 0.2735, -0.2734
0.0033, 0.0789, 0.1506, 0.4366, 0.2750, -0.2755
0.0039, 0.0796, 0.1521, 0.4404, 0.2765, -0.2779
0.0045, 0.0803, 0.1534, 0.4438, 0.2779, -0.2799
0.0044, 0.0806, 0.1542, 0.4459, 0.2783, -0.2798
0.0043, 0.0804, 0.1539, 0.4452, 0.2780, -0.2794
0.0049, 0.0798, 0.1527, 0.4419, 0.2774, -0.2807
0.0058, 0.0797, 0.1518, 0.4395, 0.2774, -0.2834
0.0067, 0.0800, 0.1517, 0.4392, 0.2781, -0.2863
0.0072, 0.0806, 0.1522, 0.4401, 0.2789, -0.2882
0.0069, 0.0807, 0.1522, 0.4401, 0.2787, -0.2876
0.0059, 0.0803, 0.1517, 0.4389, 0.2776, -0.2844
0.0044, 0.0800, 0.1515, 0.4386, 0.2763, -0.2801
0.0029, 0.0799, 0.1516, 0.4392, 0.2754, -0.2761
0.0020, 0.0802, 0.1522, 0.4407, 0.2751, -0.2738
0.0014, 0.0812, 0.1537, 0.4444, 0.2758, -0.2732
0.0013, 0.0820, 0.1547, 0.4470, 0.2764, -0.2733
0.0014, 0.0820, 0.1544, 0.4460, 0.2763, -0.2739
0.0019, 0.0820, 0.1540, 0.4449, 0.2764, -0.2754
0.0028, 0.0823, 0.1543, 0.4456, 0.2773, -0.2780
0.0042, 0.0829, 0.1549, 0.4467, 0.2788, -0.2824
0.0060, 0.0843, 0.1562, 0.4497, 0.2814, -0.2885
0.0071, 0.0857, 0.1581, 0.4541, 0.2837, -0.2928
0.0071, 0.0860, 0.1585, 0.4552, 0.2839, -0.2927
0.0066, 0.0854, 0.1577, 0.4532, 0.2827, -0.2907
0.0062, 0.0848, 0.1568, 0.4512, 0.2817, -0.2890
0.0055, 0.0848, 0.1568, 0.4513, 0.2811, -0.2870
0.0045, 0.0851, 0.1574, 0.4529, 0.2808, -0.2842
0.0038, 0.0852, 0.1575, 0.4530, 0.2803, -0.2823
0.0037, 0.0847, 0.1563, 0.4499, 0.2793, -0.2814
0.0037, 0.0835, 0.1540, 0.4441, 0.2776, -0.2806
0.0040, 0.0821, 0.1514, 0.4372, 0.2757, -0.2802
0.0046, 0.0811, 0.1491, 0.4313, 0.2744, -0.2810
0.0056, 0.0806, 0.1474, 0.4266, 0.2739, -0.2833
0.0064, 0.0799, 0.1456, 0.4219, 0.2731, -0.2850
0.0066, 0.0789, 0.1436, 0.4166, 0.2717, -0.2849
0.0067, 0.0780, 0.1419, 0.4124, 0.2705, -0.2845
0.0068, 0.0775, 0.1408, 0.4097, 0.2698, -0.2846
0.0068, 0.0773, 0.1401, 0.4077, 0.2693, -0.2848
0.0068, 0.0774, 0.1395, 0.4062, 0.2689, -0.2848
0.0069, 0.0777, 0.1394, 0.4058, 0.2690, -0.2854
0.0071, 0.0783, 0.1400, 0.4074, 0.2697, -0.2864
0.0068, 0.0788, 0.1414, 0.4109, 0.2705, -0.2861
0.0063, 0.0795, 0.1434, 0.4163, 0.2717, -0.2853
0.0062, 0.0804, 0.1455, 0.4218, 0.2735, -0.2859
0.0065, 0.0812, 0.1469, 0.4251, 0.2749, -0.2874
0.0067, 0.0811, 0.1469, 0.4253, 0.2752, -0.2878
0.0067, 0.0806, 0.1465, 0.4243, 0.2750, -0.2875
0.0070, 0.0811, 0.1475, 0.4268, 0.2761, -0.2888
0.0079, 0.0826, 0.1498, 0.4326, 0.2786, -0.2924
0.0089, 0.0842, 0.1521, 0.4382, 0.2812, -0.2963
0.0092, 0.0854, 0.1538, 0.4425, 0.2828, -0.2984
0.0092, 0.0862, 0.1549, 0.4454, 0.2838, -0.2992
0.0091, 0.0863, 0.1552, 0.4462, 0.2838, -0.2988
0.0084, 0.0855, 0.1544, 0.4445, 0.2827, -0.2965
0.0077, 0.0838, 0.1523, 0.4395, 0.2804, -0.2932
0.0074, 0.0820, 0.1501, 0.4339, 0.2784, -0.2909
0.0068, 0.0814, 0.1499, 0.4336, 0.2777, -0.2888
0.0055, 0.0811, 0.1508, 0.4364, 0.2773, -0.2848
0.0039, 0.0806, 0.1515, 0.4385, 0.2765, -0.2800
0.0025, 0.0803, 0.1520, 0.4402, 0.2759, -0.2759
0.0018, 0.0802, 0.1522, 0.4406, 0.2754, -0.2736
0.0021, 0.0800, 0.1513, 0.4382, 0.2751, -0.2743
0.0027, 0.0796, 0.1501, 0.4348, 0.2747, -0.2756
0.0029, 0.0795, 0.1495, 0.4333, 0.2746, -0.2762
0.0034, 0.0797, 0.1496, 0.4333, 0.2750, -0.2776
0.0041, 0.0802, 0.1500, 0.4342, 0.2759, -0.2801
0.0046, 0.0808, 0.1511, 0.4371, 0.2771, -0.2819
0.0047, 0.0815, 0.1529, 0.4416, 0.2785, -0.2826
0.0051, 0.0823, 0.1549, 0.4468, 0.2803, -0.2842
0.0058, 0.0830, 0.1564, 0.4508, 0.2820, -0.2866
0.0063, 0.0835, 0.1571, 0.4524, 0.2829, -0.2883
0.0062, 0.0837, 0.1574, 0.4532, 0.2831, -0.2883
0.0059, 0.0836, 0.1572, 0.4528, 0.2827, -0.2871
0.0058, 0.0831, 0.1562, 0.4501, 0.2819, -0.2867
0.0064, 0.0828, 0.1551, 0.4472, 0.2815, -0.2881
0.0074, 0.0825, 0.1541, 0.4444, 0.2814, -0.2906
0.0081, 0.0816, 0.1523, 0.4396, 0.2805, -0.2922
0.0080, 0.0804, 0.1501, 0.4342, 0.2787, -0.2910
0.0073, 0.0796, 0.1490, 0.4317, 0.2772, -0.2885
0.0065, 0.0796, 0.1493, 0.4326, 0.2767, -0.2863
0.0058, 0.0799, 0.1502, 0.4351, 0.2768, -0.2846
0.0053, 0.0800, 0.1507, 0.4367, 0.2767, -0.2832
0.0049, 0.0797, 0.1506, 0.4366, 0.2763, -0.2818
0.0045, 0.0793, 0.1502, 0.4359, 0.2755, -0.2800
0.0040, 0.0789, 0.1499, 0.4352, 0.2748, -0.2781
0.0038, 0.0781, 0.1489, 0.4328, 0.2739, -0.2769
0.0039, 0.0774, 0.1480, 0.4307, 0.2733, -0.2766
0.0039, 0.0777, 0.1488, 0.4328, 0.2740, -0.2768
0.0036, 0.0786, 0.1506, 0.4375, 0.2751, -0.2763
0.0028, 0.0791, 0.1515, 0.4399, 0.2752, -0.2744
0.0022, 0.0790, 0.1511, 0.4391, 0.2745, -0.2726
0.0024, 0.0787, 0.1502, 0.4368, 0.2739, -0.2728
0.0026, 0.0785, 0.1497, 0.4355, 0.2737, -0.2732
0.0025, 0.0786, 0.1498, 0.4359, 0.2737, -0.2728
0.0026, 0.0786, 0.1498, 0.4358, 0.2738, -0.2732
0.0030, 0.0787, 0.1498, 0.4357, 0.2741, -0.2742
0.0034, 0.0788, 0.1499, 0.4360, 0.2746, -0.2756
0.0043, 0.0788, 0.1496, 0.4350, 0.2751, -0.2783
0.0055, 0.0788, 0.1491, 0.4333, 0.2757, -0.2818
0.0063, 0.0790, 0.1490, 0.4330, 0.2763, -0.2841
0.0060, 0.0793, 0.1495, 0.4341, 0.2765, -0.2837
0.0052, 0.0795, 0.1502, 0.4361, 0.2764, -0.2815
0.0046, 0.0796, 0.1506, 0.4373, 0.2763, -0.2802
0.0045, 0.0794, 0.1503, 0.4367, 0.2760, -0.2798
0.0041, 0.0789, 0.1497, 0.4352, 0.2753, -0.2786
0.0038, 0.0784, 0.1486, 0.4324, 0.2742, -0.2773
0.0038, 0.0776, 0.1467, 0.4275, 0.2729, -0.2771
0.0040, 0.0768, 0.1446, 0.4218, 0.2715, -0.2770
0.0039, 0.0761, 0.1430, 0.4175, 0.2703, -0.2764
0.0036, 0.0755, 0.1419, 0.4149, 0.2695, -0.2754
0.0031, 0.0748, 0.1410, 0.4128, 0.2685, -0.2735
0.0025, 0.0742, 0.1406, 0.4118, 0.2678, -0.2715
0.0021, 0.0743, 0.1412, 0.4134, 0.2680, -0.2706
0.0020, 0.0747, 0.1417, 0.4149, 0.2684, -0.2706
0.0020, 0.0742, 0.1408, 0.4124, 0.2676, -0.2700
0.0018, 0.0737, 0.1401, 0.4110, 0.2669, -0.2693
0.0016, 0.0741, 0.1417, 0.4151, 0.2678, -0.2689
0.0012, 0.0747, 0.1437, 0.4206, 0.2691, -0.2684
0.0009, 0.0751, 0.1452, 0.4245, 0.2699, -0.2677
0.0007, 0.0760, 0.1475, 0.4306, 0.2714, -0.2675
0.0005, 0.0776, 0.1511, 0.4398, 0.2739, -0.2682
0.0007, 0.0789, 0.1539, 0.4472, 0.2761, -0.2695
0.0014, 0.0799, 0.1556, 0.4514, 0.2779, -0.2721
0.0027, 0.0811, 0.1568, 0.4542, 0.2799, -0.2766
0.0041, 0.0818, 0.1570, 0.4544, 0.2811, -0.2808
0.0051, 0.0814, 0.1556, 0.4506, 0.2808, -0.2835
0.0059, 0.0807, 0.1539, 0.4460, 0.2800, -0.2849
0.0062, 0.0800, 0.1527, 0.4430, 0.2793, -0.2853
0.0065, 0.0794, 0.1518, 0.4407, 0.2787, -0.2853
0.0067, 0.0791, 0.1512, 0.4393, 0.2784, -0.2856
0.0071, 0.0789, 0.1509, 0.4384, 0.2783, -0.2864
0.0078, 0.0785, 0.1501, 0.4362, 0.2780, -0.2877
0.0084, 0.0784, 0.1495, 0.4345, 0.2779, -0.2894
0.0088, 0.0784, 0.1494, 0.4343, 0.2781, -0.2902
0.0082, 0.0780, 0.1489, 0.4334, 0.2772, -0.2882
0.0066, 0.0774, 0.1487, 0.4333, 0.2757, -0.2830
0.0042, 0.0774, 0.1497, 0.4363, 0.2746, -0.2761
0.0018, 0.0773, 0.1504, 0.4387, 0.2733, -0.2692
-0.0001, 0.0768, 0.1500, 0.4381, 0.2715, -0.2634
-0.0016, 0.0766, 0.1499, 0.4379, 0.2703, -0.2592
-0.0025, 0.0768, 0.1502, 0.4389, 0.2700, -0.2569
-0.0022, 0.0769, 0.1500, 0.4380, 0.2701, -0.2578
-0.0008, 0.0767, 0.1484, 0.4336, 0.2700, -0.2615
0.0012, 0.0762, 0.1462, 0.4274, 0.2699, -0.2668
