-0.2946, 0.1624, 0.0711, 0.3695, 0.1995, 0.3023
-0.2534, 0.1626, 0.0564, 0.3491, 0.2038, 0.2032
-0.3070, 0.1504, 0.0183, 0.2704, 0.1957, 0.2899
-0.2657, 0.0639, -0.1644, -0.1173, 0.1816, 0.2725
-0.2774, 0.0124, -0.2803, -0.3538, 0.1719, 0.2976
-0.2883, -0.0107, -0.2854, -0.3713, 0.1569, 0.2919
-0.2611, 0.0098, -0.2217, -0.2482, 0.1675, 0.2267
-0.2633, 0.0207, -0.1809, -0.1753, 0.1652, 0.2774
-0.2628, 0.0378, -0.1431, -0.1087, 0.1780, 0.2583
-0.2923, 0.0549, -0.1201, -0.0635, 0.1833, 0.3063
-0.2494, 0.0575, -0.1189, -0.0507, 0.1764, 0.2419
-0.2222, 0.0911, -0.0688, 0.0751, 0.1863, 0.1300
-0.2486, 0.0433, -0.1555, -0.1035, 0.1713, 0.1993
-0.2495, 0.0503, -0.1304, -0.0657, 0.1763, 0.2483
-0.2628, 0.0503, -0.1304, -0.0657, 0.1781, 0.2519
-0.2907, 0.0802, -0.0935, 0.0211, 0.1752, 0.3011
-0.2347, 0.0729, -0.1050, 0.0062, 0.1800, 0.2106
-0.2782, 0.0829, -0.0924, 0.0339, 0.1786, 0.2532
-0.2633, 0.0714, -0.0930, 0.0171, 0.1661, 0.2243
-0.2478, 0.1080, -0.0311, 0.1408, 0.1655, 0.2231
-0.2323, 0.0813, -0.0803, 0.0449, 0.1634, 0.2219
-0.2486, 0.0711, -0.0782, 0.0375, 0.1711, 0.2057
-0.2347, 0.0982, -0.0574, 0.0892, 0.1805, 0.1840
-0.2353, 0.0949, -0.0396, 0.1330, 0.1722, 0.1956
-0.2485, 0.1024, -0.0407, 0.1307, 0.1704, 0.2387
-0.2744, 0.0960, -0.0263, 0.1569, 0.1685, 0.2642
-0.2765, 0.1006, -0.0287, 0.1407, 0.1663, 0.3076
-0.2206, 0.1108, -0.0298, 0.1545, 0.1745, 0.1968
-0.2773, 0.0947, -0.0269, 0.1504, 0.1722, 0.2710
-0.2758, 0.0922, -0.0407, 0.1202, 0.1607, 0.3240
-0.2486, 0.0837, -0.0516, 0.0964, 0.1716, 0.2524
-0.2649, 0.0784, -0.0667, 0.0525, 0.1764, 0.2697
-0.2339, 0.0979, -0.0299, 0.1280, 0.1755, 0.1739
-0.2470, 0.0882, -0.0552, 0.0828, 0.1597, 0.2532
-0.2899, 0.0720, -0.0523, 0.0787, 0.1687, 0.2847
-0.2486, 0.0907, -0.0414, 0.1129, 0.1720, 0.2322
-0.2470, 0.0982, -0.0574, 0.0892, 0.1595, 0.2661
-0.2485, 0.0979, -0.0299, 0.1280, 0.1712, 0.1993
-0.2485, 0.0797, -0.0661, 0.0589, 0.1682, 0.1994
-0.2485, 0.1004, -0.0161, 0.1581, 0.1699, 0.2652
-0.2198, 0.0869, -0.0707, 0.0550, 0.1684, 0.2073
-0.2494, 0.1062, -0.0064, 0.1692, 0.1767, 0.2217
-0.2346, 0.0977, -0.0172, 0.1453, 0.1662, 0.2386
-0.2632, 0.0941, -0.0443, 0.0914, 0.1653, 0.2637
-0.2898, 0.1004, -0.0161, 0.1581, 0.1670, 0.2920
-0.2649, 0.0782, -0.0540, 0.0699, 0.1761, 0.2825
-0.2478, 0.0993, -0.0293, 0.1344, 0.1668, 0.2295
-0.2618, 0.0993, -0.0293, 0.1344, 0.1722, 0.2432
-0.2183, 0.0992, -0.0293, 0.1344, 0.1618, 0.1687
-0.2758, 0.0669, -0.0673, 0.0356, 0.1613, 0.2975
-0.2619, 0.0720, -0.0523, 0.0787, 0.1719, 0.2625
-0.2065, 0.0992, -0.0293, 0.1344, 0.1671, 0.1771
-0.2617, 0.1003, -0.0012, 0.1795, 0.1539, 0.3112
-0.2611, 0.0969, -0.0580, 0.0828, 0.1675, 0.2203
-0.2323, 0.0904, -0.0287, 0.1303, 0.1639, 0.1954
-0.2189, 0.0979, -0.0299, 0.1280, 0.1621, 0.1908
-0.2330, 0.0827, -0.0577, 0.0562, 0.1684, 0.2311
-0.2345, 0.0891, -0.0293, 0.1239, 0.1650, 0.2258
-0.2485, 0.0882, -0.0552, 0.0828, 0.1706, 0.2323
-0.2362, 0.0770, -0.0673, 0.0461, 0.1772, 0.1778
-0.2602, 0.0782, -0.0540, 0.0699, 0.1586, 0.2505
-0.2190, 0.0784, -0.0815, 0.0312, 0.1630, 0.2173
-0.2728, 0.0856, -0.0713, 0.0486, 0.1570, 0.3172
-0.2611, 0.0968, -0.0431, 0.1042, 0.1668, 0.2533
-0.2471, 0.0771, -0.0821, 0.0248, 0.1617, 0.2267
-0.2485, 0.0941, -0.0443, 0.0914, 0.1699, 0.2652
-0.2603, 0.0968, -0.0431, 0.1041, 0.1611, 0.2770
-0.2346, 0.0993, -0.0293, 0.1344, 0.1664, 0.2258
-0.2353, 0.0955, -0.0437, 0.0978, 0.1704, 0.2149
-0.2595, 0.0842, -0.0570, 0.0635, 0.1557, 0.2870
-0.2649, 0.0878, -0.0299, 0.1176, 0.1771, 0.2294
-0.3061, 0.0955, -0.0437, 0.0978, 0.1749, 0.3417
-0.2744, 0.0696, -0.0661, 0.0485, 0.1676, 0.3100
-0.2182, 0.0880, -0.0426, 0.1002, 0.1587, 0.1688
-0.2883, 0.0771, -0.0673, 0.0461, 0.1578, 0.3056
-0.2773, 0.1027, -0.0483, 0.0939, 0.1725, 0.2573
-0.2744, 0.0891, -0.0293, 0.1240, 0.1673, 0.3237
-0.2611, 0.1088, 0.0097, 0.2033, 0.1682, 0.2532
-0.2619, 0.0856, -0.0564, 0.0700, 0.1715, 0.2826
-0.2323, 0.0866, -0.0431, 0.0938, 0.1639, 0.1954
-0.2478, 0.0880, -0.0425, 0.1002, 0.1652, 0.2423
-0.2478, 0.0795, -0.0534, 0.0764, 0.1663, 0.2560
-0.2198, 0.0808, -0.0528, 0.0828, 0.1684, 0.2073
-0.2478, 0.0891, -0.0293, 0.1240, 0.1655, 0.2231
-0.2337, 0.0992, -0.0293, 0.1344, 0.1603, 0.1965
-0.2471, 0.0898, -0.0694, 0.0688, 0.1613, 0.2459
-0.2050, 0.1088, -0.0052, 0.1820, 0.1587, 0.1450
-0.2478, 0.1017, -0.0154, 0.1646, 0.1661, 0.2624
-0.2323, 0.0968, -0.0431, 0.1042, 0.1636, 0.2082
-0.2345, 0.0990, -0.0166, 0.1518, 0.1659, 0.1791
-0.2353, 0.0993, -0.0293, 0.1344, 0.1713, 0.2414
-0.2229, 0.0990, -0.0166, 0.1517, 0.1766, 0.1805
-0.2495, 0.0733, -0.0368, 0.1065, 0.1778, 0.2418
-0.2477, 0.1006, -0.0287, 0.1408, 0.1631, 0.2625
-0.2337, 0.0904, -0.0287, 0.1303, 0.1595, 0.2423
-0.2175, 0.0842, -0.0718, 0.0422, 0.1537, 0.1587
-0.2736, 0.0905, -0.0287, 0.1304, 0.1635, 0.2541
-0.2462, 0.1003, -0.0012, 0.1794, 0.1541, 0.2697
-0.2462, 0.0781, -0.0540, 0.0699, 0.1555, 0.2038
-0.2478, 0.0915, -0.0006, 0.1755, 0.1653, 0.2359
-0.2330, 0.0784, -0.0667, 0.0525, 0.1542, 0.2459
-0.2611, 0.0878, -0.0299, 0.1175, 0.1672, 0.2331
-0.2742, 0.0891, -0.0293, 0.1240, 0.1640, 0.2643
-0.2049, 0.0819, -0.0396, 0.1065, 0.1567, 0.1780
-0.2353, 0.0893, -0.0420, 0.1066, 0.1715, 0.2350
-0.2604, 0.0833, -0.0390, 0.1129, 0.1629, 0.2568
-0.2611, 0.0990, -0.0166, 0.1518, 0.1667, 0.2597
-0.2470, 0.0966, -0.0305, 0.1216, 0.1595, 0.2661
-0.2640, 0.0894, -0.0420, 0.1066, 0.1709, 0.2408
-0.2463, 0.0918, -0.0281, 0.1368, 0.1562, 0.2367
-0.2619, 0.0806, -0.0401, 0.1002, 0.1715, 0.2826
-0.2477, 0.0979, -0.0298, 0.1280, 0.1640, 0.2167
-0.2197, 0.0805, -0.0253, 0.1215, 0.1679, 0.1616
-0.2470, 0.0869, -0.0558, 0.0764, 0.1596, 0.2597
-0.2469, 0.0793, -0.0408, 0.0937, 0.1571, 0.2332
-0.2618, 0.0979, -0.0299, 0.1280, 0.1725, 0.2295
-0.2057, 0.0981, -0.0425, 0.1106, 0.1631, 0.1871
-0.2470, 0.0918, -0.0281, 0.1367, 0.1601, 0.2331
-0.2478, 0.0942, -0.0591, 0.0701, 0.1667, 0.2359
-0.2345, 0.1062, -0.0063, 0.1692, 0.1647, 0.2386
-0.2330, 0.0819, -0.0247, 0.1279, 0.1542, 0.2459
-0.2299, 0.1003, -0.0012, 0.1795, 0.1482, 0.1925
-0.2649, 0.0955, -0.0585, 0.0765, 0.1760, 0.2889
-0.2494, 0.0907, -0.0413, 0.1130, 0.1763, 0.2419
-0.1924, 0.0866, -0.0431, 0.0938, 0.1626, 0.1176
-0.2190, 0.0853, -0.0437, 0.0873, 0.1621, 0.1908
-0.2322, 0.1115, 0.0109, 0.2162, 0.1634, 0.2146
-0.2478, 0.0806, -0.0402, 0.1001, 0.1659, 0.2029
-0.2470, 0.0904, -0.0287, 0.1304, 0.1605, 0.2130
-0.2470, 0.0819, -0.0396, 0.1065, 0.1579, 0.2597
-0.2478, 0.0966, -0.0305, 0.1216, 0.1647, 0.2624
-0.2765, 0.0822, -0.0522, 0.0892, 0.1652, 0.2939
-0.2627, 0.0966, -0.0305, 0.1216, 0.1779, 0.2583
-0.2736, 0.0979, -0.0299, 0.1280, 0.1629, 0.2806
-0.2627, 0.0797, -0.0661, 0.0589, 0.1779, 0.2583
-0.2190, 0.1075, 0.0091, 0.1969, 0.1629, 0.2173
-0.2345, 0.0880, -0.0425, 0.1002, 0.1646, 0.2450
-0.2345, 0.0966, -0.0305, 0.1216, 0.1658, 0.1856
-0.2345, 0.0867, -0.0431, 0.0938, 0.1657, 0.1929
-0.2595, 0.0891, -0.0293, 0.1240, 0.1560, 0.2733
-0.2345, 0.1006, -0.0287, 0.1408, 0.1653, 0.2121
-0.2338, 0.0795, -0.0534, 0.0764, 0.1597, 0.2294
-0.2471, 0.0891, -0.0144, 0.1453, 0.1623, 0.2660
-0.2478, 0.0867, -0.0431, 0.0938, 0.1672, 0.2093
-0.2619, 0.0867, -0.0431, 0.0937, 0.1722, 0.2432
-0.2633, 0.0795, -0.0534, 0.0764, 0.1649, 0.2838
-0.2471, 0.0808, -0.0528, 0.0828, 0.1611, 0.2532
-0.2478, 0.0990, -0.0166, 0.1518, 0.1651, 0.2423
-0.2619, 0.0953, -0.0310, 0.1152, 0.1731, 0.2697
-0.2619, 0.0842, -0.0570, 0.0636, 0.1714, 0.2890
-0.2463, 0.0795, -0.0534, 0.0763, 0.1581, 0.2165
-0.2765, 0.0991, -0.0166, 0.1518, 0.1668, 0.2810
-0.2478, 0.0597, -0.0776, 0.0183, 0.1648, 0.2624
-0.2595, 0.0842, -0.0570, 0.0636, 0.1562, 0.2605
-0.2478, 0.1064, -0.0190, 0.1518, 0.1652, 0.2359
-0.2611, 0.0968, -0.0431, 0.1042, 0.1671, 0.2404
-0.2758, 0.1078, -0.0184, 0.1583, 0.1614, 0.2911
-0.2617, 0.0968, -0.0431, 0.1042, 0.1551, 0.2517
-0.2603, 0.0867, -0.0431, 0.0938, 0.1610, 0.2834
-0.2478, 0.0990, -0.0017, 0.1731, 0.1664, 0.2496
-0.2595, 0.0880, -0.0425, 0.1002, 0.1565, 0.2477
-0.2625, 0.1017, -0.0154, 0.1646, 0.1594, 0.2938
-0.2338, 0.0792, -0.0407, 0.0937, 0.1595, 0.2423
-0.2042, 0.1062, -0.0064, 0.1692, 0.1535, 0.1412
-0.2603, 0.0867, -0.0431, 0.0938, 0.1620, 0.2303
-0.2478, 0.0806, -0.0402, 0.1001, 0.1650, 0.2496
-0.2338, 0.0682, -0.0667, 0.0421, 0.1604, 0.1965
-0.2603, 0.0882, -0.0552, 0.0828, 0.1610, 0.2834
-0.2463, 0.1102, -0.0046, 0.1884, 0.1558, 0.2568
-0.2758, 0.0991, -0.0166, 0.1518, 0.1620, 0.2581
-0.2337, 0.1004, -0.0160, 0.1582, 0.1596, 0.2358
-0.2345, 0.0720, -0.0522, 0.0788, 0.1648, 0.2386
-0.2485, 0.0968, -0.0431, 0.1042, 0.1702, 0.2524
-0.2611, 0.0991, -0.0166, 0.1518, 0.1668, 0.2533
-0.2213, 0.0941, -0.0443, 0.0914, 0.1653, 0.1883
-0.2625, 0.1021, -0.0280, 0.1482, 0.1605, 0.2407
-0.2345, 0.0990, -0.0166, 0.1518, 0.1655, 0.1993
-0.2486, 0.0795, -0.0534, 0.0763, 0.1716, 0.2524
-0.2486, 0.0822, -0.0522, 0.0892, 0.1710, 0.2131
-0.2462, 0.0891, -0.0293, 0.1240, 0.1551, 0.2239
-0.2736, 0.0806, -0.0402, 0.1001, 0.1630, 0.2806
-0.2463, 0.0784, -0.0667, 0.0526, 0.1560, 0.2495
-0.2345, 0.0891, -0.0144, 0.1453, 0.1650, 0.2258
-0.2603, 0.0990, -0.0166, 0.1518, 0.1615, 0.2569
-0.2471, 0.0795, -0.0534, 0.0764, 0.1609, 0.2660
-0.2050, 0.0990, -0.0166, 0.1518, 0.1588, 0.1376
-0.2315, 0.0709, -0.0655, 0.0550, 0.1586, 0.1990
-0.2611, 0.0795, -0.0534, 0.0764, 0.1662, 0.2862
-0.2478, 0.0808, -0.0528, 0.0828, 0.1650, 0.2496
-0.2462, 0.0806, -0.0402, 0.1001, 0.1536, 0.2166
-0.2205, 0.0779, -0.0414, 0.0873, 0.1597, 0.2056
-0.2478, 0.0867, -0.0431, 0.0938, 0.1659, 0.2029
-0.2477, 0.0990, -0.0166, 0.1518, 0.1642, 0.2030
-0.2486, 0.0795, -0.0534, 0.0763, 0.1720, 0.2322
-0.2611, 0.0843, -0.0718, 0.0423, 0.1662, 0.2862
-0.2611, 0.0891, -0.0293, 0.1240, 0.1684, 0.2468
-0.2752, 0.0953, -0.0310, 0.1152, 0.1731, 0.2935
-0.2611, 0.0869, -0.0558, 0.0765, 0.1662, 0.2862
-0.2478, 0.0869, -0.0558, 0.0764, 0.1657, 0.2167
-0.2470, 0.1125, -0.0220, 0.1455, 0.1597, 0.2532
-0.2619, 0.0880, -0.0425, 0.1002, 0.1720, 0.2561
-0.2603, 0.0793, -0.0408, 0.0937, 0.1617, 0.2505
-0.2603, 0.0882, -0.0552, 0.0828, 0.1613, 0.2697
-0.2470, 0.0806, -0.0402, 0.1001, 0.1596, 0.2596
-0.2462, 0.0966, -0.0304, 0.1216, 0.1549, 0.2303
-0.2744, 0.0918, -0.0132, 0.1582, 0.1682, 0.2770
-0.2595, 0.0808, -0.0528, 0.0828, 0.1556, 0.2934
-0.2213, 0.0880, -0.0425, 0.1002, 0.1659, 0.1553
-0.2619, 0.0993, -0.0293, 0.1344, 0.1736, 0.2432
-0.2337, 0.0941, -0.0443, 0.0914, 0.1593, 0.2487
-0.2750, 0.1017, -0.0154, 0.1646, 0.1566, 0.2681
-0.2478, 0.0855, -0.0564, 0.0700, 0.1668, 0.2295
-0.2337, 0.0795, -0.0534, 0.0764, 0.1564, 0.2423
-0.2603, 0.0819, -0.0396, 0.1066, 0.1614, 0.2633
-0.2315, 0.0993, -0.0293, 0.1344, 0.1587, 0.1926
-0.2766, 0.0867, -0.0431, 0.0938, 0.1662, 0.3140
-0.2758, 0.0955, -0.0437, 0.0978, 0.1607, 0.3240
-0.2619, 0.0806, -0.0402, 0.1002, 0.1739, 0.2295
-0.2462, 0.0937, -0.0317, 0.1079, 0.1532, 0.2368
-0.2744, 0.1102, -0.0046, 0.1884, 0.1675, 0.3100
-0.2728, 0.0878, -0.0299, 0.1175, 0.1574, 0.2971
-0.2470, 0.1040, -0.0328, 0.1216, 0.1610, 0.2596
-0.2774, 0.0979, -0.0299, 0.1280, 0.1745, 0.3103
-0.2220, 0.0853, -0.0437, 0.0874, 0.1710, 0.1654
-0.2299, 0.0781, -0.0540, 0.0700, 0.1483, 0.1925
-0.2485, 0.0806, -0.0402, 0.1001, 0.1683, 0.2653
-0.2471, 0.0817, -0.0120, 0.1452, 0.1608, 0.2724
-0.2470, 0.1017, -0.0154, 0.1646, 0.1615, 0.2331
-0.3031, 0.0880, -0.0425, 0.1002, 0.1681, 0.3350
-0.2345, 0.0979, -0.0299, 0.1280, 0.1655, 0.1993
-0.2470, 0.0770, -0.0672, 0.0462, 0.1607, 0.2066
-0.2478, 0.0856, -0.0563, 0.0700, 0.1650, 0.2496
-0.2603, 0.0968, -0.0431, 0.1042, 0.1609, 0.2898
-0.2323, 0.0867, -0.0431, 0.0938, 0.1636, 0.2082
-0.2190, 0.1075, -0.0057, 0.1757, 0.1640, 0.1651
-0.2736, 0.0880, -0.0425, 0.1002, 0.1625, 0.3008
-0.2471, 0.0878, -0.0299, 0.1176, 0.1627, 0.2458
-0.2619, 0.0891, -0.0293, 0.1240, 0.1740, 0.2231
-0.2345, 0.0891, -0.0293, 0.1239, 0.1650, 0.2258
-0.2640, 0.0880, -0.0425, 0.1002, 0.1703, 0.2738
-0.2603, 0.0979, -0.0299, 0.1280, 0.1632, 0.2440
-0.2197, 0.0977, -0.0172, 0.1454, 0.1672, 0.1945
-0.2338, 0.0781, -0.0540, 0.0699, 0.1615, 0.2093
-0.2462, 0.0966, -0.0305, 0.1216, 0.1542, 0.2697
-0.2619, 0.0706, -0.0380, 0.0937, 0.1738, 0.2368
-0.2632, 0.0979, -0.0299, 0.1280, 0.1649, 0.2838
-0.1917, 0.0917, -0.0133, 0.1581, 0.1575, 0.1075
-0.2345, 0.0878, -0.0299, 0.1175, 0.1653, 0.2121
-0.2307, 0.1027, -0.0483, 0.0939, 0.1526, 0.2355
-0.2050, 0.0795, -0.0534, 0.0764, 0.1606, 0.1312
-0.2470, 0.0905, -0.0287, 0.1304, 0.1611, 0.2532
-0.2175, 0.0893, -0.0419, 0.1066, 0.1526, 0.2117
-0.2479, 0.0782, -0.0540, 0.0700, 0.1677, 0.2560
-0.2619, 0.0891, -0.0293, 0.1240, 0.1721, 0.2496
-0.2205, 0.0979, -0.0299, 0.1280, 0.1594, 0.2185
-0.2330, 0.0795, -0.0534, 0.0764, 0.1692, 0.1917
-0.2478, 0.1004, -0.0160, 0.1582, 0.1668, 0.2295
-0.2478, 0.0880, -0.0425, 0.1002, 0.1664, 0.2496
-0.2345, 0.0990, -0.0166, 0.1518, 0.1655, 0.1993
-0.2176, 0.0806, -0.0402, 0.1001, 0.1568, 0.1586
-0.2728, 0.0880, -0.0425, 0.1002, 0.1578, 0.2778
-0.2744, 0.0993, -0.0293, 0.1344, 0.1678, 0.2972
-0.2470, 0.0867, -0.0431, 0.0938, 0.1587, 0.2203
-0.2750, 0.0820, -0.0395, 0.1066, 0.1543, 0.3148
-0.2619, 0.0830, 0.0034, 0.1730, 0.1716, 0.2762
-0.2595, 0.0955, -0.0437, 0.0978, 0.1566, 0.2403
-0.2478, 0.0891, -0.0293, 0.1240, 0.1660, 0.2688
-0.2619, 0.0795, -0.0534, 0.0764, 0.1717, 0.2698
-0.2462, 0.0880, -0.0425, 0.1002, 0.1548, 0.2367
-0.2345, 0.0904, -0.0138, 0.1517, 0.1646, 0.2450
-0.2471, 0.1030, 0.0000, 0.1924, 0.1625, 0.2532
-0.2478, 0.1053, -0.0322, 0.1281, 0.1673, 0.2029
-0.2611, 0.1004, -0.0160, 0.1582, 0.1673, 0.2267
-0.2057, 0.0877, -0.0299, 0.1176, 0.1619, 0.1743
-0.2603, 0.0793, -0.0407, 0.0937, 0.1614, 0.2633
-0.2207, 0.0893, -0.0419, 0.1067, 0.1756, 0.1437
-0.2478, 0.0979, -0.0299, 0.1280, 0.1647, 0.2624
-0.2463, 0.0990, -0.0166, 0.1518, 0.1557, 0.2632
-0.2736, 0.0991, -0.0166, 0.1518, 0.1633, 0.2605
-0.2603, 0.1107, -0.0171, 0.1720, 0.1614, 0.2633
-0.2463, 0.0893, -0.0419, 0.1066, 0.1575, 0.2431
-0.2898, 0.0820, -0.0395, 0.1066, 0.1670, 0.2984
-0.2190, 0.0855, -0.0564, 0.0700, 0.1631, 0.2109
-0.2470, 0.0979, -0.0299, 0.1280, 0.1598, 0.2459
-0.2198, 0.0891, -0.0293, 0.1240, 0.1692, 0.1679
-0.2346, 0.0822, -0.0522, 0.0892, 0.1662, 0.2386
-0.2190, 0.0952, -0.0310, 0.1152, 0.1636, 0.1844
-0.2750, 0.0707, -0.0528, 0.0724, 0.1568, 0.2617
-0.2470, 0.0795, -0.0534, 0.0764, 0.1595, 0.2661
-0.2207, 0.0877, -0.0299, 0.1176, 0.1748, 0.1830
-0.2470, 0.0953, -0.0310, 0.1152, 0.1620, 0.2065
-0.2478, 0.0878, -0.0299, 0.1176, 0.1666, 0.2423
-0.2649, 0.0784, -0.0666, 0.0526, 0.1766, 0.2559
-0.2471, 0.0832, -0.0241, 0.1343, 0.1617, 0.2267
-0.2891, 0.0905, -0.0287, 0.1304, 0.1624, 0.3350
-0.2766, 0.0856, -0.0564, 0.0700, 0.1666, 0.2938
-0.2603, 0.0795, -0.0534, 0.0764, 0.1614, 0.2633
-0.2611, 0.0993, -0.0293, 0.1344, 0.1664, 0.2734
-0.2486, 0.0819, -0.0396, 0.1066, 0.1715, 0.2588
-0.2603, 0.0891, -0.0293, 0.1240, 0.1619, 0.2367
-0.2478, 0.0797, -0.0660, 0.0591, 0.1658, 0.2094
-0.2182, 0.1017, -0.0154, 0.1646, 0.1579, 0.2081
-0.2618, 0.0993, -0.0293, 0.1344, 0.1723, 0.2368
-0.2345, 0.0866, -0.0431, 0.0938, 0.1650, 0.2258
-0.2470, 0.0977, -0.0172, 0.1454, 0.1597, 0.2532
-0.2595, 0.0968, -0.0431, 0.1042, 0.1565, 0.2477
-0.2337, 0.0917, -0.0132, 0.1582, 0.1605, 0.1892
-0.2470, 0.0856, -0.0564, 0.0700, 0.1596, 0.2597
-0.2471, 0.0819, -0.0396, 0.1066, 0.1628, 0.2394
-0.2744, 0.0966, -0.0305, 0.1216, 0.1681, 0.2834
-0.2478, 0.0770, -0.0672, 0.0462, 0.1663, 0.2560
-0.2463, 0.1078, -0.0184, 0.1583, 0.1564, 0.2239
-0.2758, 0.0806, -0.0253, 0.1215, 0.1621, 0.2581
-0.2891, 0.0782, -0.0540, 0.0699, 0.1627, 0.3212
-0.2345, 0.0990, -0.0166, 0.1517, 0.1650, 0.2258
-0.2323, 0.0966, -0.0305, 0.1216, 0.1635, 0.2146
-0.2478, 0.0864, -0.0305, 0.1112, 0.1648, 0.2624
-0.2346, 0.0867, -0.0431, 0.0938, 0.1662, 0.2386
-0.2773, 0.0937, -0.0317, 0.1079, 0.1727, 0.2445
-0.2330, 0.0842, -0.0718, 0.0423, 0.1561, 0.2193
-0.2603, 0.0905, -0.0287, 0.1304, 0.1610, 0.2834
-0.2330, 0.0878, -0.0299, 0.1176, 0.1553, 0.1864
-0.2604, 0.0819, -0.0247, 0.1279, 0.1633, 0.2367
-0.2470, 0.1053, -0.0322, 0.1281, 0.1593, 0.2725
-0.2736, 0.0905, -0.0287, 0.1304, 0.1623, 0.3136
-0.2750, 0.0894, -0.0419, 0.1066, 0.1546, 0.3011
-0.2338, 0.0880, -0.0425, 0.1002, 0.1610, 0.2358
-0.2478, 0.0891, -0.0293, 0.1240, 0.1671, 0.2166
-0.2175, 0.0719, -0.0374, 0.1001, 0.1528, 0.2053
-0.2471, 0.0864, -0.0304, 0.1112, 0.1610, 0.2596
-0.2611, 0.0880, -0.0425, 0.1002, 0.1675, 0.2203
-0.2471, 0.0878, -0.0299, 0.1176, 0.1611, 0.2532
-0.2330, 0.0955, -0.0585, 0.0765, 0.1543, 0.2395
-0.2470, 0.0880, -0.0425, 0.1002, 0.1590, 0.2066
-0.2198, 0.0891, -0.0293, 0.1240, 0.1696, 0.1478
-0.2190, 0.0795, -0.0534, 0.0764, 0.1630, 0.2173
-0.2337, 0.0917, -0.0132, 0.1581, 0.1596, 0.2358
-0.2471, 0.1089, -0.0052, 0.1820, 0.1629, 0.2330
-0.2603, 0.0880, -0.0425, 0.1002, 0.1608, 0.2962
-0.2595, 0.0990, -0.0166, 0.1518, 0.1560, 0.2733
-0.2478, 0.0832, -0.0241, 0.1343, 0.1672, 0.2093
-0.2596, 0.0869, -0.0558, 0.0764, 0.1571, 0.2870
-0.2611, 0.1017, -0.0006, 0.1859, 0.1663, 0.2798
-0.2603, 0.0893, -0.0419, 0.1067, 0.1619, 0.2367
-0.2579, 0.0833, -0.0390, 0.1130, 0.1448, 0.2746
-0.2065, 0.0880, -0.0425, 0.1003, 0.1675, 0.1570
-0.2618, 0.1062, -0.0063, 0.1692, 0.1722, 0.2432
-0.2603, 0.0966, -0.0304, 0.1216, 0.1610, 0.2834
-0.2611, 0.0709, -0.0655, 0.0550, 0.1663, 0.2798
-0.2588, 0.0904, -0.0138, 0.1518, 0.1512, 0.2513
-0.2315, 0.0684, -0.0793, 0.0248, 0.1588, 0.1926
-0.2337, 0.0977, -0.0172, 0.1454, 0.1598, 0.2221
-0.2197, 0.1004, -0.0160, 0.1582, 0.1547, 0.1955
-0.2205, 0.0806, -0.0401, 0.1002, 0.1606, 0.1590
-0.2611, 0.1062, -0.0063, 0.1693, 0.1664, 0.2734
-0.2338, 0.0869, -0.0558, 0.0764, 0.1609, 0.2422
-0.2625, 0.0869, -0.0558, 0.0765, 0.1606, 0.2343
-0.2486, 0.0955, -0.0585, 0.0765, 0.1721, 0.2258
-0.2337, 0.0918, -0.0281, 0.1368, 0.1596, 0.2359
-0.2603, 0.0682, -0.0667, 0.0422, 0.1616, 0.2569
-0.2337, 0.0880, -0.0425, 0.1003, 0.1597, 0.2294
-0.2736, 0.0891, -0.0293, 0.1240, 0.1625, 0.3008
-0.2315, 0.0819, -0.0247, 0.1279, 0.1586, 0.1990
-0.2353, 0.0891, -0.0293, 0.1240, 0.1708, 0.1957
-0.2478, 0.0867, -0.0431, 0.0938, 0.1661, 0.2688
-0.2345, 0.0979, -0.0298, 0.1280, 0.1656, 0.1929
-0.2619, 0.0955, -0.0437, 0.0979, 0.1738, 0.2368
-0.2751, 0.1051, -0.0195, 0.1455, 0.1730, 0.3000
-0.2486, 0.0782, -0.0540, 0.0700, 0.1701, 0.2588
-0.2322, 0.0797, -0.0660, 0.0590, 0.1498, 0.2037
-0.2478, 0.1004, -0.0160, 0.1583, 0.1661, 0.2624
-0.2766, 0.0880, -0.0425, 0.1002, 0.1668, 0.2810
-0.2611, 0.0882, -0.0552, 0.0829, 0.1686, 0.2331
-0.2470, 0.1064, -0.0190, 0.1518, 0.1600, 0.2395
-0.2603, 0.0867, -0.0431, 0.0939, 0.1613, 0.2697
-0.2736, 0.0856, -0.0564, 0.0700, 0.1635, 0.2541
-0.2338, 0.1004, -0.0160, 0.1582, 0.1618, 0.1964
-0.2470, 0.0964, -0.0178, 0.1390, 0.1611, 0.2532
-0.2596, 0.0869, -0.0558, 0.0765, 0.1571, 0.2870
-0.2323, 0.0896, -0.0546, 0.0893, 0.1634, 0.2219
-0.2205, 0.0795, -0.0534, 0.0764, 0.1595, 0.2185
-0.2742, 0.0977, -0.0172, 0.1454, 0.1512, 0.2791
-0.2057, 0.0904, -0.0287, 0.1304, 0.1633, 0.1743
-0.2337, 0.0867, -0.0431, 0.0938, 0.1599, 0.2221
-0.2337, 0.0878, -0.0299, 0.1176, 0.1597, 0.2294
-0.2470, 0.0966, -0.0304, 0.1216, 0.1601, 0.2331
-0.2478, 0.1004, -0.0160, 0.1582, 0.1652, 0.2359
-0.2471, 0.0891, -0.0293, 0.1240, 0.1616, 0.2267
-0.2603, 0.0891, -0.0293, 0.1240, 0.1618, 0.2441
-0.2199, 0.0819, -0.0396, 0.1066, 0.1717, 0.1944
-0.2617, 0.0806, -0.0401, 0.1002, 0.1543, 0.2910
-0.2486, 0.1078, -0.0184, 0.1583, 0.1719, 0.2322
-0.2462, 0.0893, -0.0419, 0.1066, 0.1548, 0.2367
-0.2345, 0.0904, -0.0287, 0.1304, 0.1649, 0.2322
-0.2182, 0.0808, -0.0528, 0.0828, 0.1589, 0.1614
-0.2736, 0.0907, -0.0413, 0.1130, 0.1627, 0.2935
-0.2330, 0.0782, -0.0540, 0.0700, 0.1542, 0.2459
-0.2315, 0.0880, -0.0425, 0.1002, 0.1582, 0.2182
-0.2611, 0.1004, -0.0012, 0.1796, 0.1669, 0.2468
-0.2315, 0.0891, -0.0293, 0.1240, 0.1579, 0.2319
-0.2346, 0.0992, -0.0293, 0.1344, 0.1668, 0.2057
-0.2470, 0.0993, -0.0292, 0.1345, 0.1603, 0.2203
-0.2315, 0.0891, -0.0293, 0.1240, 0.1578, 0.2383
-0.2345, 0.0880, -0.0425, 0.1002, 0.1655, 0.1993
-0.2050, 0.0795, -0.0534, 0.0764, 0.1581, 0.1779
-0.2470, 0.1064, -0.0190, 0.1518, 0.1614, 0.2395
-0.2205, 0.0671, -0.0948, -0.0030, 0.1596, 0.2120
-0.2353, 0.1014, 0.0121, 0.2033, 0.1708, 0.1957
-0.2315, 0.0979, -0.0299, 0.1280, 0.1580, 0.2255
-0.2750, 0.0878, -0.0299, 0.1176, 0.1555, 0.3276
-0.2345, 0.0819, -0.0396, 0.1066, 0.1655, 0.1993
-0.2307, 0.0893, -0.0419, 0.1066, 0.1534, 0.1962
-0.2463, 0.0869, -0.0558, 0.0764, 0.1555, 0.2760
-0.2750, 0.0806, -0.0401, 0.1002, 0.1560, 0.3011
-0.2175, 0.0917, -0.0132, 0.1582, 0.1534, 0.1724
-0.2462, 0.0993, -0.0292, 0.1345, 0.1543, 0.2633
-0.2603, 0.1174, 0.0057, 0.2059, 0.1612, 0.2697
-0.2322, 0.0855, -0.0563, 0.0701, 0.1499, 0.1964
-0.2478, 0.0784, -0.0666, 0.0526, 0.1647, 0.2689
-0.2338, 0.0669, -0.0673, 0.0357, 0.1613, 0.2221
-0.2604, 0.0891, -0.0144, 0.1453, 0.1625, 0.2770
-0.2471, 0.0893, -0.0419, 0.1066, 0.1611, 0.2532
-0.2891, 0.0995, -0.0419, 0.1170, 0.1624, 0.3350
-0.2611, 0.0833, -0.0241, 0.1343, 0.1688, 0.2267
-0.2307, 0.1049, -0.0069, 0.1628, 0.1535, 0.1889
-0.2338, 0.0822, -0.0522, 0.0892, 0.1596, 0.2359
-0.2478, 0.0880, -0.0425, 0.1002, 0.1673, 0.2029
-0.2323, 0.0966, -0.0304, 0.1217, 0.1635, 0.2146
-0.2299, 0.0893, -0.0419, 0.1066, 0.1471, 0.2520
-0.2175, 0.0890, -0.0144, 0.1454, 0.1534, 0.1724
-0.2337, 0.0990, -0.0166, 0.1518, 0.1603, 0.1965
-0.2478, 0.0891, -0.0144, 0.1453, 0.1649, 0.2560
-0.2345, 0.0891, -0.0293, 0.1240, 0.1649, 0.2322
-0.2478, 0.1053, -0.0322, 0.1281, 0.1655, 0.2231
-0.2470, 0.0979, -0.0299, 0.1280, 0.1602, 0.2267
-0.2611, 0.0979, -0.0299, 0.1280, 0.1664, 0.2734
-0.2625, 0.0833, -0.0241, 0.1343, 0.1599, 0.2737
-0.2611, 0.0891, -0.0293, 0.1240, 0.1664, 0.2734
-0.2478, 0.0797, -0.0660, 0.0590, 0.1650, 0.2496
-0.2353, 0.0981, -0.0425, 0.1107, 0.1712, 0.1755
-0.2337, 0.1004, -0.0160, 0.1583, 0.1602, 0.2029
-0.2323, 0.0768, -0.0545, 0.0636, 0.1636, 0.2082
-0.2478, 0.0758, -0.0827, 0.0185, 0.1662, 0.2624
-0.2485, 0.1064, -0.0190, 0.1519, 0.1704, 0.2387
-0.2345, 0.1017, -0.0154, 0.1647, 0.1655, 0.1993
-0.2322, 0.1004, -0.0160, 0.1582, 0.1504, 0.2430
-0.2891, 0.0769, -0.0546, 0.0636, 0.1628, 0.3148
-0.2345, 0.0795, -0.0534, 0.0764, 0.1648, 0.2386
-0.2463, 0.0764, -0.0420, 0.0800, 0.1555, 0.2760
-0.1909, 0.0806, -0.0401, 0.1002, 0.1514, 0.1578
-0.2307, 0.0880, -0.0425, 0.1003, 0.1534, 0.1962
-0.2595, 0.0882, -0.0552, 0.0829, 0.1558, 0.2806
-0.2190, 0.0771, -0.0821, 0.0249, 0.1640, 0.1652
-0.2485, 0.1017, -0.0154, 0.1647, 0.1709, 0.2131
-0.2765, 0.0980, -0.0298, 0.1281, 0.1646, 0.3204
-0.2478, 0.0880, -0.0425, 0.1002, 0.1666, 0.2423
-0.2463, 0.0915, -0.0006, 0.1755, 0.1558, 0.2568
-0.2478, 0.0993, -0.0292, 0.1345, 0.1664, 0.2496
-0.2611, 0.0771, -0.0821, 0.0249, 0.1677, 0.2798
-0.2603, 0.0926, -0.0450, 0.0841, 0.1618, 0.2441
-0.2609, 0.0808, -0.0528, 0.0828, 0.1491, 0.2882
-0.2329, 0.0853, -0.0437, 0.0874, 0.1514, 0.2331
-0.2765, 0.1051, -0.0196, 0.1455, 0.1670, 0.2682
-0.2212, 0.1102, 0.0103, 0.2098, 0.1654, 0.1819
-0.2478, 0.0806, -0.0401, 0.1002, 0.1655, 0.2231
-0.2470, 0.0941, -0.0443, 0.0914, 0.1602, 0.2267
-0.2625, 0.1004, -0.0160, 0.1583, 0.1602, 0.2545
-0.2485, 0.0990, -0.0166, 0.1518, 0.1702, 0.2524
-0.2323, 0.0784, -0.0666, 0.0526, 0.1633, 0.2283
-0.2611, 0.0968, -0.0431, 0.1043, 0.1673, 0.2267
-0.2470, 0.0977, -0.0172, 0.1454, 0.1607, 0.2724
-0.2049, 0.0864, -0.0304, 0.1112, 0.1567, 0.1779
-0.2337, 0.0904, -0.0287, 0.1305, 0.1600, 0.2157
-0.2485, 0.0979, -0.0298, 0.1281, 0.1706, 0.2323
-0.2455, 0.0891, -0.0293, 0.1240, 0.1491, 0.2605
-0.2478, 0.0878, -0.0298, 0.1177, 0.1658, 0.2093
-0.2330, 0.0990, -0.0166, 0.1518, 0.1543, 0.2395
-0.2182, 0.0784, -0.0666, 0.0526, 0.1565, 0.2082
-0.2065, 0.0888, -0.0018, 0.1627, 0.1671, 0.1771
-0.2042, 0.0877, -0.0150, 0.1389, 0.1534, 0.1486
-0.2336, 0.0990, -0.0166, 0.1518, 0.1570, 0.2094
-0.2744, 0.0856, -0.0563, 0.0701, 0.1681, 0.2834
-0.2174, 0.0891, -0.0293, 0.1240, 0.1519, 0.1788
-0.2478, 0.1078, -0.0184, 0.1583, 0.1648, 0.2560
-0.2315, 0.0891, -0.0293, 0.1240, 0.1581, 0.2255
-0.2337, 0.1187, 0.0212, 0.2337, 0.1603, 0.1965
-0.2611, 0.1187, 0.0212, 0.2337, 0.1673, 0.2267
-0.2750, 0.0891, -0.0293, 0.1240, 0.1555, 0.3276
-0.2478, 0.1064, -0.0190, 0.1519, 0.1668, 0.2295
-0.2603, 0.0904, -0.0138, 0.1518, 0.1620, 0.2303
-0.2190, 0.0977, -0.0172, 0.1454, 0.1631, 0.2109
-0.2338, 0.0806, -0.0401, 0.1002, 0.1596, 0.2359
-0.2353, 0.0867, -0.0431, 0.0939, 0.1715, 0.1627
-0.2455, 0.0905, -0.0287, 0.1304, 0.1494, 0.2467
-0.2175, 0.0904, -0.0287, 0.1304, 0.1558, 0.2052
-0.2477, 0.0806, -0.0253, 0.1215, 0.1638, 0.2295
-0.2213, 0.0707, -0.0528, 0.0724, 0.1658, 0.1617
-0.2728, 0.0966, -0.0304, 0.1216, 0.1570, 0.3172
-0.2595, 0.0782, -0.0540, 0.0700, 0.1565, 0.2477
-0.2470, 0.1017, -0.0006, 0.1860, 0.1606, 0.2066
-0.2470, 0.0993, -0.0292, 0.1345, 0.1621, 0.2001
-0.2462, 0.0990, -0.0166, 0.1518, 0.1544, 0.2569
-0.2197, 0.0904, -0.0138, 0.1517, 0.1549, 0.1827
-0.2337, 0.0904, -0.0138, 0.1518, 0.1596, 0.2358
-0.2470, 0.0685, -0.0793, 0.0248, 0.1603, 0.2267
-0.2478, 0.0979, -0.0298, 0.1281, 0.1656, 0.2167
-0.2345, 0.0917, -0.0132, 0.1582, 0.1653, 0.2121
-0.2462, 0.0867, -0.0431, 0.0939, 0.1529, 0.2496
-0.2462, 0.1004, -0.0160, 0.1583, 0.1545, 0.2495
-0.2220, 0.0993, -0.0292, 0.1345, 0.1703, 0.1984
-0.2315, 0.0693, -0.0534, 0.0660, 0.1581, 0.2255
-0.2611, 0.0979, -0.0298, 0.1281, 0.1671, 0.2404
-0.2182, 0.0979, -0.0298, 0.1281, 0.1587, 0.1688
-0.2617, 0.0867, -0.0431, 0.0938, 0.1543, 0.2910
-0.2470, 0.0982, -0.0425, 0.1107, 0.1623, 0.1937
-0.2625, 0.0918, -0.0281, 0.1369, 0.1598, 0.2737
-0.2050, 0.0866, -0.0431, 0.0938, 0.1577, 0.1971
-0.2337, 0.0891, -0.0293, 0.1240, 0.1572, 0.2030
-0.2205, 0.0866, -0.0431, 0.0938, 0.1604, 0.1727
-0.2603, 0.0966, -0.0304, 0.1216, 0.1610, 0.2834
-0.2625, 0.0891, -0.0293, 0.1240, 0.1595, 0.2938
-0.2757, 0.0873, -0.0024, 0.1554, 0.1602, 0.2783
-0.2182, 0.0795, -0.0534, 0.0764, 0.1586, 0.1752
-0.2330, 0.0968, -0.0431, 0.1043, 0.1690, 0.1982
-0.2478, 0.0966, -0.0304, 0.1216, 0.1668, 0.2295
-0.2346, 0.0964, -0.0178, 0.1390, 0.1663, 0.2322
-0.2736, 0.0819, -0.0247, 0.1279, 0.1624, 0.3072
-0.2189, 0.0979, -0.0298, 0.1281, 0.1628, 0.1515
-0.2736, 0.0880, -0.0425, 0.1002, 0.1631, 0.2742
-0.2750, 0.0953, -0.0310, 0.1152, 0.1561, 0.2947
-0.2470, 0.0784, -0.0666, 0.0526, 0.1601, 0.2331
-0.2736, 0.0856, -0.0564, 0.0700, 0.1632, 0.2678
-0.2595, 0.0968, -0.0431, 0.1043, 0.1553, 0.3072
-0.2189, 0.0979, -0.0298, 0.1280, 0.1490, 0.2193
-0.2611, 0.0894, -0.0419, 0.1067, 0.1673, 0.2267
-0.2736, 0.0980, -0.0299, 0.1280, 0.1625, 0.3008
-0.2595, 0.0891, -0.0293, 0.1240, 0.1561, 0.2669
-0.2182, 0.0806, -0.0401, 0.1002, 0.1587, 0.1688
-0.2470, 0.1017, -0.0154, 0.1647, 0.1597, 0.2533
-0.2337, 0.1078, -0.0184, 0.1583, 0.1594, 0.2423
-0.2485, 0.0979, -0.0298, 0.1281, 0.1708, 0.2195
-0.2486, 0.0990, -0.0166, 0.1518, 0.1720, 0.2322
-0.2470, 0.0990, -0.0166, 0.1518, 0.1609, 0.2660
-0.2611, 0.1004, -0.0160, 0.1582, 0.1668, 0.2533
-0.2595, 0.0891, -0.0293, 0.1240, 0.1558, 0.2806
-0.2462, 0.0806, -0.0401, 0.1002, 0.1543, 0.2633
-0.2190, 0.0891, -0.0293, 0.1240, 0.1631, 0.2109
-0.2462, 0.0979, -0.0298, 0.1281, 0.1552, 0.2166
-0.2486, 0.0955, -0.0437, 0.0979, 0.1712, 0.2725
-0.2603, 0.1030, 0.0000, 0.1924, 0.1606, 0.3036
-0.2471, 0.0768, -0.0546, 0.0636, 0.1619, 0.2129
-0.2057, 0.0904, -0.0138, 0.1518, 0.1636, 0.1606
-0.2625, 0.0891, -0.0293, 0.1240, 0.1599, 0.2737
-0.2345, 0.0806, -0.0401, 0.1002, 0.1655, 0.1993
-0.2338, 0.0770, -0.0672, 0.0462, 0.1601, 0.2093
-0.2353, 0.0795, -0.0534, 0.0764, 0.1715, 0.2350
-0.2470, 0.0968, -0.0431, 0.1043, 0.1597, 0.2532
-0.2345, 0.1075, -0.0057, 0.1757, 0.1654, 0.2057
-0.2345, 0.1089, -0.0051, 0.1821, 0.1654, 0.2057
-0.2603, 0.0793, -0.0407, 0.0938, 0.1613, 0.2697
-0.2611, 0.0880, -0.0425, 0.1002, 0.1667, 0.2597
-0.2478, 0.1076, -0.0057, 0.1757, 0.1647, 0.2624
-0.2478, 0.1064, -0.0190, 0.1519, 0.1648, 0.2560
-0.2463, 0.0888, -0.0018, 0.1627, 0.1562, 0.2367
-0.2603, 0.0878, -0.0299, 0.1176, 0.1619, 0.2367
-0.2471, 0.0869, -0.0558, 0.0764, 0.1613, 0.2459
-0.2337, 0.0891, -0.0293, 0.1240, 0.1596, 0.2358
-0.2057, 0.0856, -0.0712, 0.0487, 0.1632, 0.1807
-0.2345, 0.0904, -0.0138, 0.1517, 0.1646, 0.2450
-0.2462, 0.0893, -0.0420, 0.1066, 0.1525, 0.2697
-0.2205, 0.0917, -0.0132, 0.1582, 0.1606, 0.1590
-0.2353, 0.0968, -0.0431, 0.1043, 0.1700, 0.2350
-0.2205, 0.1003, -0.0011, 0.1796, 0.1594, 0.2184
-0.2765, 0.0991, -0.0166, 0.1518, 0.1669, 0.2746
-0.2478, 0.0982, -0.0425, 0.1106, 0.1667, 0.2359
-0.2307, 0.1075, -0.0057, 0.1757, 0.1525, 0.2420
-0.2750, 0.0869, -0.0558, 0.0765, 0.1566, 0.2681
-0.2462, 0.1003, -0.0011, 0.1796, 0.1552, 0.2166
-0.2182, 0.0880, -0.0425, 0.1003, 0.1564, 0.2146
-0.2345, 0.0855, -0.0563, 0.0701, 0.1650, 0.2258
-0.2042, 0.1016, -0.0005, 0.1860, 0.1526, 0.1879
-0.2197, 0.0979, -0.0298, 0.1280, 0.1542, 0.2221
-0.2337, 0.0979, -0.0298, 0.1280, 0.1600, 0.2157
-0.2337, 0.1161, 0.0052, 0.1995, 0.1603, 0.1965
-0.2486, 0.0907, -0.0413, 0.1131, 0.1713, 0.2652
-0.2314, 0.0904, -0.0287, 0.1304, 0.1441, 0.2600
-0.2596, 0.0833, -0.0390, 0.1130, 0.1582, 0.2339
-0.2174, 0.0977, -0.0172, 0.1454, 0.1525, 0.2181
-0.2050, 0.0968, -0.0431, 0.1043, 0.1577, 0.1971
-0.2322, 0.0979, -0.0298, 0.1281, 0.1502, 0.1836
-0.2182, 0.0842, -0.0718, 0.0424, 0.1590, 0.1550
-0.2758, 0.0968, -0.0431, 0.1043, 0.1609, 0.3176
-0.2478, 0.0977, -0.0172, 0.1454, 0.1669, 0.2230
-0.2471, 0.0795, -0.0534, 0.0764, 0.1615, 0.2331
-0.2471, 0.0880, -0.0425, 0.1003, 0.1608, 0.2724
-0.2065, 0.0891, -0.0293, 0.1240, 0.1694, 0.1304
-0.2198, 0.0990, -0.0166, 0.1518, 0.1693, 0.1615
-0.2471, 0.0880, -0.0425, 0.1002, 0.1608, 0.2724
-0.2604, 0.0696, -0.0661, 0.0486, 0.1625, 0.2834
-0.2338, 0.0979, -0.0298, 0.1281, 0.1615, 0.2093
-0.2485, 0.0838, -0.0444, 0.0801, 0.1681, 0.2726
-0.2619, 0.0980, -0.0298, 0.1281, 0.1735, 0.2496
-0.2337, 0.1075, 0.0091, 0.1970, 0.1603, 0.1965
-0.2338, 0.0878, -0.0299, 0.1176, 0.1609, 0.2422
-0.2338, 0.0795, -0.0534, 0.0764, 0.1600, 0.2157
-0.2728, 0.0817, -0.0120, 0.1453, 0.1582, 0.2577
-0.2884, 0.0918, -0.0281, 0.1368, 0.1590, 0.3248
-0.2603, 0.0880, -0.0425, 0.1002, 0.1609, 0.2898
-0.2470, 0.1062, -0.0063, 0.1692, 0.1596, 0.2596
-0.2307, 0.0706, -0.0380, 0.0937, 0.1531, 0.2154
-0.2050, 0.0880, -0.0425, 0.1002, 0.1583, 0.1642
-0.2640, 0.0993, -0.0292, 0.1345, 0.1698, 0.3003
-0.2632, 0.0991, -0.0166, 0.1518, 0.1650, 0.2774
-0.2462, 0.0991, -0.0166, 0.1518, 0.1547, 0.2431
-0.2205, 0.0993, -0.0293, 0.1344, 0.1596, 0.2120
-0.2463, 0.0966, -0.0304, 0.1216, 0.1563, 0.2303
-0.2478, 0.0894, -0.0419, 0.1066, 0.1654, 0.2295
-0.2588, 0.0680, -0.0540, 0.0595, 0.1503, 0.2971
-0.2362, 0.1004, -0.0160, 0.1582, 0.1780, 0.2043
-0.2330, 0.1075, -0.0057, 0.1756, 0.1549, 0.2065
-0.2596, 0.0806, -0.0253, 0.1215, 0.1570, 0.2934
-0.2463, 0.1064, -0.0190, 0.1519, 0.1577, 0.2302
-0.2765, 0.0905, -0.0287, 0.1304, 0.1654, 0.2811
-0.2611, 0.0809, -0.0528, 0.0828, 0.1661, 0.2926
-0.2485, 0.1004, -0.0160, 0.1582, 0.1704, 0.2387
-0.2205, 0.1004, -0.0160, 0.1583, 0.1603, 0.1727
-0.2479, 0.0931, -0.0126, 0.1646, 0.1672, 0.2825
-0.2486, 0.0990, -0.0166, 0.1518, 0.1733, 0.2386
-0.2213, 0.0990, -0.0018, 0.1731, 0.1655, 0.1755
-0.2758, 0.0982, -0.0425, 0.1107, 0.1611, 0.3048
-0.2750, 0.0867, -0.0431, 0.0938, 0.1557, 0.3148
-0.2057, 0.0819, -0.0395, 0.1066, 0.1639, 0.1478
-0.2050, 0.0992, -0.0292, 0.1345, 0.1579, 0.1843
-0.2478, 0.1004, -0.0160, 0.1583, 0.1647, 0.2625
-0.2603, 0.1004, -0.0160, 0.1582, 0.1614, 0.2633
-0.2478, 0.0990, -0.0166, 0.1519, 0.1665, 0.2423
-0.2205, 0.0781, -0.0540, 0.0700, 0.1592, 0.2322
-0.2758, 0.0894, -0.0419, 0.1067, 0.1618, 0.2718
-0.2174, 0.1003, -0.0011, 0.1796, 0.1527, 0.2053
-0.2603, 0.0977, -0.0172, 0.1455, 0.1607, 0.2962
-0.2345, 0.0797, -0.0660, 0.0591, 0.1640, 0.2780
-0.2182, 0.0891, -0.0293, 0.1240, 0.1585, 0.1816
-0.2736, 0.1017, -0.0005, 0.1860, 0.1620, 0.3273
-0.2057, 0.0877, -0.0299, 0.1176, 0.1623, 0.1542
-0.2478, 0.0966, -0.0304, 0.1216, 0.1668, 0.2295
-0.2462, 0.0891, -0.0293, 0.1240, 0.1543, 0.2633
-0.2182, 0.1004, -0.0160, 0.1582, 0.1575, 0.2283
-0.2618, 0.1075, 0.0091, 0.1970, 0.1721, 0.2496
-0.2611, 0.0806, -0.0401, 0.1002, 0.1672, 0.2331
-0.2470, 0.0622, -0.0637, 0.0485, 0.1584, 0.2396
-0.2595, 0.0797, -0.0660, 0.0590, 0.1556, 0.2934
-0.2346, 0.0819, -0.0396, 0.1066, 0.1663, 0.2322
-0.2611, 0.0905, -0.0287, 0.1304, 0.1686, 0.2331
-0.2462, 0.0795, -0.0534, 0.0764, 0.1551, 0.2239
-0.2470, 0.0993, -0.0292, 0.1345, 0.1610, 0.2596
-0.2471, 0.0709, -0.0654, 0.0550, 0.1613, 0.2459
-0.2330, 0.0979, -0.0298, 0.1280, 0.1544, 0.2331
-0.2462, 0.1004, -0.0160, 0.1583, 0.1552, 0.2166
-0.2470, 0.0993, -0.0292, 0.1345, 0.1602, 0.2267
-0.2337, 0.1017, -0.0154, 0.1646, 0.1596, 0.2359
-0.2782, 0.1091, -0.0178, 0.1647, 0.1776, 0.2998
-0.2611, 0.0793, -0.0407, 0.0938, 0.1670, 0.2469
-0.2345, 0.0891, -0.0292, 0.1241, 0.1654, 0.2057
-0.2337, 0.0856, -0.0712, 0.0487, 0.1601, 0.2093
-0.2175, 0.0904, -0.0287, 0.1305, 0.1533, 0.1788
-0.2609, 0.0966, -0.0304, 0.1217, 0.1489, 0.3011
-0.2213, 0.0918, -0.0281, 0.1368, 0.1647, 0.2148
-0.2205, 0.0968, -0.0431, 0.1043, 0.1603, 0.1727
-0.2183, 0.0993, -0.0293, 0.1345, 0.1619, 0.1614
-0.2330, 0.0880, -0.0425, 0.1003, 0.1686, 0.2183
-0.2485, 0.0979, -0.0298, 0.1281, 0.1703, 0.2460
-0.2190, 0.1006, -0.0286, 0.1409, 0.1633, 0.1981
-0.2469, 0.1089, -0.0051, 0.1821, 0.1579, 0.2597
-0.2322, 0.1067, -0.0316, 0.1346, 0.1500, 0.1900
-0.2603, 0.0806, -0.0253, 0.1216, 0.1619, 0.2367
-0.2611, 0.0811, -0.0654, 0.0655, 0.1662, 0.2862
-0.2330, 0.0904, -0.0287, 0.1304, 0.1546, 0.2257
-0.2057, 0.0907, -0.0413, 0.1131, 0.1634, 0.1743
-0.2478, 0.0993, -0.0292, 0.1345, 0.1662, 0.2624
-0.2337, 0.0968, -0.0431, 0.1043, 0.1610, 0.1626
-0.2750, 0.1004, -0.0011, 0.1796, 0.1566, 0.2681
-0.2603, 0.0784, -0.0666, 0.0527, 0.1612, 0.2770
-0.2057, 0.1004, -0.0160, 0.1582, 0.1631, 0.1871
-0.2596, 0.0832, -0.0241, 0.1343, 0.1574, 0.2733
-0.2758, 0.1017, -0.0006, 0.1859, 0.1619, 0.2645
-0.2322, 0.0878, -0.0299, 0.1176, 0.1498, 0.2037
-0.2329, 0.0793, -0.0407, 0.0938, 0.1514, 0.2331
-0.2455, 0.0819, -0.0396, 0.1066, 0.1503, 0.2733
-0.2619, 0.0964, -0.0178, 0.1390, 0.1731, 0.2697
-0.2471, 0.0808, -0.0528, 0.0828, 0.1613, 0.2459
-0.2633, 0.0843, -0.0718, 0.0424, 0.1657, 0.2445
-0.2617, 0.0905, -0.0287, 0.1305, 0.1551, 0.2517
-0.2471, 0.0880, -0.0425, 0.1003, 0.1609, 0.2660
-0.2471, 0.0784, -0.0666, 0.0527, 0.1619, 0.2129
-0.2611, 0.0966, -0.0304, 0.1217, 0.1669, 0.2469
-0.2330, 0.0977, -0.0172, 0.1454, 0.1547, 0.2193
-0.2625, 0.0929, 0.0000, 0.1819, 0.1601, 0.2609
-0.2337, 0.0990, -0.0166, 0.1519, 0.1596, 0.2358
-0.2346, 0.0891, -0.0293, 0.1240, 0.1662, 0.2386
-0.2307, 0.1003, -0.0011, 0.1796, 0.1535, 0.1889
-0.2478, 0.0990, -0.0166, 0.1519, 0.1656, 0.2167
-0.2478, 0.0806, -0.0401, 0.1002, 0.1650, 0.2496
-0.2337, 0.0990, -0.0166, 0.1519, 0.1597, 0.2294
-0.2744, 0.0819, -0.0247, 0.1280, 0.1678, 0.2972
-0.2470, 0.0977, -0.0172, 0.1454, 0.1597, 0.2532
-0.2307, 0.0819, -0.0247, 0.1279, 0.1534, 0.1962
-0.2182, 0.1003, -0.0011, 0.1796, 0.1588, 0.1614
-0.2057, 0.0819, -0.0395, 0.1066, 0.1630, 0.1935
-0.2345, 0.1089, -0.0051, 0.1821, 0.1648, 0.2322
-0.2330, 0.0720, -0.0522, 0.0788, 0.1548, 0.2129
-0.2478, 0.0878, -0.0299, 0.1176, 0.1664, 0.2496
-0.2462, 0.0880, -0.0425, 0.1003, 0.1553, 0.2102
-0.2058, 0.0706, -0.0379, 0.0937, 0.1663, 0.1806
-0.2625, 0.0968, -0.0431, 0.1043, 0.1596, 0.2874
-0.2619, 0.0964, -0.0178, 0.1390, 0.1730, 0.2761
-0.2322, 0.0853, -0.0437, 0.0874, 0.1494, 0.2229
-0.2174, 0.0795, -0.0534, 0.0764, 0.1512, 0.2118
-0.2603, 0.0809, -0.0528, 0.0828, 0.1619, 0.2367
-0.2213, 0.0966, -0.0304, 0.1217, 0.1659, 0.1553
-0.2455, 0.0991, -0.0166, 0.1519, 0.1490, 0.2669
-0.2478, 0.0891, -0.0293, 0.1240, 0.1650, 0.2496
-0.2042, 0.0990, -0.0166, 0.1518, 0.1526, 0.1879
-0.2462, 0.1004, -0.0160, 0.1582, 0.1540, 0.2761
-0.2337, 0.1003, -0.0011, 0.1796, 0.1605, 0.1892
-0.2337, 0.1064, -0.0189, 0.1519, 0.1596, 0.2359
-0.2611, 0.0904, -0.0138, 0.1518, 0.1663, 0.2798
-0.2337, 0.0977, -0.0172, 0.1454, 0.1597, 0.2294
-0.2604, 0.0635, -0.0631, 0.0549, 0.1626, 0.2770
-0.2603, 0.0878, -0.0299, 0.1176, 0.1618, 0.2441
-0.2633, 0.0865, -0.0304, 0.1112, 0.1648, 0.2902
-0.2890, 0.0880, -0.0425, 0.1002, 0.1610, 0.3350
-0.2463, 0.0782, -0.0540, 0.0700, 0.1573, 0.2568
-0.2595, 0.0894, -0.0419, 0.1067, 0.1564, 0.2541
-0.2617, 0.1051, -0.0196, 0.1455, 0.1548, 0.2645
-0.2462, 0.0867, -0.0431, 0.0938, 0.1547, 0.2431
-0.2330, 0.1075, -0.0057, 0.1757, 0.1684, 0.2311
-0.2330, 0.0891, -0.0293, 0.1240, 0.1685, 0.2247
-0.2478, 0.1017, -0.0154, 0.1647, 0.1658, 0.2094
-0.2182, 0.0781, -0.0540, 0.0700, 0.1587, 0.1688
-0.2330, 0.0904, -0.0287, 0.1305, 0.1684, 0.2311
-0.2758, 0.0905, -0.0287, 0.1304, 0.1611, 0.3048
-0.2603, 0.0918, -0.0281, 0.1369, 0.1610, 0.2834
-0.2478, 0.0878, -0.0298, 0.1177, 0.1649, 0.2560
-0.2330, 0.0878, -0.0299, 0.1176, 0.1693, 0.1853
-0.2330, 0.0891, -0.0144, 0.1454, 0.1694, 0.1780
-0.2478, 0.0955, -0.0437, 0.0979, 0.1647, 0.2624
-0.2182, 0.0770, -0.0672, 0.0462, 0.1580, 0.2081
-0.2455, 0.0682, -0.0666, 0.0422, 0.1509, 0.2467
-0.2773, 0.0980, -0.0298, 0.1281, 0.1721, 0.2774
-0.2617, 0.0793, -0.0407, 0.0938, 0.1551, 0.2517
-0.2323, 0.0893, -0.0419, 0.1067, 0.1509, 0.2165
-0.2470, 0.1004, -0.0160, 0.1582, 0.1607, 0.2724
-0.2042, 0.0795, -0.0534, 0.0764, 0.1525, 0.1943
-0.2057, 0.0922, -0.0406, 0.1204, 0.1626, 0.1414
-0.2594, 0.0905, -0.0287, 0.1305, 0.1533, 0.2542
-0.2050, 0.0895, -0.0545, 0.0893, 0.1582, 0.1706
-0.2213, 0.0893, -0.0419, 0.1067, 0.1650, 0.2020
-0.2728, 0.0865, -0.0304, 0.1112, 0.1567, 0.3309
-0.2330, 0.0905, -0.0287, 0.1304, 0.1544, 0.2331
-0.2470, 0.0734, -0.0516, 0.0853, 0.1604, 0.2203
-0.2478, 0.0880, -0.0425, 0.1003, 0.1657, 0.2167
-0.2042, 0.0880, -0.0425, 0.1003, 0.1532, 0.1614
-0.2213, 0.0993, -0.0292, 0.1345, 0.1654, 0.1819
-0.2611, 0.0894, -0.0419, 0.1067, 0.1660, 0.2926
-0.2174, 0.0880, -0.0425, 0.1003, 0.1521, 0.1651
-0.2338, 0.0793, -0.0407, 0.0938, 0.1605, 0.1892
-0.2728, 0.0880, -0.0425, 0.1002, 0.1573, 0.3044
-0.2330, 0.0982, -0.0425, 0.1107, 0.1543, 0.2395
-0.2057, 0.0992, -0.0292, 0.1345, 0.1632, 0.1807
-0.2736, 0.0830, -0.0114, 0.1517, 0.1627, 0.2934
-0.2470, 0.0979, -0.0299, 0.1280, 0.1620, 0.2065
-0.2337, 0.0979, -0.0298, 0.1281, 0.1596, 0.2359
-0.2462, 0.0882, -0.0551, 0.0829, 0.1543, 0.2633
-0.2758, 0.0856, -0.0563, 0.0701, 0.1614, 0.2911
-0.2470, 0.0880, -0.0425, 0.1002, 0.1596, 0.2597
-0.2353, 0.0893, -0.0419, 0.1067, 0.1703, 0.2222
-0.2603, 0.0979, -0.0298, 0.1281, 0.1619, 0.2367
-0.2463, 0.0832, -0.0241, 0.1344, 0.1570, 0.2696
-0.2478, 0.0896, -0.0546, 0.0893, 0.1650, 0.2496
-0.2330, 0.0990, -0.0017, 0.1732, 0.1549, 0.2065
-0.2197, 0.0867, -0.0431, 0.0938, 0.1543, 0.2157
-0.2337, 0.1004, -0.0160, 0.1583, 0.1605, 0.1892
-0.2190, 0.0904, -0.0287, 0.1305, 0.1640, 0.1652
-0.2595, 0.0869, -0.0557, 0.0765, 0.1557, 0.2870
-0.2337, 0.0869, -0.0706, 0.0552, 0.1596, 0.2359
-0.2478, 0.0784, -0.0666, 0.0527, 0.1666, 0.2423
-0.2750, 0.0993, -0.0292, 0.1345, 0.1560, 0.3011
-0.2190, 0.0981, -0.0425, 0.1108, 0.1643, 0.1514
-0.2478, 0.0869, -0.0557, 0.0765, 0.1655, 0.2231
-0.2330, 0.0990, -0.0017, 0.1732, 0.1543, 0.2395
-0.2470, 0.0795, -0.0534, 0.0764, 0.1596, 0.2597
-0.2470, 0.0795, -0.0534, 0.0764, 0.1603, 0.2267
-0.2470, 0.1003, -0.0011, 0.1796, 0.1615, 0.2331
-0.2595, 0.1102, -0.0046, 0.1885, 0.1564, 0.2477
-0.2625, 0.0991, -0.0166, 0.1519, 0.1601, 0.2609
-0.2470, 0.0979, -0.0298, 0.1281, 0.1610, 0.2596
-0.2471, 0.0880, -0.0425, 0.1003, 0.1609, 0.2660
-0.2595, 0.0867, -0.0431, 0.0939, 0.1566, 0.2403
-0.2588, 0.0894, -0.0419, 0.1067, 0.1515, 0.2376
-0.2618, 0.0966, -0.0304, 0.1217, 0.1717, 0.2698
-0.2463, 0.0979, -0.0298, 0.1281, 0.1558, 0.2568
-0.2158, 0.1075, -0.0057, 0.1757, 0.1411, 0.2259
-0.2478, 0.0880, -0.0425, 0.1003, 0.1646, 0.2689
-0.2462, 0.0928, 0.0149, 0.2033, 0.1552, 0.2166
-0.2337, 0.0893, -0.0419, 0.1067, 0.1597, 0.2294
-0.2197, 0.0893, -0.0419, 0.1067, 0.1547, 0.1955
-0.2455, 0.1053, -0.0322, 0.1281, 0.1503, 0.2733
-0.2625, 0.0870, -0.0706, 0.0552, 0.1599, 0.2737
-0.2167, 0.1004, -0.0160, 0.1583, 0.1481, 0.1760
-0.2213, 0.0966, -0.0304, 0.1217, 0.1650, 0.2020
-0.2471, 0.0782, -0.0539, 0.0700, 0.1612, 0.2532
-0.2471, 0.0893, -0.0419, 0.1067, 0.1610, 0.2596
-0.2463, 0.0905, -0.0287, 0.1305, 0.1553, 0.2834
-0.2477, 0.0795, -0.0534, 0.0764, 0.1642, 0.2094
-0.2463, 0.0720, -0.0522, 0.0788, 0.1565, 0.2239
-0.2604, 0.0904, -0.0138, 0.1518, 0.1624, 0.2834
-0.2345, 0.0882, -0.0551, 0.0829, 0.1652, 0.2185
-0.2596, 0.0929, 0.0000, 0.1820, 0.1572, 0.2806
-0.2330, 0.0891, -0.0293, 0.1241, 0.1560, 0.2257
-0.2478, 0.0907, -0.0413, 0.1131, 0.1655, 0.2231
-0.2470, 0.0955, -0.0437, 0.0979, 0.1605, 0.2130
-0.2050, 0.0880, -0.0425, 0.1003, 0.1577, 0.1971
-0.2875, 0.0966, -0.0304, 0.1217, 0.1521, 0.3285
-0.2462, 0.0977, -0.0172, 0.1454, 0.1547, 0.2431
-0.2478, 0.0891, -0.0292, 0.1241, 0.1651, 0.2423
-0.2175, 0.0891, -0.0292, 0.1241, 0.1533, 0.1788
-0.2603, 0.0922, -0.0406, 0.1205, 0.1618, 0.2441
-0.2337, 0.0880, -0.0425, 0.1003, 0.1593, 0.2487
-0.2470, 0.0966, -0.0304, 0.1216, 0.1610, 0.2596
-0.2455, 0.0905, -0.0287, 0.1304, 0.1507, 0.2531
-0.2205, 0.0966, -0.0304, 0.1217, 0.1600, 0.1919
-0.2174, 0.1017, -0.0005, 0.1860, 0.1530, 0.1916
-0.1909, 0.0891, -0.0292, 0.1241, 0.1520, 0.1248
-0.2462, 0.0878, -0.0298, 0.1177, 0.1543, 0.2633
-0.2470, 0.0819, -0.0247, 0.1279, 0.1595, 0.2661
-0.2477, 0.0867, -0.0431, 0.0938, 0.1638, 0.2295
-0.2307, 0.0907, -0.0414, 0.1130, 0.1530, 0.2154
-0.2752, 0.0806, -0.0401, 0.1002, 0.1731, 0.2935
-0.2345, 0.0953, -0.0310, 0.1153, 0.1650, 0.2258
-0.2494, 0.1004, -0.0160, 0.1583, 0.1762, 0.2483
-0.2632, 0.0891, -0.0293, 0.1240, 0.1648, 0.2902
-0.2198, 0.0806, -0.0401, 0.1002, 0.1697, 0.1414
-0.2595, 0.1004, -0.0160, 0.1583, 0.1566, 0.2404
-0.2455, 0.0877, -0.0150, 0.1390, 0.1489, 0.2733
-0.2596, 0.0853, -0.0437, 0.0875, 0.1571, 0.2870
-0.2299, 0.0966, -0.0304, 0.1216, 0.1473, 0.2392
-0.2596, 0.0758, -0.0826, 0.0185, 0.1581, 0.2403
-0.2611, 0.0806, -0.0401, 0.1002, 0.1672, 0.2331
-0.2766, 0.0878, -0.0299, 0.1176, 0.1663, 0.3076
-0.2596, 0.1102, -0.0045, 0.1885, 0.1571, 0.2870
-0.2470, 0.0880, -0.0425, 0.1003, 0.1599, 0.2459
-0.2478, 0.0819, -0.0395, 0.1066, 0.1661, 0.2688
-0.2470, 0.0982, -0.0425, 0.1108, 0.1606, 0.2066
-0.2766, 0.0856, -0.0712, 0.0487, 0.1662, 0.3140
-0.2462, 0.0977, -0.0172, 0.1455, 0.1529, 0.2496
-0.2611, 0.1006, -0.0286, 0.1409, 0.1664, 0.2734
-0.2891, 0.0892, -0.0293, 0.1240, 0.1627, 0.3212
-0.2322, 0.1003, -0.0011, 0.1796, 0.1500, 0.1900
-0.2471, 0.0893, -0.0419, 0.1067, 0.1616, 0.2267
-0.2189, 0.0966, -0.0304, 0.1216, 0.1489, 0.2257
-0.2595, 0.0869, -0.0557, 0.0765, 0.1555, 0.2999
-0.2470, 0.1006, -0.0286, 0.1409, 0.1603, 0.2203
-0.2461, 0.0819, -0.0396, 0.1066, 0.1523, 0.2103
-0.2337, 0.0880, -0.0425, 0.1002, 0.1597, 0.2294
-0.2337, 0.0977, -0.0172, 0.1454, 0.1598, 0.2221
-0.2299, 0.0856, -0.0712, 0.0487, 0.1475, 0.2328
-0.2315, 0.0893, -0.0419, 0.1067, 0.1581, 0.2255
-0.2765, 0.0867, -0.0431, 0.0938, 0.1655, 0.2747
-0.2471, 0.0891, -0.0293, 0.1241, 0.1619, 0.2129
-0.2330, 0.0768, -0.0545, 0.0636, 0.1557, 0.2394
-0.2446, 0.0891, -0.0293, 0.1240, 0.1428, 0.2774
-0.2603, 0.0980, -0.0298, 0.1281, 0.1616, 0.2505
-0.2752, 0.0771, -0.0672, 0.0463, 0.1738, 0.2606
-0.2041, 0.0979, -0.0298, 0.1281, 0.1517, 0.1614
-0.2050, 0.0882, -0.0551, 0.0829, 0.1582, 0.1706
-0.2470, 0.0795, -0.0534, 0.0764, 0.1595, 0.2661
-0.2728, 0.0969, -0.0431, 0.1043, 0.1571, 0.3108
-0.2189, 0.1003, -0.0011, 0.1796, 0.1628, 0.1515
-0.2470, 0.0867, -0.0431, 0.0939, 0.1606, 0.2066
-0.2632, 0.0982, -0.0425, 0.1107, 0.1646, 0.2966
-0.2330, 0.0993, -0.0292, 0.1345, 0.1561, 0.2193
-0.2470, 0.0880, -0.0425, 0.1003, 0.1582, 0.2460
-0.2611, 0.0894, -0.0419, 0.1067, 0.1680, 0.2660
-0.2197, 0.0855, -0.0563, 0.0701, 0.1551, 0.1763
-0.2611, 0.0880, -0.0425, 0.1002, 0.1672, 0.2331
-0.2338, 0.0819, -0.0395, 0.1066, 0.1595, 0.2423
-0.2197, 0.0955, -0.0437, 0.0979, 0.1540, 0.2285
-0.2470, 0.0955, -0.0437, 0.0979, 0.1599, 0.2459
-0.2632, 0.0894, -0.0419, 0.1067, 0.1658, 0.2371
-0.2197, 0.0869, -0.0557, 0.0765, 0.1551, 0.1763
-0.2603, 0.0905, -0.0287, 0.1305, 0.1619, 0.2367
-0.2617, 0.0867, -0.0431, 0.0938, 0.1542, 0.2974
-0.2470, 0.1017, -0.0154, 0.1647, 0.1616, 0.2267
-0.2478, 0.1006, -0.0287, 0.1409, 0.1656, 0.2167
-0.2595, 0.0980, -0.0298, 0.1281, 0.1563, 0.2541
-0.2205, 0.0891, -0.0144, 0.1454, 0.1600, 0.1919
-0.2478, 0.0867, -0.0431, 0.0938, 0.1646, 0.2689
-0.2338, 0.0977, -0.0172, 0.1455, 0.1618, 0.1964
-0.2478, 0.0856, -0.0563, 0.0701, 0.1671, 0.2166
-0.2883, 0.0993, -0.0292, 0.1345, 0.1580, 0.2919
-0.2603, 0.0795, -0.0534, 0.0765, 0.1613, 0.2697
-0.2478, 0.0808, -0.0528, 0.0829, 0.1663, 0.2560
-0.2609, 0.0782, -0.0540, 0.0700, 0.1488, 0.3075
-0.2471, 0.0891, -0.0292, 0.1241, 0.1620, 0.2065
-0.2611, 0.0880, -0.0425, 0.1003, 0.1669, 0.2469
-0.2050, 0.0880, -0.0425, 0.1003, 0.1597, 0.1779
-0.2338, 0.0806, -0.0401, 0.1002, 0.1597, 0.2294
-0.2167, 0.0720, -0.0374, 0.1001, 0.1474, 0.2153
-0.2345, 0.0904, -0.0287, 0.1304, 0.1649, 0.2322
-0.2337, 0.0993, -0.0293, 0.1345, 0.1607, 0.1764
-0.2596, 0.0968, -0.0431, 0.1043, 0.1579, 0.2476
-0.2595, 0.0809, -0.0528, 0.0828, 0.1556, 0.2934
-0.2478, 0.0793, -0.0407, 0.0938, 0.1662, 0.2624
-0.2766, 0.0891, -0.0144, 0.1454, 0.1666, 0.2938
-0.2345, 0.0880, -0.0425, 0.1003, 0.1652, 0.2185
-0.2470, 0.1004, -0.0160, 0.1582, 0.1620, 0.2065
-0.2470, 0.1003, -0.0012, 0.1796, 0.1605, 0.2130
-0.2758, 0.0880, -0.0425, 0.1002, 0.1610, 0.3112
-0.2609, 0.1030, 0.0000, 0.1923, 0.1488, 0.3011
-0.2175, 0.0880, -0.0425, 0.1002, 0.1533, 0.1788
-0.2175, 0.0781, -0.0540, 0.0700, 0.1533, 0.1788
-0.2182, 0.0893, -0.0419, 0.1067, 0.1586, 0.1752
-0.2595, 0.0982, -0.0425, 0.1107, 0.1565, 0.2477
-0.2603, 0.1076, -0.0057, 0.1757, 0.1607, 0.2962
-0.2337, 0.0891, -0.0292, 0.1241, 0.1605, 0.1892
-0.2595, 0.0797, -0.0660, 0.0591, 0.1565, 0.2477
-0.2603, 0.0856, -0.0563, 0.0701, 0.1617, 0.2505
-0.2338, 0.1004, -0.0160, 0.1583, 0.1614, 0.2157
-0.2478, 0.0953, -0.0310, 0.1153, 0.1666, 0.2423
-0.2470, 0.0793, -0.0407, 0.0938, 0.1595, 0.2661
-0.2750, 0.0993, -0.0292, 0.1345, 0.1556, 0.3212
-0.2220, 0.0867, -0.0431, 0.0939, 0.1711, 0.1581
-0.2604, 0.0795, -0.0534, 0.0765, 0.1627, 0.2697
-0.2330, 0.0977, -0.0172, 0.1454, 0.1542, 0.2459
-0.2478, 0.0991, -0.0166, 0.1519, 0.1664, 0.2496
-0.2470, 0.0993, -0.0292, 0.1345, 0.1614, 0.2395
-0.2603, 0.1004, -0.0160, 0.1583, 0.1616, 0.2505
-0.2205, 0.0883, -0.0700, 0.0616, 0.1604, 0.1727
-0.2758, 0.0883, -0.0552, 0.0829, 0.1610, 0.3112
-0.2470, 0.0891, -0.0292, 0.1241, 0.1599, 0.2459
-0.2205, 0.1017, -0.0154, 0.1647, 0.1596, 0.2121
-0.1932, 0.0979, -0.0298, 0.1281, 0.1679, 0.1140
-0.2462, 0.0907, -0.0413, 0.1131, 0.1549, 0.2303
-0.2470, 0.0993, -0.0292, 0.1345, 0.1594, 0.2661
-0.2463, 0.0993, -0.0292, 0.1345, 0.1557, 0.2632
-0.2604, 0.0905, -0.0287, 0.1305, 0.1633, 0.2367
-0.2323, 0.0782, -0.0539, 0.0701, 0.1638, 0.2018
-0.2307, 0.0993, -0.0292, 0.1345, 0.1528, 0.2291
-0.2345, 0.1003, -0.0011, 0.1796, 0.1652, 0.2121
-0.2478, 0.0979, -0.0298, 0.1281, 0.1649, 0.2560
-0.2470, 0.0891, -0.0293, 0.1240, 0.1596, 0.2597
-0.2050, 0.0880, -0.0425, 0.1003, 0.1592, 0.1184
-0.2736, 0.0878, -0.0299, 0.1176, 0.1635, 0.2541
-0.2322, 0.0993, -0.0292, 0.1345, 0.1487, 0.2559
-0.2470, 0.0964, -0.0178, 0.1390, 0.1594, 0.2661
-0.2470, 0.0966, -0.0304, 0.1217, 0.1601, 0.2331
-0.2369, 0.0770, -0.0672, 0.0462, 0.1821, 0.1943
-0.2050, 0.0977, -0.0172, 0.1454, 0.1584, 0.1578
-0.2478, 0.0878, -0.0299, 0.1176, 0.1671, 0.2166
-0.2182, 0.0795, -0.0534, 0.0764, 0.1580, 0.2081
-0.2773, 0.1004, -0.0011, 0.1796, 0.1714, 0.3104
-0.2197, 0.0955, -0.0436, 0.0979, 0.1549, 0.1827
-0.2182, 0.0891, -0.0293, 0.1240, 0.1585, 0.1816
-0.2330, 0.0880, -0.0425, 0.1003, 0.1548, 0.2129
-0.2478, 0.1004, -0.0160, 0.1583, 0.1654, 0.2295
-0.2478, 0.0806, -0.0401, 0.1002, 0.1648, 0.2624
-0.2034, 0.0684, -0.0793, 0.0248, 0.1471, 0.2044
-0.2322, 0.1004, -0.0160, 0.1583, 0.1638, 0.1954
-0.2213, 0.0893, -0.0419, 0.1067, 0.1652, 0.1947
-0.2744, 0.0795, -0.0534, 0.0764, 0.1679, 0.2972
-0.2197, 0.0893, -0.0419, 0.1067, 0.1546, 0.2019
-0.2611, 0.0806, -0.0253, 0.1216, 0.1662, 0.2862
-0.2611, 0.1017, -0.0006, 0.1860, 0.1663, 0.2798
-0.2471, 0.0696, -0.0660, 0.0487, 0.1620, 0.2129
-0.2353, 0.0979, -0.0298, 0.1281, 0.1711, 0.1819
-0.2205, 0.0878, -0.0299, 0.1176, 0.1596, 0.2120
-0.2470, 0.1053, -0.0322, 0.1281, 0.1611, 0.2532
-0.2603, 0.0904, -0.0138, 0.1518, 0.1614, 0.2633
-0.2330, 0.0966, -0.0304, 0.1217, 0.1695, 0.1716
-0.2625, 0.0833, -0.0241, 0.1344, 0.1604, 0.2481
-0.2182, 0.0904, -0.0287, 0.1305, 0.1578, 0.2145
-0.2307, 0.0968, -0.0430, 0.1043, 0.1525, 0.2420
-0.2478, 0.0806, -0.0401, 0.1002, 0.1654, 0.2295
-0.2603, 0.0904, -0.0138, 0.1518, 0.1615, 0.2569
-0.2603, 0.1075, 0.0092, 0.1971, 0.1614, 0.2633
-0.2611, 0.1015, 0.0121, 0.2034, 0.1660, 0.2926
-0.2463, 0.0880, -0.0425, 0.1003, 0.1557, 0.2632
-0.2470, 0.0723, -0.0649, 0.0615, 0.1607, 0.2066
-0.2345, 0.0993, -0.0292, 0.1345, 0.1656, 0.1929
-0.2471, 0.0793, -0.0407, 0.0938, 0.1619, 0.2129
-0.2471, 0.0880, -0.0425, 0.1003, 0.1611, 0.2532
-0.2470, 0.0771, -0.0672, 0.0462, 0.1599, 0.2459
-0.2595, 0.0905, -0.0287, 0.1305, 0.1558, 0.2806
-0.2315, 0.0696, -0.0660, 0.0487, 0.1586, 0.1990
-0.2049, 0.1006, -0.0286, 0.1409, 0.1573, 0.1450
-0.2758, 0.0991, -0.0166, 0.1519, 0.1609, 0.3176
-0.2345, 0.1078, -0.0183, 0.1584, 0.1646, 0.2451
-0.2603, 0.0782, -0.0539, 0.0701, 0.1614, 0.2633
-0.2462, 0.0784, -0.0815, 0.0313, 0.1550, 0.2303
-0.2463, 0.0894, -0.0419, 0.1067, 0.1558, 0.2568
-0.2595, 0.0905, -0.0287, 0.1305, 0.1561, 0.2669
-0.2883, 0.1004, -0.0011, 0.1796, 0.1570, 0.3450
-0.2050, 0.0990, -0.0017, 0.1732, 0.1578, 0.1907
-0.2588, 0.0894, -0.0419, 0.1067, 0.1512, 0.2513
-0.2182, 0.0793, -0.0407, 0.0939, 0.1591, 0.1486
-0.2322, 0.0907, -0.0413, 0.1131, 0.1489, 0.2495
-0.2190, 0.0977, -0.0172, 0.1454, 0.1635, 0.1908
-0.2470, 0.1004, -0.0160, 0.1583, 0.1612, 0.2459
-0.2640, 0.1006, -0.0286, 0.1409, 0.1702, 0.2802
-0.2609, 0.0902, -0.0011, 0.1692, 0.1494, 0.2745
-0.1776, 0.0930, -0.0126, 0.1646, 0.1504, 0.1075
-0.2478, 0.0880, -0.0425, 0.1003, 0.1662, 0.2624
-0.2182, 0.1089, -0.0051, 0.1821, 0.1579, 0.2081
-0.2183, 0.0966, -0.0304, 0.1217, 0.1619, 0.1614
-0.2330, 0.0723, -0.0649, 0.0615, 0.1551, 0.2001
-0.2175, 0.0891, -0.0292, 0.1241, 0.1533, 0.1788
-0.2337, 0.0856, -0.0563, 0.0701, 0.1597, 0.2294
-0.2469, 0.1017, -0.0005, 0.1861, 0.1582, 0.2460
-0.2595, 0.0795, -0.0534, 0.0764, 0.1560, 0.2733
-0.2485, 0.0867, -0.0431, 0.0939, 0.1706, 0.2323
-0.2750, 0.0894, -0.0419, 0.1067, 0.1557, 0.3148
-0.2205, 0.1003, -0.0011, 0.1796, 0.1597, 0.2056
-0.2595, 0.0806, -0.0253, 0.1216, 0.1561, 0.2669
-0.2596, 0.0806, -0.0401, 0.1002, 0.1575, 0.2669
-0.2470, 0.0894, -0.0419, 0.1067, 0.1602, 0.2267
-0.2462, 0.0795, -0.0534, 0.0764, 0.1547, 0.2431
-0.2463, 0.0819, -0.0247, 0.1279, 0.1556, 0.2696
-0.2330, 0.1003, -0.0011, 0.1796, 0.1550, 0.2001
-0.2174, 0.0963, -0.0178, 0.1391, 0.1534, 0.1724
-0.2471, 0.0795, -0.0534, 0.0764, 0.1611, 0.2532
-0.2190, 0.0819, -0.0395, 0.1067, 0.1636, 0.1844
-0.2471, 0.0891, -0.0293, 0.1241, 0.1608, 0.2724
-0.2640, 0.0795, -0.0534, 0.0765, 0.1702, 0.2802
-0.2478, 0.0993, -0.0292, 0.1345, 0.1649, 0.2560
-0.2470, 0.1004, -0.0160, 0.1583, 0.1606, 0.2066
-0.2728, 0.0806, -0.0253, 0.1216, 0.1569, 0.3236
-0.2470, 0.1006, -0.0286, 0.1409, 0.1597, 0.2533
-0.2175, 0.0955, -0.0585, 0.0766, 0.1530, 0.1916
-0.2617, 0.0809, -0.0528, 0.0829, 0.1547, 0.2709
-0.2337, 0.0893, -0.0419, 0.1067, 0.1606, 0.1828
-0.2463, 0.0808, -0.0528, 0.0829, 0.1579, 0.2238
-0.2470, 0.0891, -0.0292, 0.1241, 0.1588, 0.2130
-0.2205, 0.0893, -0.0419, 0.1067, 0.1597, 0.2056
-0.2175, 0.0784, -0.0666, 0.0527, 0.1531, 0.1916
-0.2478, 0.0982, -0.0425, 0.1107, 0.1666, 0.2423
-0.2353, 0.0723, -0.0648, 0.0615, 0.1710, 0.1893
-0.2729, 0.0771, -0.0820, 0.0250, 0.1581, 0.2641
-0.2330, 0.0953, -0.0310, 0.1152, 0.1556, 0.2458
-0.2462, 0.0795, -0.0534, 0.0764, 0.1542, 0.2697
-0.2353, 0.0784, -0.0666, 0.0527, 0.1710, 0.1893
-0.2182, 0.0806, -0.0401, 0.1002, 0.1573, 0.1688
-0.2478, 0.0867, -0.0431, 0.0939, 0.1666, 0.2423
-0.2330, 0.0905, -0.0287, 0.1305, 0.1543, 0.2395
-0.2470, 0.1078, -0.0184, 0.1583, 0.1594, 0.2661
-0.2619, 0.0771, -0.0672, 0.0463, 0.1717, 0.2698
-0.2213, 0.0904, -0.0287, 0.1305, 0.1660, 0.1489
-0.2486, 0.0809, -0.0528, 0.0829, 0.1725, 0.2057
-0.2750, 0.0977, -0.0172, 0.1454, 0.1556, 0.3212
-0.2345, 0.0709, -0.0655, 0.0550, 0.1653, 0.2121
-0.2337, 0.0993, -0.0292, 0.1345, 0.1598, 0.2221
-0.2337, 0.0878, -0.0298, 0.1177, 0.1599, 0.2221
-0.2611, 0.0891, -0.0292, 0.1241, 0.1669, 0.2469
-0.2353, 0.0833, -0.0389, 0.1131, 0.1711, 0.1819
-0.2462, 0.1089, -0.0051, 0.1821, 0.1543, 0.2633
-0.2470, 0.0968, -0.0431, 0.1043, 0.1609, 0.2660
-0.2299, 0.0904, -0.0287, 0.1304, 0.1479, 0.2126
-0.2337, 0.0893, -0.0419, 0.1066, 0.1604, 0.1965
-0.2346, 0.0977, -0.0172, 0.1455, 0.1670, 0.1928
-0.2486, 0.0891, -0.0293, 0.1240, 0.1715, 0.2588
-0.2308, 0.0966, -0.0304, 0.1217, 0.1570, 0.2418
-0.2603, 0.0982, -0.0425, 0.1108, 0.1618, 0.2441
-0.2470, 0.0867, -0.0431, 0.0939, 0.1597, 0.2532
-0.2479, 0.0696, -0.0660, 0.0487, 0.1681, 0.2358
-0.2915, 0.0995, -0.0419, 0.1171, 0.1790, 0.3236
-0.2330, 0.0811, -0.0655, 0.0654, 0.1543, 0.2395
-0.2345, 0.0904, -0.0138, 0.1518, 0.1659, 0.1791
-0.2330, 0.0990, -0.0017, 0.1732, 0.1550, 0.2001
-0.2050, 0.0966, -0.0304, 0.1217, 0.1605, 0.1376
-0.2337, 0.0869, -0.0706, 0.0552, 0.1596, 0.2359
-0.2736, 0.0806, -0.0401, 0.1002, 0.1624, 0.3072
-0.2471, 0.0768, -0.0545, 0.0636, 0.1626, 0.2532
-0.2765, 0.1018, -0.0154, 0.1647, 0.1670, 0.2682
-0.2168, 0.0977, -0.0172, 0.1454, 0.1513, 0.1686
-0.2182, 0.1017, -0.0005, 0.1860, 0.1582, 0.1944
-0.2338, 0.0806, -0.0401, 0.1002, 0.1608, 0.2486
-0.2611, 0.0905, -0.0287, 0.1305, 0.1668, 0.2533
-0.2595, 0.1067, -0.0465, 0.1132, 0.1560, 0.2733
-0.2205, 0.1003, -0.0011, 0.1797, 0.1606, 0.1590
-0.2632, 0.0894, -0.0419, 0.1067, 0.1654, 0.2573
-0.2337, 0.0993, -0.0292, 0.1345, 0.1597, 0.2294
-0.2617, 0.0782, -0.0540, 0.0700, 0.1541, 0.3039
-0.2313, 0.0880, -0.0425, 0.1003, 0.1435, 0.2207
-0.2205, 0.0709, -0.0655, 0.0551, 0.1605, 0.1654
-0.2307, 0.0795, -0.0534, 0.0764, 0.1525, 0.2419
-0.2345, 0.0846, -0.0235, 0.1408, 0.1648, 0.2386
-0.1903, 0.0968, -0.0431, 0.1043, 0.1630, 0.1658
-0.2330, 0.0990, -0.0166, 0.1519, 0.1543, 0.2395
-0.2338, 0.0891, -0.0293, 0.1241, 0.1619, 0.1891
-0.2728, 0.1030, 0.0001, 0.1925, 0.1577, 0.2778
-0.2603, 0.0891, -0.0292, 0.1241, 0.1610, 0.2834
-0.2604, 0.0891, -0.0144, 0.1454, 0.1625, 0.2770
-0.2603, 0.0977, -0.0172, 0.1454, 0.1616, 0.2505
-0.2462, 0.0905, -0.0287, 0.1304, 0.1548, 0.2367
-0.2478, 0.1089, -0.0051, 0.1821, 0.1672, 0.2093
-0.2345, 0.0806, -0.0401, 0.1002, 0.1653, 0.2121
-0.2603, 0.0980, -0.0298, 0.1281, 0.1610, 0.2834
-0.2213, 0.0904, -0.0138, 0.1518, 0.1650, 0.2020
-0.2462, 0.0891, -0.0292, 0.1241, 0.1533, 0.2304
-0.2463, 0.0991, -0.0166, 0.1519, 0.1566, 0.2165
-0.2486, 0.0977, -0.0172, 0.1455, 0.1717, 0.2460
-0.2338, 0.0832, -0.0241, 0.1344, 0.1608, 0.2486
-0.2736, 0.0757, -0.0678, 0.0399, 0.1623, 0.3136
-0.2603, 0.0982, -0.0425, 0.1108, 0.1634, 0.2303
-0.2611, 0.0797, -0.0660, 0.0591, 0.1675, 0.2203
-0.2315, 0.0878, -0.0298, 0.1177, 0.1581, 0.2255
-0.2463, 0.0869, -0.0557, 0.0765, 0.1557, 0.2632
-0.2338, 0.0707, -0.0528, 0.0724, 0.1597, 0.2294
-0.2190, 0.0880, -0.0425, 0.1003, 0.1640, 0.1652
-0.2609, 0.0819, -0.0247, 0.1280, 0.1498, 0.2553
-0.2471, 0.0905, -0.0287, 0.1305, 0.1611, 0.2532
-0.2736, 0.1054, -0.0322, 0.1281, 0.1624, 0.3072
-0.2455, 0.0990, -0.0165, 0.1519, 0.1489, 0.2733
-0.2462, 0.0856, -0.0563, 0.0701, 0.1546, 0.2495
-0.2611, 0.0782, -0.0540, 0.0701, 0.1670, 0.2468
-0.2337, 0.0893, -0.0419, 0.1067, 0.1602, 0.2029
-0.2205, 0.0878, -0.0298, 0.1177, 0.1596, 0.2120
-0.2486, 0.1003, -0.0011, 0.1796, 0.1717, 0.2460
-0.2462, 0.0993, -0.0292, 0.1345, 0.1548, 0.2367
-0.2463, 0.0820, -0.0395, 0.1066, 0.1565, 0.2239
-0.2891, 0.0856, -0.0563, 0.0701, 0.1628, 0.3148
-0.2338, 0.0795, -0.0534, 0.0764, 0.1603, 0.2029
-0.2477, 0.0784, -0.0666, 0.0526, 0.1633, 0.2561
-0.2611, 0.0894, -0.0419, 0.1067, 0.1664, 0.2734
-0.2205, 0.0891, -0.0292, 0.1241, 0.1606, 0.1590
-0.2462, 0.0853, -0.0437, 0.0875, 0.1553, 0.2102
-0.2307, 0.0795, -0.0534, 0.0764, 0.1528, 0.2291
-0.2174, 0.1017, -0.0154, 0.1647, 0.1527, 0.2053
-0.2883, 0.0856, -0.0563, 0.0701, 0.1556, 0.3450
-0.2611, 0.0966, -0.0304, 0.1217, 0.1667, 0.2597
-0.2891, 0.0980, -0.0298, 0.1281, 0.1633, 0.2883
-0.2603, 0.0980, -0.0298, 0.1281, 0.1622, 0.2239
-0.2042, 0.0784, -0.0814, 0.0314, 0.1515, 0.1743
-0.2471, 0.0707, -0.0528, 0.0724, 0.1609, 0.2660
-0.2899, 0.0905, -0.0286, 0.1305, 0.1713, 0.3047
-0.2471, 0.0891, -0.0292, 0.1241, 0.1614, 0.2395
-0.2307, 0.0880, -0.0425, 0.1003, 0.1536, 0.1889
-0.2462, 0.0991, -0.0166, 0.1519, 0.1541, 0.2697
-0.2470, 0.1030, 0.0001, 0.1924, 0.1608, 0.2660
-0.2471, 0.0869, -0.0557, 0.0765, 0.1610, 0.2596
-0.2338, 0.0709, -0.0654, 0.0551, 0.1603, 0.2029
-0.2330, 0.0806, -0.0401, 0.1002, 0.1548, 0.2129
-0.2345, 0.0784, -0.0666, 0.0527, 0.1657, 0.1929
-0.2750, 0.0891, -0.0292, 0.1241, 0.1562, 0.2883
-0.2471, 0.0808, -0.0528, 0.0828, 0.1611, 0.2532
-0.2478, 0.1053, -0.0322, 0.1282, 0.1659, 0.2029
-0.2315, 0.0878, -0.0298, 0.1177, 0.1589, 0.1852
-0.2353, 0.1076, -0.0057, 0.1757, 0.1710, 0.1819
-0.2455, 0.0869, -0.0557, 0.0765, 0.1493, 0.2532
-0.2189, 0.0917, -0.0132, 0.1582, 0.1490, 0.2193
-0.2611, 0.0904, -0.0138, 0.1518, 0.1664, 0.2734
-0.2322, 0.1004, -0.0160, 0.1583, 0.1499, 0.1964
-0.2330, 0.0905, -0.0286, 0.1305, 0.1571, 0.1662
-0.2455, 0.0966, -0.0304, 0.1217, 0.1504, 0.2668
-0.2471, 0.0856, -0.0563, 0.0701, 0.1615, 0.2331
-0.2595, 0.0809, -0.0528, 0.0829, 0.1559, 0.2806
-0.2330, 0.1078, -0.0184, 0.1583, 0.1552, 0.1928
-0.2315, 0.0979, -0.0298, 0.1281, 0.1588, 0.1852
-0.2595, 0.0969, -0.0431, 0.1043, 0.1569, 0.2275
-0.1917, 0.0891, -0.0292, 0.1241, 0.1565, 0.1606
-0.2345, 0.0966, -0.0304, 0.1217, 0.1651, 0.2185
-0.2640, 0.0720, -0.0522, 0.0789, 0.1706, 0.2601
-0.2462, 0.0878, -0.0299, 0.1176, 0.1544, 0.2569
-0.2330, 0.0819, -0.0396, 0.1066, 0.1551, 0.2001
-0.2338, 0.0707, -0.0528, 0.0724, 0.1596, 0.2358
-0.2478, 0.0869, -0.0557, 0.0765, 0.1648, 0.2625
-0.2744, 0.0905, -0.0286, 0.1305, 0.1686, 0.2569
-0.2471, 0.0806, -0.0401, 0.1003, 0.1618, 0.2203
-0.2603, 0.0905, -0.0287, 0.1305, 0.1609, 0.2898
-0.2462, 0.0891, -0.0292, 0.1241, 0.1529, 0.2496
-0.2330, 0.0878, -0.0298, 0.1176, 0.1544, 0.2331
-0.2050, 0.0893, -0.0419, 0.1067, 0.1577, 0.1971
-0.2758, 0.0905, -0.0287, 0.1305, 0.1615, 0.2846
-0.2338, 0.0891, -0.0293, 0.1241, 0.1620, 0.1827
-0.2330, 0.1004, -0.0160, 0.1583, 0.1543, 0.2395
-0.2603, 0.0918, -0.0281, 0.1369, 0.1609, 0.2898
-0.2338, 0.0904, -0.0287, 0.1305, 0.1610, 0.2358
-0.2330, 0.0993, -0.0292, 0.1345, 0.1547, 0.2193
-0.2595, 0.0883, -0.0552, 0.0829, 0.1570, 0.2211
-0.2891, 0.0905, -0.0138, 0.1518, 0.1648, 0.2955
-0.2445, 0.0918, -0.0280, 0.1369, 0.1410, 0.2839
-0.2338, 0.0832, -0.0241, 0.1344, 0.1601, 0.2093
-0.2330, 0.0905, -0.0287, 0.1305, 0.1549, 0.2065
-0.2595, 0.0806, -0.0401, 0.1002, 0.1565, 0.2477
-0.2618, 0.1054, -0.0322, 0.1282, 0.1720, 0.2561
-0.2307, 0.0904, -0.0138, 0.1518, 0.1530, 0.2154
-0.2611, 0.0980, -0.0298, 0.1281, 0.1660, 0.2926
-0.2322, 0.1017, -0.0154, 0.1647, 0.1631, 0.2347
-0.2190, 0.0837, -0.0515, 0.0967, 0.1643, 0.1514
-0.2478, 0.0993, -0.0292, 0.1345, 0.1651, 0.2423
-0.2315, 0.0819, -0.0395, 0.1067, 0.1581, 0.2255
-0.2603, 0.0869, -0.0557, 0.0765, 0.1613, 0.2697
-0.2469, 0.1091, -0.0178, 0.1648, 0.1582, 0.2460
-0.2470, 0.0806, -0.0401, 0.1003, 0.1585, 0.2332
-0.2182, 0.0795, -0.0534, 0.0765, 0.1586, 0.1752
-0.2470, 0.1017, -0.0154, 0.1647, 0.1594, 0.2661
-0.2182, 0.1004, -0.0160, 0.1583, 0.1588, 0.1614
-0.2042, 0.0866, -0.0431, 0.0939, 0.1519, 0.1550
-0.2486, 0.0907, -0.0413, 0.1131, 0.1715, 0.2588
-0.2205, 0.0819, -0.0395, 0.1067, 0.1599, 0.1983
-0.2603, 0.0883, -0.0551, 0.0829, 0.1618, 0.2441
-0.2205, 0.0784, -0.0666, 0.0527, 0.1599, 0.1983
-0.2603, 0.0784, -0.0666, 0.0527, 0.1614, 0.2633
-0.2346, 0.0977, -0.0171, 0.1455, 0.1668, 0.2056
-0.2190, 0.0982, -0.0424, 0.1108, 0.1632, 0.2045
-0.2750, 0.0869, -0.0557, 0.0765, 0.1556, 0.3212
-0.2588, 0.0856, -0.0563, 0.0701, 0.1516, 0.2311
-0.2462, 0.0905, -0.0287, 0.1305, 0.1552, 0.2166
-0.2330, 0.0867, -0.0431, 0.0938, 0.1542, 0.2459
-0.2486, 0.0808, -0.0528, 0.0829, 0.1702, 0.2524
-0.2315, 0.0806, -0.0253, 0.1216, 0.1578, 0.2383
-0.2603, 0.1078, -0.0183, 0.1584, 0.1610, 0.2834
-0.2197, 0.0808, -0.0527, 0.0829, 0.1552, 0.1690
-0.2337, 0.0893, -0.0419, 0.1068, 0.1606, 0.1828
-0.2197, 0.0977, -0.0171, 0.1455, 0.1542, 0.2221
-0.2337, 0.0869, -0.0557, 0.0765, 0.1595, 0.2423
-0.2338, 0.0832, -0.0241, 0.1344, 0.1595, 0.2423
-0.2609, 0.0793, -0.0407, 0.0938, 0.1491, 0.2882
-0.2470, 0.1053, -0.0322, 0.1282, 0.1616, 0.2267
-0.2198, 0.0819, -0.0247, 0.1280, 0.1693, 0.1615
-0.2315, 0.0993, -0.0292, 0.1345, 0.1580, 0.2255
-0.2462, 0.0878, -0.0298, 0.1177, 0.1539, 0.2834
-0.2174, 0.1091, -0.0178, 0.1648, 0.1529, 0.1980
-0.2353, 0.1010, -0.0412, 0.1245, 0.1707, 0.2021
-0.2049, 0.0877, -0.0298, 0.1176, 0.1569, 0.1642
-0.2330, 0.1089, -0.0051, 0.1821, 0.1688, 0.2110
-0.2603, 0.0883, -0.0551, 0.0829, 0.1608, 0.2962
-0.2337, 0.1006, -0.0286, 0.1410, 0.1597, 0.2295
-0.2337, 0.0893, -0.0419, 0.1067, 0.1605, 0.1892
-0.2478, 0.1051, -0.0195, 0.1456, 0.1659, 0.2029
-0.2315, 0.0808, -0.0527, 0.0829, 0.1578, 0.2383
-0.2595, 0.0968, -0.0431, 0.1043, 0.1556, 0.2934
-0.2470, 0.0991, -0.0166, 0.1519, 0.1596, 0.2597
-0.2736, 0.0993, -0.0292, 0.1345, 0.1632, 0.2678
-0.2596, 0.0991, -0.0166, 0.1519, 0.1577, 0.2540
-0.2462, 0.0905, -0.0287, 0.1305, 0.1543, 0.2633
-0.2338, 0.0856, -0.0712, 0.0487, 0.1596, 0.2359
-0.2338, 0.0819, -0.0395, 0.1067, 0.1606, 0.1828
-0.2337, 0.0982, -0.0424, 0.1108, 0.1602, 0.2029
-0.2337, 0.1004, -0.0160, 0.1583, 0.1594, 0.2423
-0.2471, 0.0856, -0.0563, 0.0701, 0.1610, 0.2596
-0.2470, 0.0822, -0.0522, 0.0893, 0.1600, 0.2395
-0.2579, 0.0918, -0.0132, 0.1582, 0.1442, 0.3012
-0.2470, 0.0846, -0.0235, 0.1408, 0.1604, 0.2203
-0.2765, 0.0980, -0.0298, 0.1281, 0.1663, 0.3076
-0.2875, 0.0892, -0.0293, 0.1241, 0.1520, 0.3358
-0.2471, 0.0784, -0.0666, 0.0527, 0.1609, 0.2660
-0.2345, 0.0842, -0.0569, 0.0637, 0.1655, 0.1993
-0.2603, 0.0942, -0.0443, 0.0915, 0.1609, 0.2898
-0.2057, 0.0797, -0.0660, 0.0591, 0.1634, 0.1743
-0.2462, 0.1076, -0.0057, 0.1757, 0.1544, 0.2569
-0.2479, 0.0696, -0.0661, 0.0486, 0.1679, 0.2496
-0.2485, 0.0907, -0.0413, 0.1131, 0.1706, 0.2323
-0.2603, 0.0878, -0.0299, 0.1176, 0.1618, 0.2441
-0.2617, 0.0915, -0.0006, 0.1756, 0.1549, 0.2581
-0.2455, 0.0808, -0.0528, 0.0828, 0.1491, 0.2605
-0.2603, 0.0806, -0.0401, 0.1003, 0.1619, 0.2367
-0.2744, 0.0696, -0.0660, 0.0487, 0.1679, 0.2972
-0.2603, 0.0880, -0.0425, 0.1003, 0.1608, 0.2962
-0.2337, 0.0953, -0.0310, 0.1153, 0.1601, 0.2093
-0.2603, 0.1004, -0.0160, 0.1583, 0.1611, 0.2770
-0.2454, 0.1089, -0.0051, 0.1822, 0.1474, 0.2605
-0.2471, 0.0993, -0.0292, 0.1346, 0.1627, 0.2459
-0.2742, 0.0795, -0.0534, 0.0765, 0.1515, 0.2653
-0.2603, 0.0905, -0.0287, 0.1305, 0.1607, 0.2962
-0.2478, 0.0991, -0.0166, 0.1519, 0.1650, 0.2496
-0.2190, 0.0977, -0.0171, 0.1456, 0.1637, 0.1780
-0.2330, 0.0878, -0.0298, 0.1177, 0.1543, 0.2395
-0.2603, 0.0833, -0.0241, 0.1344, 0.1611, 0.2770
-0.2197, 0.0982, -0.0425, 0.1108, 0.1551, 0.1763
-0.2478, 0.1006, -0.0286, 0.1410, 0.1649, 0.2560
-0.2213, 0.0893, -0.0419, 0.1067, 0.1646, 0.2212
-0.2042, 0.0855, -0.0563, 0.0701, 0.1533, 0.1550
-0.2345, 0.0793, -0.0407, 0.0939, 0.1658, 0.1855
-0.2588, 0.0638, -0.0757, 0.0377, 0.1516, 0.3034
-0.2478, 0.0979, -0.0298, 0.1281, 0.1663, 0.2560
-0.2330, 0.0793, -0.0407, 0.0939, 0.1551, 0.2001
-0.2611, 0.0968, -0.0431, 0.1043, 0.1664, 0.2734
-0.2462, 0.0907, -0.0413, 0.1131, 0.1524, 0.2761
-0.2330, 0.0880, -0.0425, 0.1003, 0.1543, 0.2395
-0.2205, 0.0878, -0.0298, 0.1176, 0.1591, 0.2386
-0.2588, 0.1067, -0.0316, 0.1346, 0.1505, 0.2842
-0.2213, 0.0682, -0.0666, 0.0423, 0.1657, 0.1691
-0.2478, 0.0993, -0.0292, 0.1345, 0.1670, 0.2166
-0.2463, 0.0853, -0.0437, 0.0875, 0.1552, 0.2898
-0.2353, 0.0806, -0.0401, 0.1002, 0.1703, 0.2222
-0.2315, 0.0893, -0.0419, 0.1067, 0.1586, 0.1990
-0.2330, 0.0891, -0.0292, 0.1241, 0.1552, 0.1928
-0.2462, 0.1150, -0.0081, 0.1757, 0.1545, 0.2495
-0.2189, 0.0977, -0.0172, 0.1455, 0.1489, 0.2257
-0.2330, 0.0832, -0.0241, 0.1344, 0.1546, 0.2257
-0.2478, 0.0856, -0.0563, 0.0702, 0.1668, 0.2295
-0.2611, 0.0867, -0.0431, 0.0939, 0.1685, 0.2404
-0.2182, 0.0843, -0.0108, 0.1582, 0.1583, 0.1880
-0.2632, 0.0891, -0.0293, 0.1241, 0.1656, 0.2444
-0.2603, 0.0993, -0.0292, 0.1345, 0.1623, 0.2898
-0.2603, 0.0905, -0.0286, 0.1305, 0.1609, 0.2898
-0.2470, 0.0878, -0.0298, 0.1177, 0.1605, 0.2130
-0.2485, 0.0869, -0.0557, 0.0765, 0.1707, 0.2259
-0.2338, 0.0990, -0.0166, 0.1518, 0.1610, 0.2358
-0.2611, 0.1078, -0.0184, 0.1583, 0.1661, 0.2862
-0.2330, 0.0955, -0.0585, 0.0766, 0.1548, 0.2129
-0.1924, 0.0797, -0.0660, 0.0591, 0.1613, 0.1835
-0.2330, 0.0977, -0.0172, 0.1455, 0.1545, 0.2257
-0.2604, 0.0878, -0.0299, 0.1177, 0.1635, 0.2303
-0.2463, 0.0993, -0.0292, 0.1345, 0.1561, 0.2431
-0.2446, 0.0698, -0.0787, 0.0313, 0.1445, 0.2646
-0.3023, 0.0796, -0.0533, 0.0765, 0.1632, 0.3194
-0.2330, 0.0904, -0.0138, 0.1518, 0.1562, 0.2129
-0.2470, 0.0891, -0.0293, 0.1241, 0.1596, 0.2597
-0.2596, 0.0699, -0.0935, 0.0100, 0.1560, 0.2733
-0.2175, 0.0880, -0.0425, 0.1003, 0.1525, 0.2182
-0.2455, 0.0894, -0.0419, 0.1067, 0.1503, 0.2733
-0.2595, 0.0894, -0.0419, 0.1067, 0.1558, 0.2806
-0.2462, 0.0880, -0.0425, 0.1003, 0.1551, 0.2239
-0.2470, 0.0891, -0.0292, 0.1241, 0.1596, 0.2597
-0.2175, 0.0893, -0.0419, 0.1067, 0.1524, 0.2246
-0.2875, 0.1018, -0.0154, 0.1648, 0.1528, 0.2891
-0.2338, 0.0717, -0.0247, 0.1175, 0.1599, 0.2221
-0.2338, 0.0979, -0.0298, 0.1281, 0.1606, 0.2559
-0.2345, 0.0806, -0.0401, 0.1003, 0.1652, 0.2185
-0.2494, 0.0806, -0.0401, 0.1003, 0.1770, 0.2089
-0.2330, 0.0864, -0.0304, 0.1112, 0.1542, 0.2459
-0.2307, 0.0869, -0.0706, 0.0552, 0.1529, 0.2218
-0.2462, 0.0784, -0.0666, 0.0527, 0.1552, 0.2166
-0.2471, 0.0878, -0.0298, 0.1177, 0.1611, 0.2532
-0.2455, 0.0795, -0.0534, 0.0764, 0.1503, 0.2733
-0.2463, 0.0820, -0.0395, 0.1067, 0.1565, 0.2239
-0.2330, 0.0806, -0.0401, 0.1002, 0.1548, 0.2129
-0.2611, 0.0880, -0.0425, 0.1003, 0.1660, 0.2926
-0.2197, 0.0793, -0.0407, 0.0938, 0.1543, 0.2157
-0.2330, 0.0869, -0.0557, 0.0765, 0.1548, 0.2129
-0.2470, 0.0867, -0.0431, 0.0939, 0.1597, 0.2532
-0.2307, 0.0808, -0.0528, 0.0829, 0.1528, 0.2291
-0.2470, 0.0968, -0.0430, 0.1044, 0.1619, 0.2129
-0.2182, 0.0819, -0.0395, 0.1067, 0.1582, 0.1944
-0.2463, 0.0856, -0.0563, 0.0701, 0.1555, 0.2760
-0.2330, 0.0880, -0.0425, 0.1003, 0.1565, 0.2001
-0.2604, 0.0856, -0.0712, 0.0488, 0.1635, 0.2303
-0.2477, 0.0979, -0.0298, 0.1281, 0.1639, 0.2231
-0.2758, 0.0856, -0.0563, 0.0701, 0.1614, 0.2911
-0.2595, 0.0880, -0.0425, 0.1003, 0.1560, 0.2733
-0.2042, 0.0893, -0.0419, 0.1067, 0.1529, 0.1742
-0.2197, 0.0964, -0.0178, 0.1390, 0.1547, 0.1955
-0.2455, 0.0806, -0.0401, 0.1002, 0.1511, 0.2339
-0.2750, 0.0880, -0.0425, 0.1003, 0.1568, 0.2617
-0.2478, 0.0969, -0.0579, 0.0830, 0.1653, 0.2359
-0.2205, 0.0709, -0.0654, 0.0551, 0.1596, 0.2121
-0.2182, 0.0891, -0.0292, 0.1241, 0.1583, 0.1880
-0.2057, 0.0904, -0.0286, 0.1305, 0.1636, 0.1606
-0.2617, 0.0991, -0.0166, 0.1519, 0.1540, 0.3039
-0.2478, 0.0820, -0.0395, 0.1067, 0.1655, 0.2231
-0.2205, 0.0893, -0.0419, 0.1067, 0.1596, 0.2120
-0.2058, 0.0891, -0.0293, 0.1241, 0.1648, 0.1871
-0.2353, 0.0990, -0.0166, 0.1519, 0.1717, 0.2222
-0.2307, 0.0993, -0.0292, 0.1345, 0.1531, 0.2090
-0.2736, 0.1062, -0.0063, 0.1693, 0.1625, 0.3008
-0.2050, 0.0893, -0.0419, 0.1067, 0.1582, 0.1706
-0.2330, 0.0907, -0.0413, 0.1131, 0.1556, 0.1736
-0.2322, 0.0991, -0.0166, 0.1519, 0.1632, 0.2283
-0.2758, 0.1018, -0.0154, 0.1647, 0.1609, 0.3176
-0.2478, 0.0784, -0.0666, 0.0527, 0.1674, 0.2029
-0.2470, 0.1004, -0.0160, 0.1582, 0.1597, 0.2532
-0.2462, 0.0979, -0.0298, 0.1281, 0.1540, 0.2761
-0.2197, 0.0990, -0.0166, 0.1519, 0.1549, 0.1827
-0.2603, 0.0894, -0.0419, 0.1067, 0.1616, 0.2505
-0.2486, 0.0991, -0.0166, 0.1519, 0.1713, 0.2652
-0.2330, 0.0979, -0.0298, 0.1281, 0.1546, 0.2257
-0.2337, 0.0893, -0.0419, 0.1068, 0.1605, 0.1892
-0.2049, 0.0832, -0.0241, 0.1344, 0.1565, 0.1844
-0.2603, 0.0980, -0.0298, 0.1281, 0.1624, 0.2834
-0.2205, 0.0904, -0.0138, 0.1518, 0.1606, 0.1589
-0.2337, 0.0991, -0.0166, 0.1519, 0.1594, 0.2423
-0.2315, 0.0993, -0.0292, 0.1345, 0.1578, 0.2383
-0.2330, 0.0880, -0.0425, 0.1003, 0.1551, 0.2001
-0.2588, 0.1004, -0.0160, 0.1583, 0.1505, 0.2842
-0.2470, 0.0833, -0.0241, 0.1344, 0.1593, 0.2725
-0.2618, 0.1051, -0.0195, 0.1456, 0.1714, 0.2826
-0.2338, 0.0806, -0.0401, 0.1003, 0.1619, 0.1891
-0.2469, 0.1004, -0.0160, 0.1583, 0.1578, 0.2661
-0.2728, 0.1065, -0.0189, 0.1520, 0.1571, 0.3108
-0.2477, 0.0782, -0.0539, 0.0701, 0.1639, 0.2231
-0.2470, 0.0993, -0.0292, 0.1346, 0.1597, 0.2533
-0.2462, 0.0820, -0.0395, 0.1067, 0.1544, 0.2569
-0.2463, 0.0882, -0.0551, 0.0830, 0.1565, 0.2239
-0.2603, 0.0795, -0.0533, 0.0765, 0.1621, 0.2303
-0.2182, 0.0797, -0.0660, 0.0591, 0.1582, 0.1944
-0.2174, 0.0693, -0.0534, 0.0660, 0.1514, 0.2054
-0.2463, 0.0891, -0.0292, 0.1241, 0.1561, 0.2431
-0.2742, 0.0867, -0.0431, 0.0939, 0.1507, 0.3047
-0.2182, 0.0869, -0.0557, 0.0765, 0.1585, 0.1816
-0.2315, 0.0979, -0.0298, 0.1281, 0.1586, 0.1990
-0.2595, 0.0809, -0.0528, 0.0829, 0.1566, 0.2404
-0.2617, 0.0896, -0.0545, 0.0894, 0.1543, 0.2910
-0.2617, 0.0856, -0.0563, 0.0701, 0.1547, 0.2709
-0.2603, 0.1076, -0.0057, 0.1757, 0.1619, 0.2367
-0.2463, 0.0880, -0.0425, 0.1003, 0.1558, 0.2568
-0.2034, 0.0966, -0.0304, 0.1217, 0.1473, 0.1915
-0.2463, 0.0819, -0.0247, 0.1280, 0.1561, 0.2431
-0.2299, 0.0842, -0.0569, 0.0637, 0.1475, 0.2327
-0.2471, 0.0843, -0.0718, 0.0424, 0.1605, 0.2862
-0.2463, 0.0966, -0.0304, 0.1217, 0.1565, 0.2239
-0.2604, 0.0795, -0.0534, 0.0765, 0.1634, 0.2367
-0.2463, 0.0784, -0.0666, 0.0527, 0.1559, 0.2568
-0.2470, 0.0893, -0.0419, 0.1067, 0.1599, 0.2459
-0.2470, 0.0991, -0.0166, 0.1519, 0.1618, 0.2203
-0.2337, 0.0905, -0.0286, 0.1305, 0.1599, 0.2221
-0.2337, 0.0891, -0.0293, 0.1241, 0.1597, 0.2294
-0.1887, 0.0869, -0.0557, 0.0766, 0.1536, 0.1135
-0.2478, 0.1017, -0.0005, 0.1860, 0.1650, 0.2496
-0.2337, 0.0856, -0.0563, 0.0701, 0.1596, 0.2358
-0.2471, 0.0880, -0.0425, 0.1003, 0.1619, 0.2129
-0.2322, 0.0991, -0.0166, 0.1519, 0.1494, 0.2229
-0.2338, 0.0795, -0.0534, 0.0765, 0.1610, 0.2358
-0.2175, 0.0808, -0.0528, 0.0828, 0.1528, 0.2053
-0.2470, 0.0880, -0.0425, 0.1003, 0.1600, 0.2395
-0.3023, 0.1018, -0.0154, 0.1647, 0.1621, 0.3716
-0.2603, 0.0878, -0.0298, 0.1177, 0.1613, 0.2697
-0.2033, 0.0891, -0.0292, 0.1241, 0.1454, 0.1449
-0.2773, 0.0880, -0.0425, 0.1003, 0.1716, 0.3040
-0.2478, 0.0806, -0.0401, 0.1003, 0.1662, 0.2624
-0.2462, 0.0955, -0.0436, 0.0980, 0.1552, 0.2166
-0.2182, 0.0880, -0.0425, 0.1003, 0.1585, 0.1816
-0.2338, 0.0966, -0.0304, 0.1217, 0.1606, 0.2559
-0.2463, 0.1078, -0.0183, 0.1584, 0.1562, 0.2367
-0.2603, 0.0995, -0.0419, 0.1172, 0.1620, 0.2303
-0.2603, 0.0980, -0.0298, 0.1281, 0.1611, 0.2770
-0.2728, 0.0942, -0.0442, 0.0915, 0.1572, 0.3044
-0.2338, 0.0671, -0.0799, 0.0185, 0.1606, 0.1892
-0.2338, 0.0869, -0.0557, 0.0766, 0.1606, 0.1828
-0.2478, 0.0797, -0.0660, 0.0591, 0.1649, 0.2560
-0.2463, 0.0907, -0.0413, 0.1132, 0.1567, 0.2101
-0.2625, 0.0905, -0.0287, 0.1305, 0.1602, 0.2545
-0.2478, 0.0782, -0.0539, 0.0701, 0.1648, 0.2624
-0.2478, 0.0658, -0.0953, -0.0092, 0.1653, 0.2359
-0.2182, 0.0904, -0.0286, 0.1305, 0.1583, 0.1880
-0.2330, 0.1053, -0.0322, 0.1282, 0.1541, 0.2459
-0.2758, 0.0867, -0.0431, 0.0939, 0.1617, 0.2782
-0.2338, 0.0795, -0.0533, 0.0765, 0.1617, 0.2029
-0.2307, 0.0806, -0.0401, 0.1003, 0.1534, 0.1962
-0.2330, 0.0894, -0.0419, 0.1067, 0.1543, 0.2395
-0.2603, 0.0880, -0.0425, 0.1003, 0.1613, 0.2697
-0.2330, 0.0966, -0.0304, 0.1217, 0.1547, 0.2193
-0.2338, 0.0820, -0.0395, 0.1067, 0.1597, 0.2294
-0.2721, 0.0721, -0.0522, 0.0788, 0.1517, 0.3208
-0.2462, 0.0806, -0.0253, 0.1216, 0.1553, 0.2102
-0.2470, 0.0891, -0.0293, 0.1241, 0.1602, 0.2267
-0.2338, 0.0795, -0.0533, 0.0765, 0.1599, 0.2221
-0.2478, 0.1017, -0.0005, 0.1861, 0.1655, 0.2231
-0.2353, 0.0905, -0.0286, 0.1305, 0.1706, 0.2085
-0.2462, 0.1004, -0.0160, 0.1583, 0.1549, 0.2303
-0.2462, 0.0980, -0.0298, 0.1282, 0.1549, 0.2303
-0.2338, 0.1030, 0.0001, 0.1925, 0.1620, 0.1827
-0.2728, 0.0869, -0.0557, 0.0765, 0.1570, 0.3172
-0.2337, 0.1015, 0.0121, 0.2034, 0.1596, 0.2358
-0.2478, 0.0980, -0.0298, 0.1282, 0.1656, 0.2167
-0.2632, 0.1076, -0.0057, 0.1758, 0.1650, 0.2774
-0.2455, 0.1017, -0.0154, 0.1648, 0.1490, 0.2669
-0.2330, 0.0905, -0.0286, 0.1306, 0.1548, 0.2129
-0.2205, 0.0905, -0.0287, 0.1305, 0.1600, 0.1919
-0.2322, 0.0918, -0.0281, 0.1369, 0.1487, 0.2559
-0.2205, 0.0977, -0.0172, 0.1455, 0.1601, 0.1855
-0.2463, 0.0720, -0.0522, 0.0789, 0.1568, 0.2101
-0.2338, 0.0806, -0.0401, 0.1002, 0.1596, 0.2358
-0.2479, 0.0622, -0.0637, 0.0486, 0.1680, 0.2422
-0.2883, 0.1004, -0.0160, 0.1583, 0.1579, 0.2992
-0.2462, 0.0806, -0.0253, 0.1216, 0.1544, 0.2569
-0.2455, 0.0977, -0.0172, 0.1454, 0.1505, 0.2604
-0.2041, 0.1003, -0.0011, 0.1796, 0.1522, 0.1349
-0.2337, 0.1078, -0.0184, 0.1583, 0.1598, 0.2221
-0.2470, 0.0894, -0.0419, 0.1067, 0.1597, 0.2532
-0.2183, 0.0867, -0.0431, 0.0939, 0.1622, 0.1485
-0.2478, 0.0904, -0.0138, 0.1518, 0.1654, 0.2295
-0.2470, 0.0878, -0.0298, 0.1177, 0.1577, 0.2725
-0.2595, 0.1004, -0.0160, 0.1583, 0.1566, 0.2404
-0.2197, 0.1003, -0.0011, 0.1797, 0.1552, 0.1690
-0.2470, 0.0891, -0.0292, 0.1241, 0.1597, 0.2532
-0.2455, 0.0806, -0.0401, 0.1002, 0.1499, 0.2202
-0.2330, 0.0867, -0.0431, 0.0939, 0.1547, 0.2193
-0.2478, 0.0880, -0.0425, 0.1003, 0.1645, 0.2762
-0.2478, 0.0785, -0.0815, 0.0314, 0.1653, 0.2359
-0.2470, 0.0982, -0.0425, 0.1108, 0.1602, 0.2267
-0.2322, 0.0793, -0.0407, 0.0938, 0.1490, 0.2431
-0.2595, 0.0931, -0.0126, 0.1646, 0.1566, 0.2403
-0.2478, 0.0856, -0.0563, 0.0701, 0.1655, 0.2231
-0.2478, 0.0894, -0.0419, 0.1067, 0.1668, 0.2295
-0.2455, 0.0894, -0.0419, 0.1067, 0.1494, 0.2467
-0.2338, 0.0806, -0.0401, 0.1002, 0.1600, 0.2157
-0.2595, 0.0991, -0.0166, 0.1519, 0.1569, 0.2275
-0.2611, 0.0809, -0.0528, 0.0829, 0.1662, 0.2862
-0.2470, 0.1006, -0.0286, 0.1409, 0.1593, 0.2725
-0.2182, 0.1004, -0.0159, 0.1584, 0.1587, 0.1688
-0.2611, 0.0870, -0.0706, 0.0552, 0.1664, 0.2734
-0.2478, 0.0867, -0.0431, 0.0939, 0.1648, 0.2624
-0.2197, 0.0905, -0.0287, 0.1305, 0.1547, 0.1955
-0.2346, 0.1004, -0.0160, 0.1583, 0.1665, 0.2185
-0.2470, 0.1006, -0.0286, 0.1409, 0.1594, 0.2661
-0.2479, 0.1004, -0.0160, 0.1583, 0.1686, 0.2093
-0.2330, 0.1017, -0.0005, 0.1861, 0.1550, 0.2001
-0.2190, 0.0905, -0.0286, 0.1306, 0.1631, 0.2109
-0.2315, 0.0819, -0.0395, 0.1067, 0.1582, 0.2182
-0.2462, 0.0993, -0.0292, 0.1346, 0.1548, 0.2367
-0.2338, 0.0867, -0.0431, 0.0939, 0.1610, 0.2358
-0.2050, 0.0707, -0.0528, 0.0724, 0.1599, 0.1705
-0.2478, 0.0891, -0.0292, 0.1242, 0.1660, 0.1965
-0.2617, 0.0905, -0.0287, 0.1305, 0.1543, 0.2910
-0.2595, 0.1033, -0.0147, 0.1721, 0.1557, 0.2870
-0.2471, 0.0891, -0.0292, 0.1241, 0.1619, 0.2129
-0.2042, 0.0795, -0.0534, 0.0765, 0.1516, 0.1678
-0.2751, 0.0795, -0.0533, 0.0765, 0.1589, 0.3083
-0.1910, 0.0904, -0.0287, 0.1305, 0.1552, 0.1174
-0.2728, 0.0918, -0.0281, 0.1368, 0.1571, 0.3108
-0.2611, 0.0982, -0.0425, 0.1107, 0.1663, 0.2798
-0.2758, 0.0782, -0.0539, 0.0701, 0.1619, 0.2645
-0.2478, 0.0806, -0.0401, 0.1003, 0.1670, 0.2230
-0.2470, 0.0891, -0.0144, 0.1454, 0.1595, 0.2661
-0.2619, 0.0856, -0.0563, 0.0702, 0.1720, 0.2561
-0.2338, 0.0696, -0.0660, 0.0487, 0.1603, 0.2029
-0.2478, 0.1004, -0.0160, 0.1583, 0.1660, 0.2688
-0.2579, 0.0880, -0.0425, 0.1003, 0.1444, 0.2948
-0.1925, 0.0621, -0.0636, 0.0486, 0.1625, 0.1240
-0.2736, 0.1065, -0.0189, 0.1520, 0.1630, 0.2742
-0.2617, 0.1004, -0.0160, 0.1583, 0.1545, 0.2773
-0.2314, 0.1032, -0.0147, 0.1721, 0.1449, 0.2206
-0.2345, 0.0907, -0.0413, 0.1132, 0.1658, 0.1856
-0.2595, 0.1076, -0.0057, 0.1758, 0.1555, 0.2934
-0.2603, 0.0820, -0.0395, 0.1067, 0.1611, 0.2770
-0.2345, 0.0685, -0.0793, 0.0249, 0.1658, 0.1856
-0.2603, 0.0806, -0.0401, 0.1002, 0.1613, 0.2697
-0.2182, 0.0808, -0.0528, 0.0829, 0.1567, 0.2018
-0.2632, 0.0869, -0.0557, 0.0765, 0.1653, 0.2637
-0.2462, 0.0891, -0.0292, 0.1241, 0.1544, 0.2569
-0.2470, 0.0980, -0.0298, 0.1281, 0.1605, 0.2130
-0.2596, 0.0878, -0.0298, 0.1177, 0.1580, 0.2403
-0.2337, 0.0894, -0.0419, 0.1067, 0.1599, 0.2221
-0.2057, 0.0904, -0.0287, 0.1305, 0.1632, 0.1807
-0.2330, 0.0864, -0.0304, 0.1113, 0.1552, 0.1928
-0.2330, 0.0993, -0.0292, 0.1346, 0.1545, 0.2257
-0.2617, 0.1038, -0.0201, 0.1391, 0.1543, 0.2910
-0.2478, 0.0918, -0.0280, 0.1370, 0.1656, 0.2167
-0.2758, 0.0892, -0.0292, 0.1241, 0.1616, 0.2782
-0.2337, 0.0904, -0.0138, 0.1519, 0.1596, 0.2358
-0.2470, 0.1004, -0.0160, 0.1584, 0.1601, 0.2331
-0.2213, 0.1004, -0.0160, 0.1583, 0.1651, 0.1947
-0.2315, 0.0878, -0.0298, 0.1177, 0.1579, 0.2319
-0.2042, 0.0806, -0.0401, 0.1003, 0.1534, 0.1486
-0.2065, 0.0869, -0.0557, 0.0766, 0.1683, 0.1176
-0.2330, 0.1017, -0.0154, 0.1647, 0.1541, 0.2459
-0.2603, 0.0980, -0.0298, 0.1282, 0.1614, 0.2633
-0.2330, 0.1003, -0.0011, 0.1797, 0.1548, 0.2129
-0.2198, 0.1003, -0.0011, 0.1797, 0.1684, 0.2073
-0.2470, 0.0980, -0.0298, 0.1282, 0.1602, 0.2267
-0.2470, 0.1004, -0.0011, 0.1797, 0.1603, 0.2203
-0.2190, 0.0782, -0.0539, 0.0701, 0.1633, 0.2045
-0.2330, 0.0918, -0.0132, 0.1583, 0.1546, 0.2257
-0.2175, 0.0905, -0.0286, 0.1306, 0.1530, 0.1916
-0.2057, 0.1004, -0.0160, 0.1583, 0.1633, 0.1743
-0.2462, 0.0905, -0.0286, 0.1305, 0.1548, 0.2367
-0.2478, 0.0820, -0.0395, 0.1067, 0.1672, 0.2093
-0.2632, 0.0991, -0.0166, 0.1519, 0.1656, 0.2444
-0.2042, 0.1075, -0.0057, 0.1757, 0.1526, 0.1879
-0.2617, 0.0880, -0.0425, 0.1003, 0.1546, 0.2773
-0.2596, 0.0905, -0.0286, 0.1305, 0.1575, 0.2669
-0.2883, 0.0966, -0.0304, 0.1217, 0.1575, 0.3184
-0.2611, 0.0809, -0.0528, 0.0829, 0.1677, 0.2798
-0.2330, 0.0979, -0.0298, 0.1281, 0.1553, 0.1864
-0.2455, 0.0966, -0.0304, 0.1217, 0.1500, 0.2870
-0.2471, 0.0806, -0.0401, 0.1003, 0.1613, 0.2459
-0.2206, 0.0877, -0.0150, 0.1390, 0.1755, 0.1501
-0.2462, 0.0809, -0.0528, 0.0829, 0.1543, 0.2633
-0.2337, 0.0867, -0.0431, 0.0939, 0.1596, 0.2358
-0.2603, 0.0904, -0.0138, 0.1519, 0.1620, 0.2303
-0.2057, 0.0990, -0.0166, 0.1519, 0.1635, 0.1670
-0.1901, 0.0795, -0.0533, 0.0765, 0.1461, 0.1614
-0.2766, 0.0892, -0.0292, 0.1241, 0.1664, 0.3012
-0.2322, 0.0819, -0.0246, 0.1280, 0.1493, 0.2293
-0.2182, 0.0904, -0.0287, 0.1305, 0.1565, 0.2082
-0.2478, 0.0809, -0.0528, 0.0829, 0.1657, 0.2167
-0.2611, 0.0905, -0.0287, 0.1305, 0.1671, 0.2404
-0.2625, 0.0709, -0.0655, 0.0551, 0.1596, 0.2874
-0.2323, 0.0867, -0.0431, 0.0939, 0.1635, 0.2146
-0.2050, 0.0819, -0.0395, 0.1067, 0.1587, 0.1450
-0.2736, 0.0795, -0.0533, 0.0765, 0.1623, 0.3136
-0.2330, 0.0880, -0.0425, 0.1003, 0.1544, 0.2331
-0.2213, 0.0880, -0.0425, 0.1004, 0.1659, 0.1553
-0.2603, 0.0798, -0.0660, 0.0591, 0.1612, 0.2770
-0.2213, 0.0880, -0.0425, 0.1003, 0.1644, 0.2350
-0.2330, 0.0979, -0.0298, 0.1281, 0.1551, 0.2001
-0.2470, 0.0905, -0.0286, 0.1305, 0.1615, 0.2331
-0.2471, 0.0843, -0.0718, 0.0424, 0.1623, 0.2660
-0.2050, 0.0720, -0.0522, 0.0789, 0.1585, 0.1578
-0.2338, 0.0707, -0.0528, 0.0725, 0.1614, 0.2157
-0.2462, 0.1017, -0.0154, 0.1647, 0.1543, 0.2633
-0.2595, 0.0894, -0.0419, 0.1068, 0.1566, 0.2404
-0.2883, 0.0843, -0.0569, 0.0637, 0.1578, 0.3056
-0.2338, 0.0931, -0.0126, 0.1646, 0.1609, 0.2422
-0.2175, 0.0793, -0.0407, 0.0938, 0.1529, 0.1980
-0.2471, 0.0880, -0.0425, 0.1003, 0.1619, 0.2129
-0.2175, 0.0917, -0.0132, 0.1582, 0.1560, 0.1979
-0.2595, 0.0979, -0.0298, 0.1281, 0.1557, 0.2870
-0.2205, 0.0880, -0.0425, 0.1003, 0.1606, 0.1590
-0.2455, 0.0867, -0.0431, 0.0939, 0.1498, 0.2275
-0.2330, 0.0977, -0.0172, 0.1455, 0.1553, 0.2596
-0.2890, 0.0833, -0.0241, 0.1344, 0.1610, 0.3350
-0.2470, 0.0904, -0.0138, 0.1519, 0.1615, 0.2331
-0.2455, 0.0894, -0.0419, 0.1068, 0.1512, 0.2275
-0.2307, 0.0977, -0.0171, 0.1455, 0.1524, 0.2484
-0.2338, 0.0793, -0.0407, 0.0938, 0.1615, 0.2093
-0.2346, 0.0793, -0.0407, 0.0938, 0.1675, 0.1727
-0.2603, 0.0995, -0.0419, 0.1171, 0.1610, 0.2834
-0.2625, 0.1017, -0.0005, 0.1860, 0.1605, 0.2407
-0.2478, 0.0880, -0.0425, 0.1004, 0.1673, 0.2029
-0.2478, 0.0720, -0.0522, 0.0789, 0.1653, 0.2359
-0.2174, 0.1064, -0.0189, 0.1520, 0.1526, 0.2117
-0.2338, 0.0709, -0.0654, 0.0551, 0.1604, 0.1965
-0.2603, 0.0977, -0.0171, 0.1455, 0.1611, 0.2770
-0.2595, 0.0966, -0.0304, 0.1217, 0.1556, 0.2934
-0.2337, 0.0867, -0.0431, 0.0939, 0.1604, 0.1965
-0.2603, 0.0980, -0.0298, 0.1281, 0.1618, 0.2441
-0.2307, 0.0893, -0.0419, 0.1068, 0.1524, 0.2484
-0.2632, 0.0907, -0.0413, 0.1132, 0.1653, 0.2637
-0.2338, 0.0795, -0.0533, 0.0765, 0.1603, 0.2029
-0.2337, 0.0966, -0.0304, 0.1217, 0.1595, 0.2423
-0.2330, 0.0882, -0.0551, 0.0829, 0.1548, 0.2129
-0.2174, 0.1004, -0.0160, 0.1583, 0.1534, 0.1724
-0.2345, 0.0990, -0.0166, 0.1519, 0.1649, 0.2322
-0.2337, 0.1017, -0.0005, 0.1861, 0.1593, 0.2487
-0.2315, 0.0979, -0.0298, 0.1282, 0.1590, 0.1788
-0.2478, 0.1076, -0.0057, 0.1758, 0.1652, 0.2359
-0.2478, 0.0883, -0.0551, 0.0830, 0.1664, 0.2496
-0.2617, 0.0795, -0.0533, 0.0765, 0.1551, 0.2517
-0.2345, 0.0918, -0.0132, 0.1582, 0.1651, 0.2185
-0.2462, 0.0918, -0.0132, 0.1582, 0.1525, 0.2697
-0.2604, 0.0891, -0.0292, 0.1241, 0.1632, 0.2440
-0.2463, 0.1004, -0.0160, 0.1583, 0.1580, 0.2165
-0.2588, 0.1022, -0.0280, 0.1483, 0.1509, 0.2641
-0.2625, 0.0933, -0.0274, 0.1443, 0.1601, 0.2609
-0.2182, 0.1004, -0.0160, 0.1583, 0.1586, 0.1752
-0.2315, 0.0709, -0.0654, 0.0551, 0.1581, 0.2255
-0.2315, 0.0979, -0.0298, 0.1282, 0.1586, 0.1990
-0.2197, 0.0993, -0.0292, 0.1346, 0.1553, 0.1626
-0.2611, 0.0931, -0.0126, 0.1647, 0.1671, 0.2404
-0.2337, 0.1067, -0.0316, 0.1346, 0.1594, 0.2423
-0.2307, 0.0905, -0.0286, 0.1305, 0.1529, 0.2218
-0.2197, 0.0918, -0.0281, 0.1369, 0.1543, 0.2157
-0.2478, 0.0993, -0.0292, 0.1346, 0.1647, 0.2625
-0.2455, 0.0856, -0.0563, 0.0702, 0.1501, 0.2138
-0.2205, 0.0979, -0.0298, 0.1282, 0.1603, 0.1727
-0.2604, 0.0798, -0.0660, 0.0592, 0.1627, 0.2697
-0.2182, 0.1006, -0.0286, 0.1410, 0.1579, 0.2081
-0.2632, 0.0993, -0.0292, 0.1346, 0.1656, 0.2445
-0.2315, 0.0918, -0.0281, 0.1369, 0.1583, 0.2118
-0.2213, 0.0819, -0.0395, 0.1067, 0.1648, 0.2148
-0.2462, 0.0894, -0.0419, 0.1067, 0.1551, 0.2239
-0.2603, 0.1051, -0.0195, 0.1455, 0.1607, 0.2962
-0.2579, 0.0931, -0.0126, 0.1647, 0.1441, 0.3076
-0.2625, 0.1076, -0.0057, 0.1757, 0.1599, 0.2673
-0.2596, 0.1065, -0.0189, 0.1520, 0.1575, 0.2669
-0.2330, 0.1004, -0.0160, 0.1583, 0.1541, 0.2459
-0.2330, 0.0880, -0.0425, 0.1003, 0.1560, 0.2257
-0.2307, 0.0806, -0.0401, 0.1002, 0.1534, 0.1962
-0.2595, 0.0991, -0.0166, 0.1519, 0.1558, 0.2806
-0.2611, 0.1004, -0.0011, 0.1796, 0.1667, 0.2597
-0.2579, 0.0980, -0.0298, 0.1281, 0.1454, 0.2417
-0.2315, 0.0869, -0.0557, 0.0765, 0.1579, 0.2319
-0.2315, 0.0707, -0.0528, 0.0725, 0.1582, 0.2182
-0.2189, 0.0878, -0.0298, 0.1177, 0.1498, 0.1799
-0.2315, 0.0905, -0.0287, 0.1305, 0.1582, 0.2182
-0.2471, 0.0793, -0.0407, 0.0938, 0.1609, 0.2660
-0.2757, 0.0918, -0.0132, 0.1583, 0.1606, 0.2581
-0.2042, 0.0693, -0.0534, 0.0661, 0.1527, 0.1879
-0.2345, 0.0808, -0.0527, 0.0829, 0.1652, 0.2185
-0.2617, 0.0809, -0.0527, 0.0829, 0.1551, 0.2517
-0.2603, 0.0980, -0.0298, 0.1282, 0.1614, 0.2633
-0.2322, 0.0795, -0.0534, 0.0765, 0.1489, 0.2495
-0.2463, 0.0869, -0.0557, 0.0766, 0.1566, 0.2165
-0.2190, 0.0795, -0.0533, 0.0765, 0.1640, 0.1652
-0.2205, 0.0893, -0.0419, 0.1068, 0.1593, 0.2249
-0.2307, 0.1089, -0.0051, 0.1821, 0.1530, 0.2154
-0.2604, 0.0980, -0.0298, 0.1281, 0.1627, 0.2697
-0.2307, 0.0806, -0.0401, 0.1003, 0.1528, 0.2291
-0.2728, 0.0870, -0.0706, 0.0552, 0.1575, 0.2907
-0.2190, 0.0793, -0.0407, 0.0939, 0.1639, 0.1716
-0.2197, 0.0808, -0.0527, 0.0830, 0.1555, 0.1562
-0.2345, 0.0931, -0.0126, 0.1647, 0.1649, 0.2322
-0.2213, 0.0696, -0.0660, 0.0487, 0.1653, 0.1883
-0.2611, 0.0809, -0.0528, 0.0829, 0.1674, 0.2267
-0.2330, 0.0833, -0.0389, 0.1131, 0.1541, 0.2523
-0.2891, 0.0993, -0.0292, 0.1346, 0.1627, 0.3212
-0.2050, 0.0993, -0.0292, 0.1345, 0.1582, 0.1706
-0.2603, 0.0918, -0.0281, 0.1369, 0.1616, 0.2505
-0.2323, 0.1006, -0.0286, 0.1410, 0.1642, 0.1752
-0.2455, 0.1004, -0.0160, 0.1583, 0.1505, 0.2604
-0.2174, 0.1075, -0.0057, 0.1757, 0.1525, 0.2181
-0.2742, 0.0784, -0.0666, 0.0527, 0.1512, 0.2791
-0.2307, 0.0891, -0.0292, 0.1241, 0.1524, 0.2484
-0.2595, 0.0993, -0.0292, 0.1346, 0.1560, 0.2733
-0.2455, 0.0891, -0.0292, 0.1241, 0.1498, 0.2275
-0.2588, 0.0844, -0.0108, 0.1582, 0.1513, 0.2440
-0.2182, 0.1001, 0.0116, 0.1971, 0.1574, 0.1615
-0.2603, 0.0966, -0.0304, 0.1218, 0.1614, 0.2633
-0.2315, 0.0878, -0.0298, 0.1177, 0.1579, 0.2319
-0.2197, 0.0878, -0.0298, 0.1178, 0.1548, 0.1891
-0.2330, 0.0991, -0.0165, 0.1519, 0.1543, 0.2395
-0.2595, 0.0809, -0.0528, 0.0829, 0.1556, 0.2934
-0.2330, 0.1006, -0.0286, 0.1410, 0.1552, 0.1928
-0.2190, 0.0707, -0.0528, 0.0724, 0.1635, 0.1908
-0.2330, 0.0896, -0.0545, 0.0894, 0.1546, 0.2257
-0.2314, 0.0894, -0.0419, 0.1067, 0.1450, 0.2142
-0.2883, 0.0867, -0.0431, 0.0939, 0.1570, 0.3450
-0.2611, 0.0892, -0.0292, 0.1241, 0.1666, 0.2661
-0.2603, 0.0918, -0.0280, 0.1370, 0.1616, 0.2505
-0.2470, 0.0918, -0.0281, 0.1369, 0.1607, 0.2724
-0.2603, 0.1018, -0.0154, 0.1647, 0.1636, 0.2239
-0.2307, 0.0795, -0.0534, 0.0765, 0.1531, 0.2154
-0.2470, 0.0991, -0.0166, 0.1519, 0.1607, 0.2724
-0.2478, 0.1062, -0.0063, 0.1693, 0.1670, 0.2166
-0.2057, 0.0891, -0.0292, 0.1241, 0.1618, 0.1807
-0.1909, 0.0917, -0.0132, 0.1582, 0.1512, 0.1642
-0.2470, 0.0993, -0.0292, 0.1345, 0.1602, 0.2267
-0.2611, 0.0820, -0.0395, 0.1067, 0.1661, 0.2926
-0.2182, 0.0869, -0.0706, 0.0552, 0.1583, 0.1880
-0.2353, 0.0891, -0.0292, 0.1242, 0.1708, 0.1957
-0.2595, 0.0904, -0.0138, 0.1518, 0.1561, 0.2669
-0.2744, 0.0707, -0.0528, 0.0725, 0.1687, 0.2569
-0.2190, 0.1049, -0.0069, 0.1630, 0.1644, 0.1450
-0.2603, 0.0769, -0.0545, 0.0637, 0.1613, 0.2697
-0.2604, 0.0696, -0.0660, 0.0487, 0.1629, 0.2632
-0.2640, 0.0846, -0.0235, 0.1408, 0.1702, 0.2802
-0.2595, 0.0894, -0.0419, 0.1067, 0.1556, 0.2934
-0.2471, 0.1033, -0.0147, 0.1721, 0.1632, 0.2202
-0.2462, 0.0991, -0.0166, 0.1519, 0.1545, 0.2495
-0.2478, 0.1017, -0.0154, 0.1647, 0.1658, 0.2094
-0.2470, 0.0918, -0.0132, 0.1583, 0.1618, 0.2203
-0.2750, 0.0894, -0.0419, 0.1067, 0.1560, 0.3011
-0.2205, 0.0819, -0.0246, 0.1280, 0.1599, 0.1983
-0.2345, 0.0979, -0.0298, 0.1281, 0.1659, 0.1791
-0.2750, 0.0980, -0.0298, 0.1281, 0.1553, 0.3349
-0.2175, 0.0917, -0.0132, 0.1583, 0.1533, 0.1788
-0.2470, 0.0905, -0.0287, 0.1305, 0.1597, 0.2532
-0.2050, 0.1003, -0.0011, 0.1796, 0.1579, 0.1843
-0.2330, 0.0968, -0.0431, 0.1043, 0.1553, 0.1864
-0.2330, 0.1065, -0.0189, 0.1520, 0.1558, 0.2330
-0.2344, 0.0880, -0.0425, 0.1004, 0.1625, 0.1994
-0.2174, 0.1004, -0.0160, 0.1583, 0.1534, 0.1724
-0.2337, 0.0904, -0.0138, 0.1518, 0.1595, 0.2423
-0.2463, 0.0806, -0.0401, 0.1003, 0.1564, 0.2303
-0.2323, 0.0830, -0.0114, 0.1518, 0.1512, 0.2037
-0.2744, 0.0793, -0.0407, 0.0939, 0.1679, 0.2972
-0.2462, 0.0891, -0.0292, 0.1241, 0.1553, 0.2102
-0.2463, 0.1006, -0.0286, 0.1409, 0.1557, 0.2632
-0.2595, 0.0991, -0.0166, 0.1519, 0.1558, 0.2806
-0.2330, 0.0734, -0.0516, 0.0853, 0.1552, 0.1928
-0.2330, 0.0856, -0.0563, 0.0701, 0.1557, 0.2394
-0.2463, 0.0758, -0.0826, 0.0186, 0.1557, 0.2632
-0.2455, 0.0820, -0.0395, 0.1067, 0.1511, 0.2339
-0.2750, 0.0878, -0.0298, 0.1177, 0.1557, 0.3148
-0.2050, 0.0917, -0.0132, 0.1583, 0.1606, 0.1312
-0.2338, 0.0964, -0.0177, 0.1391, 0.1611, 0.2294
-0.2315, 0.0820, -0.0395, 0.1067, 0.1579, 0.2319
-0.2213, 0.0878, -0.0298, 0.1177, 0.1659, 0.1553
-0.2463, 0.1040, -0.0328, 0.1218, 0.1557, 0.2632
-0.2337, 0.0891, -0.0292, 0.1241, 0.1597, 0.2294
-0.2595, 0.0809, -0.0527, 0.0829, 0.1564, 0.2541
-0.2478, 0.0918, -0.0280, 0.1370, 0.1647, 0.2625
-0.2330, 0.0820, -0.0395, 0.1067, 0.1551, 0.2001
-0.2338, 0.0707, -0.0528, 0.0724, 0.1603, 0.2029
-0.2462, 0.1089, -0.0051, 0.1822, 0.1543, 0.2633
-0.2603, 0.1030, 0.0001, 0.1925, 0.1621, 0.2239
-0.2338, 0.0709, -0.0654, 0.0551, 0.1607, 0.1828
-0.2353, 0.0915, -0.0006, 0.1756, 0.1718, 0.2148
-0.2463, 0.0894, -0.0419, 0.1067, 0.1562, 0.2367
-0.2463, 0.0867, -0.0430, 0.0940, 0.1553, 0.2834
-0.2470, 0.0905, -0.0286, 0.1305, 0.1595, 0.2661
-0.2337, 0.0990, -0.0017, 0.1732, 0.1601, 0.2093
-0.2728, 0.0784, -0.0666, 0.0527, 0.1573, 0.3044
-0.2883, 0.0993, -0.0292, 0.1345, 0.1570, 0.3450
-0.2588, 0.1017, -0.0005, 0.1861, 0.1513, 0.2440
-0.2603, 0.0806, -0.0401, 0.1003, 0.1613, 0.2697
-0.2463, 0.0966, -0.0304, 0.1217, 0.1560, 0.2495
-0.2174, 0.0979, -0.0298, 0.1281, 0.1537, 0.1587
-0.2215, 0.0878, -0.0298, 0.1177, 0.1827, 0.2059
-0.2291, 0.1006, -0.0286, 0.1410, 0.1417, 0.2232
-0.2330, 0.0977, -0.0172, 0.1455, 0.1542, 0.2459
-0.2617, 0.0809, -0.0528, 0.0829, 0.1543, 0.2910
-0.2463, 0.0904, -0.0138, 0.1518, 0.1567, 0.2101
-0.2315, 0.0880, -0.0425, 0.1003, 0.1585, 0.2054
-0.2462, 0.0918, -0.0132, 0.1583, 0.1543, 0.2633
-0.2721, 0.0993, -0.0292, 0.1346, 0.1527, 0.2677
-0.2175, 0.0784, -0.0666, 0.0527, 0.1525, 0.2181
-0.2470, 0.0795, -0.0534, 0.0764, 0.1600, 0.2395
-0.3030, 0.1076, -0.0057, 0.1758, 0.1541, 0.3370
-0.2750, 0.0880, -0.0425, 0.1003, 0.1557, 0.3148
-0.2587, 0.0795, -0.0533, 0.0765, 0.1484, 0.2376
-0.2462, 0.0977, -0.0172, 0.1455, 0.1544, 0.2569
-0.2345, 0.1053, -0.0322, 0.1282, 0.1653, 0.2121
-0.2471, 0.0856, -0.0563, 0.0702, 0.1618, 0.2203
-0.2315, 0.1003, -0.0011, 0.1797, 0.1577, 0.2447
-0.2603, 0.0867, -0.0431, 0.0940, 0.1617, 0.2505
-0.2315, 0.1006, -0.0286, 0.1410, 0.1586, 0.1990
-0.2462, 0.0907, -0.0413, 0.1132, 0.1543, 0.2633
-0.2611, 0.0916, -0.0005, 0.1757, 0.1673, 0.2267
-0.2174, 0.0977, -0.0172, 0.1455, 0.1529, 0.1980
-0.2478, 0.0867, -0.0431, 0.0939, 0.1663, 0.2560
-0.2478, 0.1003, -0.0011, 0.1797, 0.1658, 0.2094
-0.2049, 0.0992, -0.0292, 0.1345, 0.1564, 0.1908
-0.2478, 0.0980, -0.0298, 0.1281, 0.1654, 0.2295
-0.2174, 0.0993, -0.0292, 0.1346, 0.1538, 0.1522
-0.2455, 0.0806, -0.0401, 0.1002, 0.1488, 0.2797
-0.2205, 0.0904, -0.0138, 0.1518, 0.1596, 0.2120
-0.2470, 0.0980, -0.0298, 0.1282, 0.1613, 0.2459
-0.2603, 0.0894, -0.0419, 0.1067, 0.1611, 0.2770
-0.2595, 0.0771, -0.0672, 0.0463, 0.1567, 0.2403
-0.2588, 0.0869, -0.0557, 0.0765, 0.1513, 0.2440
-0.2315, 0.0891, -0.0293, 0.1241, 0.1583, 0.2118
-0.2299, 0.0891, -0.0292, 0.1241, 0.1475, 0.2327
-0.2337, 0.0882, -0.0551, 0.0830, 0.1604, 0.1965
-0.2198, 0.0795, -0.0534, 0.0765, 0.1685, 0.2009
-0.2618, 0.1092, -0.0178, 0.1648, 0.1721, 0.2496
-0.2469, 0.0993, -0.0292, 0.1346, 0.1583, 0.2396
-0.2625, 0.0980, -0.0298, 0.1281, 0.1596, 0.2874
-0.2611, 0.0870, -0.0706, 0.0553, 0.1676, 0.2139
-0.2315, 0.0891, -0.0292, 0.1241, 0.1582, 0.2182
-0.2337, 0.0880, -0.0425, 0.1003, 0.1599, 0.2221
-0.2330, 0.0806, -0.0401, 0.1003, 0.1550, 0.2065
-0.2470, 0.0782, -0.0539, 0.0701, 0.1596, 0.2597
-0.2758, 0.0980, -0.0298, 0.1281, 0.1615, 0.2846
-0.2205, 0.0696, -0.0660, 0.0487, 0.1600, 0.1919
-0.2470, 0.1065, -0.0189, 0.1520, 0.1597, 0.2532
-0.2337, 0.1035, -0.0273, 0.1548, 0.1607, 0.1764
-0.2470, 0.0905, -0.0287, 0.1305, 0.1579, 0.2597
-0.2330, 0.0880, -0.0425, 0.1003, 0.1546, 0.2257
-0.2307, 0.0905, -0.0286, 0.1306, 0.1534, 0.1962
-0.2291, 0.0682, -0.0666, 0.0423, 0.1415, 0.2369
-0.1909, 0.1163, -0.0075, 0.1823, 0.1521, 0.1175
-0.2322, 0.1006, -0.0286, 0.1410, 0.1489, 0.2495
-0.2190, 0.0720, -0.0522, 0.0789, 0.1631, 0.2109
-0.2456, 0.0806, -0.0401, 0.1003, 0.1529, 0.2137
-0.2462, 0.0905, -0.0287, 0.1305, 0.1542, 0.2697
-0.2604, 0.0891, -0.0292, 0.1241, 0.1627, 0.2696
-0.2611, 0.0977, -0.0023, 0.1668, 0.1686, 0.2331
-0.2603, 0.1001, 0.0116, 0.1970, 0.1610, 0.2834
-0.2588, 0.0982, -0.0425, 0.1108, 0.1509, 0.2641
-0.2478, 0.0891, -0.0292, 0.1241, 0.1663, 0.2560
-0.2455, 0.0820, -0.0395, 0.1067, 0.1489, 0.2733
-0.2323, 0.0795, -0.0533, 0.0765, 0.1644, 0.1688
-0.2345, 0.0782, -0.0539, 0.0701, 0.1650, 0.2258
-0.2330, 0.0905, -0.0286, 0.1306, 0.1688, 0.2110
-0.2611, 0.0867, -0.0431, 0.0939, 0.1669, 0.2469
-0.2323, 0.0968, -0.0431, 0.1044, 0.1639, 0.1954
-0.2891, 0.1031, 0.0001, 0.1925, 0.1625, 0.3285
-0.2617, 0.0894, -0.0419, 0.1067, 0.1548, 0.2645
-0.2470, 0.0977, -0.0171, 0.1455, 0.1602, 0.2267
-0.2197, 0.0979, -0.0298, 0.1282, 0.1544, 0.2093
-0.2455, 0.0991, -0.0166, 0.1519, 0.1494, 0.2467
-0.2595, 0.0878, -0.0150, 0.1390, 0.1553, 0.3072
-0.2175, 0.0808, -0.0527, 0.0829, 0.1527, 0.2117
-0.3038, 0.0867, -0.0431, 0.0939, 0.1596, 0.3269
-0.2744, 0.0892, -0.0292, 0.1241, 0.1680, 0.2898
-0.2330, 0.1004, -0.0011, 0.1797, 0.1547, 0.2193
-0.2603, 0.1174, 0.0058, 0.2060, 0.1634, 0.2303
-0.2463, 0.0878, -0.0298, 0.1177, 0.1556, 0.2696
-0.2463, 0.0880, -0.0425, 0.1004, 0.1561, 0.2431
-0.2330, 0.0779, -0.0413, 0.0875, 0.1560, 0.2257
-0.2750, 0.0809, -0.0528, 0.0829, 0.1544, 0.3084
-0.2190, 0.0891, -0.0292, 0.1241, 0.1637, 0.1780
-0.2899, 0.0696, -0.0660, 0.0487, 0.1675, 0.3442
-0.2595, 0.0880, -0.0425, 0.1004, 0.1566, 0.2404
-0.2603, 0.0991, -0.0165, 0.1520, 0.1618, 0.2441
-0.2617, 0.0856, -0.0563, 0.0701, 0.1543, 0.2910
-0.2462, 0.0894, -0.0419, 0.1067, 0.1552, 0.2166
-0.2315, 0.0893, -0.0419, 0.1068, 0.1581, 0.2255
-0.2197, 0.0918, -0.0280, 0.1370, 0.1543, 0.2157
-0.2315, 0.1076, -0.0057, 0.1758, 0.1589, 0.1788
-0.2213, 0.0782, -0.0539, 0.0701, 0.1649, 0.2084
-0.2736, 0.0795, -0.0533, 0.0765, 0.1631, 0.2742
-0.2315, 0.0891, -0.0292, 0.1241, 0.1586, 0.1990
-0.2050, 0.0806, -0.0401, 0.1003, 0.1578, 0.1907
-0.2174, 0.1049, -0.0069, 0.1630, 0.1534, 0.1724
-0.2042, 0.0855, -0.0563, 0.0702, 0.1514, 0.1816
-0.2330, 0.0795, -0.0534, 0.0765, 0.1541, 0.2523
-0.2455, 0.0806, -0.0401, 0.1003, 0.1515, 0.2138
-0.2728, 0.0878, -0.0298, 0.1177, 0.1574, 0.2971
-0.2470, 0.0991, -0.0165, 0.1519, 0.1592, 0.2798
-0.2337, 0.0993, -0.0292, 0.1346, 0.1603, 0.1965
-0.2469, 0.0980, -0.0298, 0.1281, 0.1575, 0.2798
-0.2315, 0.0795, -0.0534, 0.0765, 0.1581, 0.2255
-0.2470, 0.0856, -0.0563, 0.0702, 0.1604, 0.2203
-0.1895, 0.0792, -0.0407, 0.0939, 0.1580, 0.1565
-0.2617, 0.1004, -0.0159, 0.1584, 0.1541, 0.2974
-0.2736, 0.0734, -0.0367, 0.1067, 0.1631, 0.2742
-0.2625, 0.0809, -0.0528, 0.0829, 0.1600, 0.2673
-0.2454, 0.1102, 0.0103, 0.2099, 0.1500, 0.2138
-0.2470, 0.0915, -0.0005, 0.1757, 0.1619, 0.2129
-0.2899, 0.0796, -0.0534, 0.0765, 0.1675, 0.3442
-0.2728, 0.0980, -0.0298, 0.1281, 0.1570, 0.3172
-0.2728, 0.1076, -0.0057, 0.1758, 0.1580, 0.2641
-0.2330, 0.0784, -0.0666, 0.0527, 0.1555, 0.2522
-0.2174, 0.1054, -0.0470, 0.1069, 0.1531, 0.1852
-0.2338, 0.0880, -0.0425, 0.1004, 0.1611, 0.2294
-0.2174, 0.1086, 0.0224, 0.2209, 0.1522, 0.2319
-0.2588, 0.0870, -0.0706, 0.0552, 0.1513, 0.2440
-0.2603, 0.1004, -0.0160, 0.1584, 0.1625, 0.2770
-0.2338, 0.0784, -0.0666, 0.0528, 0.1599, 0.2221
-0.2603, 0.0891, -0.0292, 0.1241, 0.1618, 0.2441
-0.2183, 0.0979, -0.0298, 0.1282, 0.1609, 0.2145
-0.2353, 0.0819, -0.0246, 0.1281, 0.1717, 0.2222
-0.2611, 0.0883, -0.0551, 0.0830, 0.1682, 0.2532
-0.2471, 0.0891, -0.0292, 0.1241, 0.1610, 0.2596
-0.2205, 0.0880, -0.0425, 0.1003, 0.1606, 0.1590
-0.2042, 0.0968, -0.0430, 0.1044, 0.1530, 0.1678
-0.2603, 0.0822, -0.0522, 0.0893, 0.1608, 0.2962
-0.2595, 0.0980, -0.0298, 0.1281, 0.1566, 0.2403
-0.2478, 0.0880, -0.0425, 0.1003, 0.1663, 0.2560
-0.2049, 0.0990, -0.0165, 0.1519, 0.1565, 0.1844
-0.2750, 0.1004, -0.0160, 0.1583, 0.1566, 0.2681
-0.2603, 0.0883, -0.0551, 0.0830, 0.1610, 0.2834
-0.2470, 0.0867, -0.0431, 0.0940, 0.1601, 0.2331
-0.2462, 0.0891, -0.0292, 0.1241, 0.1551, 0.2239
-0.2478, 0.0894, -0.0419, 0.1067, 0.1659, 0.2761
-0.2470, 0.1004, -0.0160, 0.1583, 0.1606, 0.2066
-0.2603, 0.0856, -0.0712, 0.0488, 0.1608, 0.2962
-0.2611, 0.0966, -0.0304, 0.1217, 0.1668, 0.2533
-0.2595, 0.0833, -0.0389, 0.1131, 0.1561, 0.2669
-0.2205, 0.1004, -0.0160, 0.1583, 0.1594, 0.2185
-0.2603, 0.0942, -0.0442, 0.0915, 0.1615, 0.2569
-0.2595, 0.0878, -0.0298, 0.1177, 0.1564, 0.2541
-0.2322, 0.1004, -0.0160, 0.1583, 0.1494, 0.2229
-0.2315, 0.0880, -0.0425, 0.1004, 0.1587, 0.1926
-0.2307, 0.0990, -0.0165, 0.1519, 0.1529, 0.2218
-0.2182, 0.0795, -0.0533, 0.0765, 0.1578, 0.2145
-0.2478, 0.0720, -0.0522, 0.0789, 0.1661, 0.2688
-0.2042, 0.0993, -0.0292, 0.1346, 0.1529, 0.1742
-0.2337, 0.1049, -0.0069, 0.1629, 0.1598, 0.2221
-0.2603, 0.0891, -0.0292, 0.1241, 0.1610, 0.2834
-0.2050, 0.0904, -0.0287, 0.1305, 0.1586, 0.1514
-0.2619, 0.0894, -0.0419, 0.1067, 0.1716, 0.2762
-0.2337, 0.0991, -0.0166, 0.1519, 0.1596, 0.2358
-0.2183, 0.0893, -0.0419, 0.1068, 0.1611, 0.2016
-0.2478, 0.0878, -0.0298, 0.1177, 0.1660, 0.2688
-0.2462, 0.0905, -0.0286, 0.1306, 0.1546, 0.2495
-0.2175, 0.0806, -0.0401, 0.1003, 0.1533, 0.1788
-0.2050, 0.0682, -0.0666, 0.0423, 0.1595, 0.1907
-0.2462, 0.0771, -0.0672, 0.0463, 0.1546, 0.2495
-0.2750, 0.0820, -0.0395, 0.1067, 0.1562, 0.2883
-0.2190, 0.0806, -0.0252, 0.1216, 0.1628, 0.2246
-0.2617, 0.0865, -0.0304, 0.1113, 0.1555, 0.2315
-0.2197, 0.0782, -0.0539, 0.0701, 0.1543, 0.2157
-0.2205, 0.0880, -0.0425, 0.1004, 0.1597, 0.2056
-0.2330, 0.0891, -0.0292, 0.1242, 0.1552, 0.1928
-0.2050, 0.0993, -0.0292, 0.1345, 0.1578, 0.1907
-0.2604, 0.0878, -0.0298, 0.1177, 0.1623, 0.2898
-0.2765, 0.0991, -0.0166, 0.1519, 0.1654, 0.2811
-0.2330, 0.0990, -0.0165, 0.1519, 0.1538, 0.2660
-0.2611, 0.0733, -0.0367, 0.1066, 0.1671, 0.2404
-0.2323, 0.0880, -0.0425, 0.1004, 0.1636, 0.2082
-0.2751, 0.0993, -0.0292, 0.1346, 0.1588, 0.3147
-0.2876, 0.1038, -0.0201, 0.1391, 0.1540, 0.3156
-0.2345, 0.1089, -0.0051, 0.1822, 0.1652, 0.2121
-0.2307, 0.0966, -0.0304, 0.1217, 0.1522, 0.2557
-0.2182, 0.0878, -0.0298, 0.1177, 0.1572, 0.1752
-0.2182, 0.0918, -0.0280, 0.1370, 0.1578, 0.2145
-0.2750, 0.0980, -0.0298, 0.1281, 0.1560, 0.3011
-0.2307, 0.0795, -0.0534, 0.0765, 0.1527, 0.2355
-0.2486, 0.0918, -0.0281, 0.1369, 0.1717, 0.2460
-0.2470, 0.1017, -0.0153, 0.1648, 0.1593, 0.2725
-0.2175, 0.0848, -0.0382, 0.1205, 0.1538, 0.1522
-0.2322, 0.1065, -0.0189, 0.1520, 0.1492, 0.2293
-0.1917, 0.0878, -0.0298, 0.1177, 0.1568, 0.1468
-0.2205, 0.0990, -0.0165, 0.1520, 0.1603, 0.1727
-0.2588, 0.0869, -0.0557, 0.0765, 0.1504, 0.2906
-0.2175, 0.0806, -0.0252, 0.1216, 0.1521, 0.2383
-0.2617, 0.0795, -0.0533, 0.0765, 0.1546, 0.2773
-0.2345, 0.0882, -0.0551, 0.0830, 0.1654, 0.2057
-0.2595, 0.0966, -0.0304, 0.1218, 0.1565, 0.2477
-0.2736, 0.0980, -0.0298, 0.1282, 0.1623, 0.3136
-0.2330, 0.0878, -0.0298, 0.1177, 0.1542, 0.2459
-0.2758, 0.0806, -0.0401, 0.1003, 0.1611, 0.3048
-0.2337, 0.0880, -0.0425, 0.1004, 0.1606, 0.1828
-0.2205, 0.0880, -0.0425, 0.1003, 0.1602, 0.1791
-0.2462, 0.0904, -0.0138, 0.1519, 0.1543, 0.2633
-0.2595, 0.0894, -0.0419, 0.1067, 0.1558, 0.2806
-0.2212, 0.1067, -0.0316, 0.1346, 0.1651, 0.1947
-0.2463, 0.0982, -0.0424, 0.1108, 0.1558, 0.2568
-0.2463, 0.0797, -0.0660, 0.0592, 0.1566, 0.2166
-0.2323, 0.0795, -0.0533, 0.0765, 0.1507, 0.2293
-0.2463, 0.0891, -0.0292, 0.1241, 0.1564, 0.2303
-0.2470, 0.0880, -0.0425, 0.1004, 0.1605, 0.2130
-0.2609, 0.0980, -0.0298, 0.1281, 0.1489, 0.3011
-0.2736, 0.0980, -0.0298, 0.1282, 0.1627, 0.2935
-0.2330, 0.0878, -0.0298, 0.1177, 0.1542, 0.2459
-0.2322, 0.0979, -0.0298, 0.1281, 0.1490, 0.2431
-0.2588, 0.0894, -0.0419, 0.1068, 0.1516, 0.2312
