0.0397, 0.3437, -0.2663, 0.2273, -0.2779, 0.0336, 0.0568
0.0635, 0.3674, -0.3178, 0.3027, -0.2843, 0.0464, 0.0495
0.0397, 0.2923, -0.2663, 0.2035, -0.2578, 0.0336, 0.0898
0.0635, 0.3953, -0.2663, 0.0210, -0.2578, 0.0208, 0.1026
0.0913, 0.3953, -0.2663, -0.1576, -0.2450, 0.0208, 0.0568
0.0397, 0.3438, -0.2663, -0.1813, -0.2450, 0.0336, 0.0495
0.0635, 0.3200, -0.2663, -0.2329, -0.2514, 0.0208, 0.0495
0.0635, 0.2923, -0.2663, -0.1297, -0.2385, 0.0135, 0.0431
0.0397, 0.3199, -0.2901, -0.0782, -0.2385, 0.0336, 0.1026
0.0635, 0.3199, -0.3178, -0.1060, -0.2450, 0.0208, 0.0962
-0.0118, 0.2921, -0.2901, -0.0266, -0.2385, 0.0272, 0.0431
0.0635, 0.2922, -0.2663, -0.0266, -0.2312, 0.0272, 0.0495
0.0159, 0.2684, -0.2425, 0.0210, -0.2248, 0.0336, 0.0633
0.0635, 0.2921, -0.2901, -0.0544, -0.2248, 0.0400, 0.0431
-0.0118, 0.2684, -0.2663, -0.0266, -0.2248, 0.0272, 0.0962
0.0397, 0.2684, -0.2663, -0.0028, -0.2248, 0.0400, 0.1026
0.0159, 0.2684, -0.2425, -0.0544, -0.2312, 0.0336, 0.0431
0.0159, 0.2684, -0.2901, -0.0544, -0.2450, 0.0464, 0.0568
0.0159, 0.3198, -0.2900, 0.0210, -0.2312, 0.0538, 0.0568
0.0159, 0.2922, -0.2425, -0.0544, -0.2184, 0.0602, 0.0495
0.0397, 0.2921, -0.3178, 0.0210, -0.2248, 0.0464, 0.1026
0.0397, 0.2684, -0.2425, -0.0028, -0.2312, 0.0400, 0.0568
0.0397, 0.2921, -0.2901, -0.0266, -0.2248, 0.0464, 0.0495
0.0159, 0.2406, -0.2425, -0.0266, -0.2120, 0.0400, 0.0568
0.0397, 0.2406, -0.2663, -0.0028, -0.2312, 0.0464, 0.0431
0.0397, 0.2407, -0.2663, 0.0210, -0.2184, 0.0465, 0.0367
0.0397, 0.2406, -0.2663, -0.0028, -0.2312, 0.0538, 0.0568
0.0159, 0.2684, -0.2425, 0.0210, -0.2248, 0.0272, 0.0761
0.0397, 0.2406, -0.2901, 0.0210, -0.2120, 0.0400, 0.0962
-0.0118, 0.2683, -0.2663, -0.0028, -0.2184, 0.0336, 0.0761
0.0159, 0.2406, -0.2901, -0.0266, -0.2184, 0.0538, 0.0568
0.0397, 0.2406, -0.2663, 0.0488, -0.2184, 0.0336, 0.0568
0.0159, 0.2683, -0.2900, -0.0028, -0.2184, 0.0272, 0.0825
0.0397, 0.2682, -0.2662, -0.0028, -0.2184, 0.0400, 0.0431
0.0397, 0.2682, -0.2662, 0.0726, -0.2248, 0.0464, 0.0495
-0.0118, 0.2167, -0.3178, -0.0544, -0.2184, 0.0400, 0.0761
0.0635, 0.2682, -0.2900, -0.0266, -0.2248, 0.0272, 0.0367
0.0397, 0.2406, -0.2663, -0.0266, -0.2184, 0.0135, 0.0495
0.0397, 0.2168, -0.2900, -0.0266, -0.2248, 0.0336, 0.0633
-0.0118, 0.2682, -0.2900, -0.0028, -0.2248, 0.0208, 0.0431
0.0159, 0.2682, -0.2900, -0.0266, -0.2248, 0.0208, 0.0898
0.0159, 0.2406, -0.2900, -0.0266, -0.2120, 0.0272, 0.0898
0.0397, 0.2682, -0.2662, -0.0028, -0.2120, 0.0272, 0.0431
0.0397, 0.2682, -0.3178, -0.0266, -0.2120, 0.0272, 0.0367
0.0397, 0.2406, -0.2425, -0.0028, -0.2248, 0.0336, 0.0495
0.0159, 0.1890, -0.3178, 0.0210, -0.2184, 0.0208, 0.0367
0.0159, 0.2405, -0.2662, -0.0266, -0.2248, 0.0336, 0.0962
0.0159, 0.1890, -0.2663, -0.0028, -0.2120, 0.0272, 0.1026
0.0159, 0.2405, -0.2662, -0.0028, -0.2184, 0.0272, 0.0431
0.0159, 0.2167, -0.2663, -0.0028, -0.2120, 0.0208, 0.0367
0.0397, 0.2683, -0.2900, 0.0210, -0.2248, 0.0272, 0.0697
0.0159, 0.1890, -0.2900, 0.0210, -0.2312, 0.0336, 0.0761
0.0397, 0.1890, -0.2663, -0.0028, -0.2312, 0.0272, 0.0761
0.0397, 0.2167, -0.2663, 0.0210, -0.2386, 0.0336, 0.1090
0.0397, 0.2682, -0.2900, -0.0028, -0.2184, 0.0272, 0.0568
0.0397, 0.2167, -0.2663, 0.0210, -0.1983, 0.0400, 0.0431
0.0397, 0.1653, -0.2663, 0.0210, -0.2120, 0.0336, 0.0697
0.0397, 0.1890, -0.2425, 0.0488, -0.2047, 0.0336, 0.0495
-0.0118, 0.2167, -0.3178, 0.0210, -0.2248, 0.0336, 0.0633
0.0397, 0.2167, -0.2900, 0.0210, -0.2047, 0.0272, 0.0898
0.0635, 0.1890, -0.2663, 0.0210, -0.2184, 0.0336, 0.0495
0.0397, 0.2167, -0.2662, 0.0210, -0.2120, 0.0272, 0.0431
0.0159, 0.2167, -0.2425, 0.0488, -0.2120, 0.0272, 0.0431
0.0635, 0.1890, -0.2663, 0.0210, -0.2248, 0.0272, 0.0825
0.0397, 0.2405, -0.2900, 0.0488, -0.2047, 0.0272, 0.0898
0.0397, 0.2405, -0.2425, 0.0210, -0.2120, 0.0464, 0.0898
0.0397, 0.2167, -0.2900, 0.0210, -0.2184, 0.0400, 0.0633
0.0397, 0.1890, -0.2663, 0.0726, -0.2047, 0.0272, 0.0898
0.0635, 0.2167, -0.2425, 0.0210, -0.2184, 0.0336, 0.0367
0.0635, 0.2167, -0.2900, 0.0488, -0.2120, 0.0400, 0.0495
0.0635, 0.1652, -0.2663, -0.0266, -0.2120, 0.0400, 0.0898
0.0397, 0.1889, -0.2662, 0.0210, -0.2120, 0.0336, 0.0825
0.0635, 0.2166, -0.2662, -0.0028, -0.2120, 0.0336, 0.0431
0.0635, 0.2681, -0.2662, 0.0726, -0.2184, 0.0336, 0.0697
0.0635, 0.2167, -0.2147, -0.0266, -0.2184, 0.0336, 0.0568
0.0635, 0.1653, -0.2663, 0.0210, -0.2120, 0.0272, 0.0633
0.0635, 0.1653, -0.2148, 0.0210, -0.2047, 0.0336, 0.0898
0.0635, 0.1653, -0.2663, 0.1004, -0.2120, 0.0208, 0.0825
0.0635, 0.1889, -0.3178, 0.0210, -0.2120, 0.0400, 0.0303
0.0397, 0.1889, -0.2662, -0.0028, -0.2120, 0.0336, 0.0568
0.0913, 0.1652, -0.2425, 0.0210, -0.2184, 0.0400, 0.0761
0.0397, 0.2166, -0.2662, 0.0488, -0.2184, 0.0272, 0.0633
0.0635, 0.2167, -0.2662, -0.0266, -0.2120, 0.0336, 0.0697
0.0397, 0.2167, -0.2662, 0.0726, -0.2184, 0.0208, 0.0898
0.0397, 0.1890, -0.1909, 0.0488, -0.2047, 0.0208, 0.0495
0.0159, 0.2167, -0.2662, 0.0488, -0.2120, 0.0336, 0.0962
0.0635, 0.1890, -0.2662, 0.0210, -0.2184, 0.0208, 0.0761
0.0397, 0.2167, -0.2425, 0.0210, -0.2248, 0.0336, 0.0697
0.0397, 0.2166, -0.2425, 0.0488, -0.2120, 0.0135, 0.0761
0.0913, 0.1890, -0.2663, 0.0210, -0.2047, 0.0272, 0.0568
0.0397, 0.2167, -0.2425, 0.0726, -0.2184, 0.0272, 0.0495
0.0635, 0.1652, -0.2663, 0.0488, -0.2184, 0.0336, 0.0166
0.0397, 0.1889, -0.2425, 0.0488, -0.2120, 0.0208, 0.0898
0.0397, 0.2166, -0.2425, 0.0726, -0.2184, 0.0336, 0.0495
0.0397, 0.2167, -0.2663, 0.0488, -0.2047, 0.0272, 0.0431
0.0635, 0.1889, -0.2900, 0.0488, -0.2184, 0.0336, 0.1090
0.0397, 0.1889, -0.3178, 0.0488, -0.2047, 0.0208, 0.0633
0.0397, 0.2166, -0.2662, 0.0210, -0.2184, 0.0272, 0.0633
0.0397, 0.1652, -0.2900, 0.0488, -0.2047, 0.0272, 0.0495
0.1151, 0.1889, -0.2662, 0.0488, -0.2120, 0.0336, 0.0697
0.0397, 0.1889, -0.2425, 0.0488, -0.2120, 0.0336, 0.0761
0.0397, 0.1889, -0.3178, 0.0726, -0.2120, 0.0400, 0.0962
0.0159, 0.2167, -0.2147, 0.0210, -0.2120, 0.0400, 0.0303
0.0635, 0.1652, -0.2425, 0.1004, -0.2120, 0.0336, 0.0431
0.0635, 0.2167, -0.3178, 0.0210, -0.2120, 0.0336, 0.0697
0.0635, 0.2167, -0.2662, 0.0488, -0.2120, 0.0272, 0.0697
0.0635, 0.1652, -0.2663, 0.0210, -0.2248, 0.0336, 0.0697
0.0635, 0.1414, -0.2663, 0.0210, -0.2184, 0.0465, 0.0568
0.0159, 0.2404, -0.3178, 0.0210, -0.2120, 0.0272, 0.0495
0.0397, 0.1652, -0.2663, 0.0726, -0.2184, 0.0272, 0.0495
0.0159, 0.1889, -0.2663, 0.1004, -0.2120, 0.0400, 0.0761
-0.0118, 0.1652, -0.2900, 0.0488, -0.2120, 0.0336, 0.0898
-0.0118, 0.1414, -0.2425, 0.0210, -0.2120, 0.0336, 0.0431
0.0913, 0.2404, -0.2900, 0.0726, -0.2120, 0.0336, 0.0632
0.0397, 0.1889, -0.2663, 0.0210, -0.2120, 0.0336, 0.0431
0.0635, 0.2404, -0.2662, 0.0210, -0.2120, 0.0336, 0.0431
0.0397, 0.2166, -0.2662, 0.0488, -0.2120, 0.0272, 0.0898
0.0635, 0.2166, -0.2900, 0.0210, -0.2120, 0.0208, 0.0962
0.0397, 0.2166, -0.2147, 0.0488, -0.2184, 0.0336, 0.0431
0.0635, 0.1889, -0.2662, 0.0210, -0.2120, 0.0272, 0.1164
0.0397, 0.2166, -0.2900, -0.0028, -0.2184, 0.0336, 0.0632
0.0635, 0.1889, -0.2662, 0.0210, -0.2047, 0.0272, 0.0632
0.0397, 0.2404, -0.2662, 0.0488, -0.2120, 0.0272, 0.0697
-0.0118, 0.2404, -0.2900, 0.0488, -0.2120, 0.0336, 0.0568
0.0397, 0.2166, -0.2900, 0.0210, -0.2184, 0.0208, 0.0761
0.0397, 0.2404, -0.2424, 0.0210, -0.2120, 0.0208, 0.0495
0.0635, 0.1889, -0.2425, 0.0210, -0.2047, 0.0336, 0.0367
-0.0118, 0.1652, -0.2663, 0.0726, -0.2120, 0.0208, 0.0825
0.0635, 0.2166, -0.2900, 0.0210, -0.2120, 0.0336, 0.0898
0.0159, 0.2166, -0.2900, 0.0726, -0.2047, 0.0272, 0.0825
0.0397, 0.2166, -0.2662, 0.0488, -0.2184, 0.0272, 0.0632
0.0397, 0.2166, -0.2425, 0.0488, -0.2184, 0.0400, 0.0761
0.0159, 0.1889, -0.2901, 0.0488, -0.2184, 0.0208, 0.0431
0.0397, 0.1889, -0.2662, 0.0488, -0.1983, 0.0208, 0.0568
0.0159, 0.2166, -0.2900, 0.0726, -0.2047, 0.0208, 0.0898
0.0397, 0.2404, -0.2900, 0.0210, -0.2184, 0.0208, 0.1090
0.0397, 0.2166, -0.2900, 0.0488, -0.2120, 0.0135, 0.0367
0.0635, 0.1889, -0.2662, 0.0488, -0.2184, 0.0465, 0.0568
0.0159, 0.2166, -0.2662, 0.0210, -0.2184, 0.0336, 0.0568
0.0635, 0.2404, -0.2663, 0.0488, -0.2184, 0.0272, 0.0495
0.0635, 0.2166, -0.2900, 0.0210, -0.2047, 0.0272, 0.0962
0.0397, 0.2404, -0.2662, -0.0028, -0.2184, 0.0272, 0.1090
-0.0118, 0.1889, -0.2425, 0.0488, -0.2120, 0.0272, 0.0495
0.0397, 0.1651, -0.2662, 0.0488, -0.2184, 0.0272, 0.0495
0.0397, 0.1889, -0.2425, 0.0488, -0.2047, 0.0272, 0.0632
0.0397, 0.2166, -0.2662, 0.0488, -0.2047, 0.0272, 0.0697
-0.0118, 0.2166, -0.2900, 0.0210, -0.2120, 0.0336, 0.0761
0.0635, 0.1889, -0.2662, 0.0488, -0.2120, 0.0272, 0.0632
0.0159, 0.2166, -0.2900, 0.0488, -0.2120, 0.0400, 0.0367
0.0635, 0.1652, -0.2663, 0.0210, -0.2120, 0.0336, 0.1090
0.0397, 0.1651, -0.3178, 0.0210, -0.2184, 0.0272, 0.0697
0.0635, 0.1651, -0.2662, 0.0488, -0.2047, 0.0336, 0.0898
0.0635, 0.2404, -0.2662, 0.0210, -0.2120, 0.0400, 0.0697
0.0397, 0.1651, -0.2424, -0.0544, -0.2184, 0.0400, 0.0825
0.0397, 0.2166, -0.2424, 0.0210, -0.2120, 0.0272, 0.0303
0.0159, 0.1889, -0.2662, 0.0210, -0.2184, 0.0336, 0.0962
0.0159, 0.1414, -0.2901, 0.0488, -0.2184, 0.0336, 0.0697
0.0913, 0.1651, -0.2663, 0.0726, -0.2047, 0.0336, 0.0495
0.0635, 0.1889, -0.2662, 0.0488, -0.2120, 0.0272, 0.0632
0.0159, 0.1651, -0.2425, 0.0488, -0.2047, 0.0272, 0.0761
0.0397, 0.2166, -0.2424, 0.0210, -0.2120, 0.0272, 0.0697
0.0913, 0.2166, -0.2424, 0.0726, -0.2047, 0.0336, 0.0632
0.0635, 0.1889, -0.2425, 0.0210, -0.2184, 0.0272, 0.0303
0.0635, 0.1889, -0.2425, 0.0210, -0.2120, 0.0336, 0.0495
0.0397, 0.1889, -0.2663, 0.0210, -0.2120, 0.0272, 0.0761
0.0397, 0.1889, -0.2425, 0.0488, -0.2248, 0.0336, 0.0825
0.0635, 0.1651, -0.2900, 0.0210, -0.2184, 0.0272, 0.0568
0.0635, 0.2166, -0.2424, 0.0488, -0.2047, 0.0208, 0.0825
0.0635, 0.1651, -0.2662, 0.0210, -0.2249, 0.0208, 0.0230
0.0635, 0.2166, -0.2424, 0.0488, -0.2184, 0.0208, 0.0367
0.0397, 0.1888, -0.2662, 0.0488, -0.2120, 0.0272, 0.0898
0.0397, 0.1651, -0.2663, 0.0488, -0.2120, 0.0336, 0.1090
0.0635, 0.1889, -0.2147, 0.0488, -0.2120, 0.0336, 0.0431
0.0397, 0.1888, -0.2662, 0.0488, -0.2184, 0.0336, 0.0697
0.0397, 0.2166, -0.2424, 0.0488, -0.2120, 0.0336, 0.0303
0.0635, 0.1889, -0.2424, -0.0266, -0.2120, 0.0272, 0.0697
0.0159, 0.1889, -0.2662, 0.0210, -0.2249, 0.0336, 0.0825
0.0635, 0.2166, -0.2662, -0.0028, -0.2184, 0.0272, 0.1026
0.0159, 0.2404, -0.2147, 0.0488, -0.1983, 0.0336, 0.0495
0.0635, 0.1413, -0.2900, 0.0726, -0.2047, 0.0208, 0.0632
0.0159, 0.1651, -0.2663, 0.0726, -0.2120, 0.0401, 0.0431
0.0913, 0.1888, -0.3178, 0.0488, -0.2120, 0.0272, 0.0495
0.0159, 0.1888, -0.2662, 0.0488, -0.1983, 0.0272, 0.0898
0.0159, 0.2165, -0.2900, 0.0488, -0.2184, 0.0135, 0.0568
0.0397, 0.2166, -0.2900, -0.0028, -0.2184, 0.0336, 0.0367
0.0397, 0.1889, -0.2662, 0.0488, -0.2120, 0.0336, 0.0431
0.0159, 0.1888, -0.2900, 0.0488, -0.2120, 0.0336, 0.0431
0.0397, 0.2165, -0.2662, 0.0488, -0.2120, 0.0208, 0.1090
0.0397, 0.2166, -0.2662, 0.0210, -0.2184, 0.0272, 0.0825
0.0397, 0.1651, -0.2900, 0.0726, -0.2248, 0.0272, 0.0825
0.0635, 0.2166, -0.2425, 0.0210, -0.2120, 0.0272, 0.0697
0.0397, 0.1650, -0.3178, 0.0488, -0.2047, 0.0400, 0.0761
-0.0118, 0.1651, -0.2425, 0.0210, -0.2120, 0.0400, 0.0367
0.0397, 0.1889, -0.2662, 0.0210, -0.1983, 0.0336, 0.0495
0.0397, 0.1652, -0.2425, 0.0210, -0.2120, 0.0400, 0.0962
-0.0118, 0.1651, -0.2663, 0.0726, -0.2047, 0.0336, 0.1026
0.0635, 0.1888, -0.3178, 0.0488, -0.2047, 0.0208, 0.0431
0.0397, 0.1652, -0.2147, 0.0210, -0.2120, 0.0208, 0.0697
0.0397, 0.1888, -0.2662, 0.1004, -0.2120, 0.0401, 0.0431
0.0397, 0.1651, -0.2662, 0.0488, -0.2047, 0.0272, 0.0495
0.0159, 0.1888, -0.1909, 0.0488, -0.2120, 0.0272, 0.0825
0.0397, 0.1651, -0.2425, 0.0210, -0.2120, 0.0336, 0.1026
0.0397, 0.1888, -0.2424, 0.0488, -0.2047, 0.0272, 0.0431
0.0913, 0.1888, -0.2662, 0.0210, -0.2120, 0.0208, 0.0568
0.0635, 0.1889, -0.2425, 0.0726, -0.1983, 0.0272, 0.0632
0.0397, 0.2166, -0.2424, -0.0028, -0.2184, 0.0272, 0.0761
0.0913, 0.2166, -0.2662, 0.0488, -0.2120, 0.0208, 0.0761
0.0397, 0.1652, -0.2425, 0.0726, -0.1919, 0.0272, 0.0761
0.0397, 0.2166, -0.2662, 0.0488, -0.2120, 0.0336, 0.0431
0.0397, 0.1888, -0.2662, 0.0726, -0.2047, 0.0336, 0.0431
0.0397, 0.2166, -0.2424, 0.0488, -0.2047, 0.0272, 0.0825
0.0397, 0.2680, -0.2424, 0.0488, -0.2047, 0.0336, 0.0495
0.0397, 0.1888, -0.2662, 0.0726, -0.2120, 0.0272, 0.0697
0.0397, 0.2165, -0.2424, 0.0488, -0.2120, 0.0208, 0.0697
0.0397, 0.2165, -0.2662, 0.0726, -0.2120, 0.0336, 0.0697
0.0635, 0.1651, -0.2900, 0.0488, -0.2184, 0.0336, 0.0568
0.0635, 0.2165, -0.2424, 0.0210, -0.2047, 0.0336, 0.0962
0.0397, 0.1888, -0.2424, 0.0210, -0.2047, 0.0208, 0.0495
0.0397, 0.2680, -0.2662, 0.0210, -0.2120, 0.0208, 0.0495
0.0397, 0.2165, -0.2147, 0.0726, -0.2184, 0.0336, 0.0898
0.0635, 0.2403, -0.2900, 0.0488, -0.2120, 0.0272, 0.0431
0.0397, 0.1888, -0.2900, 0.0210, -0.2120, 0.0272, 0.0697
0.0397, 0.1888, -0.2662, -0.0028, -0.2120, 0.0272, 0.0367
0.0397, 0.2166, -0.2662, 0.0210, -0.2120, 0.0272, 0.0495
0.0397, 0.1651, -0.2663, 0.0210, -0.2184, 0.0465, 0.0825
0.0397, 0.1651, -0.2900, 0.0726, -0.1983, 0.0272, 0.1026
-0.0118, 0.1889, -0.2662, -0.0028, -0.2120, 0.0208, 0.0431
0.0397, 0.2166, -0.2424, -0.0028, -0.2047, 0.0400, 0.0697
0.0159, 0.1888, -0.3178, 0.0488, -0.2184, 0.0272, 0.0495
0.0397, 0.1413, -0.2900, 0.0726, -0.2249, 0.0400, 0.0495
0.0397, 0.1889, -0.2900, -0.0028, -0.2120, 0.0336, 0.0898
0.0635, 0.2165, -0.2900, 0.0488, -0.1983, 0.0336, 0.1026
0.0159, 0.1651, -0.2425, 0.0210, -0.2120, 0.0208, 0.0431
0.0397, 0.1888, -0.2900, 0.0210, -0.1983, 0.0400, 0.0568
0.0635, 0.1888, -0.2662, 0.0488, -0.2047, 0.0272, 0.0495
0.0397, 0.2165, -0.2424, 0.0488, -0.2120, 0.0336, 0.0697
0.0159, 0.2165, -0.2662, -0.0028, -0.2047, 0.0272, 0.0761
0.0397, 0.2165, -0.2662, 0.0210, -0.2249, 0.0208, 0.0632
0.0159, 0.1414, -0.2663, 0.0488, -0.2047, 0.0336, 0.0495
0.0397, 0.2166, -0.2662, 0.0488, -0.2120, 0.0272, 0.0568
0.0397, 0.2166, -0.2900, 0.0488, -0.2184, 0.0272, 0.0761
0.0159, 0.1889, -0.2424, 0.0210, -0.1983, 0.0272, 0.0898
0.0635, 0.1651, -0.2900, 0.0488, -0.2047, 0.0336, 0.0632
0.0635, 0.2165, -0.2900, 0.0488, -0.2047, 0.0336, 0.0697
0.0159, 0.1889, -0.2662, 0.0488, -0.2120, 0.0400, 0.0431
0.0159, 0.2403, -0.2424, 0.0488, -0.2120, 0.0336, 0.0697
0.0635, 0.1651, -0.2662, 0.0488, -0.2184, 0.0272, 0.0825
0.0159, 0.1651, -0.2662, 0.0488, -0.2120, 0.0465, 0.0303
0.0159, 0.1651, -0.2900, 0.0210, -0.2184, 0.0400, 0.0962
0.0913, 0.1651, -0.2425, 0.0488, -0.2047, 0.0208, 0.0632
0.0635, 0.2404, -0.2662, 0.0210, -0.2249, 0.0272, 0.0495
0.0635, 0.2166, -0.2147, 0.0210, -0.2185, 0.0272, 0.0431
0.1151, 0.2166, -0.1909, 0.0210, -0.1983, 0.0336, 0.0367
0.0397, 0.1888, -0.2424, 0.0210, -0.2120, 0.0208, 0.0495
0.0635, 0.1888, -0.2424, 0.0210, -0.2120, 0.0272, 0.0962
0.0635, 0.1888, -0.2662, 0.0210, -0.2120, 0.0272, 0.0962
0.0159, 0.1888, -0.2424, 0.0210, -0.2047, 0.0336, 0.0495
0.0635, 0.2165, -0.2662, 0.0210, -0.2120, 0.0336, 0.0431
0.0397, 0.2165, -0.2662, 0.0488, -0.2047, 0.0272, 0.0697
0.0159, 0.2165, -0.2424, 0.0488, -0.2047, 0.0336, 0.0568
0.0397, 0.1888, -0.2147, 0.0210, -0.2120, 0.0272, 0.0825
0.0397, 0.2165, -0.2424, 0.0210, -0.1919, 0.0272, 0.0962
0.0635, 0.2165, -0.2424, 0.0210, -0.2120, 0.0400, 0.0367
0.0635, 0.2165, -0.2424, 0.0726, -0.2249, 0.0272, 0.0568
0.0635, 0.1888, -0.2662, -0.0028, -0.2184, 0.0272, 0.0697
0.0159, 0.2403, -0.2424, 0.0210, -0.2120, 0.0272, 0.0825
0.0397, 0.2403, -0.2147, 0.0488, -0.1983, 0.0208, 0.0697
0.0397, 0.2403, -0.2424, -0.0266, -0.2184, 0.0208, 0.0697
0.0397, 0.2165, -0.2424, 0.0488, -0.2047, 0.0336, 0.0431
0.0635, 0.1888, -0.2662, 0.0210, -0.2120, 0.0272, 0.0761
0.0397, 0.2165, -0.2662, -0.0028, -0.2047, 0.0336, 0.0825
0.0397, 0.1888, -0.2424, 0.0210, -0.2120, 0.0272, 0.0898
0.0159, 0.2165, -0.2424, 0.0210, -0.2120, 0.0336, 0.0632
0.0397, 0.1889, -0.2425, 0.0488, -0.2120, 0.0401, 0.0825
0.0159, 0.1888, -0.2424, 0.0488, -0.2120, 0.0336, 0.0495
0.0159, 0.2165, -0.2900, 0.0488, -0.2184, 0.0336, 0.0495
0.0635, 0.1651, -0.2662, 0.0210, -0.2047, 0.0272, 0.0495
0.0397, 0.1888, -0.2662, 0.0726, -0.2120, 0.0208, 0.1026
0.0397, 0.2403, -0.2147, 0.0488, -0.2184, 0.0336, 0.0568
0.0635, 0.1650, -0.2147, 0.0488, -0.1983, 0.0336, 0.0632
0.0913, 0.1650, -0.2662, -0.0028, -0.2120, 0.0336, 0.0568
0.0635, 0.1888, -0.2662, 0.0726, -0.2120, 0.0135, 0.0568
0.0635, 0.1651, -0.2425, 0.0726, -0.2184, 0.0272, 0.0825
0.0159, 0.1888, -0.2900, 0.0488, -0.1983, 0.0336, 0.0495
0.0397, 0.1888, -0.2424, 0.0210, -0.2047, 0.0336, 0.1026
0.0397, 0.1888, -0.2662, 0.0210, -0.2120, 0.0272, 0.0568
0.0397, 0.1651, -0.2662, 0.0488, -0.2184, 0.0272, 0.0431
0.0397, 0.2165, -0.2662, 0.0488, -0.2047, 0.0272, 0.0568
0.0635, 0.2403, -0.2424, 0.0488, -0.2120, 0.0272, 0.0495
0.0635, 0.1651, -0.2425, 0.0726, -0.2120, 0.0336, 0.0568
0.0397, 0.1889, -0.2425, 0.0726, -0.2120, 0.0336, 0.0898
0.0159, 0.2403, -0.2662, -0.0028, -0.1983, 0.0208, 0.0898
0.0397, 0.1651, -0.2425, 0.0210, -0.2047, 0.0336, 0.0367
0.0635, 0.2166, -0.2662, 0.0210, -0.2120, 0.0272, 0.0431
0.0397, 0.1888, -0.2147, 0.0210, -0.2185, 0.0272, 0.0568
0.1151, 0.2403, -0.2662, 0.0488, -0.2047, 0.0208, 0.0632
0.0159, 0.1888, -0.2900, 0.0210, -0.2120, 0.0272, 0.0898
0.0159, 0.1888, -0.2662, 0.0726, -0.2120, 0.0401, 0.0962
0.0159, 0.1651, -0.2900, 0.0210, -0.2184, 0.0336, 0.0568
0.0159, 0.2403, -0.2662, -0.0028, -0.2120, 0.0272, 0.0495
0.0159, 0.1888, -0.2662, 0.0488, -0.1983, 0.0272, 0.0632
0.0635, 0.1888, -0.2900, 0.0210, -0.2184, 0.0272, 0.0697
0.0635, 0.1888, -0.3177, 0.0210, -0.2047, 0.0272, 0.0898
0.0397, 0.1888, -0.2900, 0.0210, -0.2249, 0.0272, 0.1026
0.0159, 0.1888, -0.2662, 0.0210, -0.2047, 0.0272, 0.0431
0.0635, 0.1651, -0.2662, 0.0210, -0.2047, 0.0272, 0.0825
0.0159, 0.1651, -0.2424, 0.0210, -0.2047, 0.0272, 0.0568
0.0397, 0.1651, -0.2900, 0.0210, -0.2120, 0.0272, 0.0431
0.0397, 0.1888, -0.2424, 0.0488, -0.2184, 0.0272, 0.0761
0.0397, 0.1651, -0.2662, 0.0210, -0.2120, 0.0336, 0.0495
0.0397, 0.1651, -0.2662, 0.0726, -0.2184, 0.0336, 0.0568
0.0397, 0.1888, -0.2662, 0.0210, -0.2120, 0.0336, 0.0825
0.0913, 0.1888, -0.2424, 0.0726, -0.2047, 0.0272, 0.0367
0.0397, 0.2165, -0.2662, 0.0488, -0.1983, 0.0272, 0.0761
0.0159, 0.1888, -0.2424, 0.0488, -0.1983, 0.0272, 0.0568
0.0635, 0.1651, -0.2662, 0.0210, -0.2185, 0.0336, 0.0632
0.0397, 0.2165, -0.2662, 0.0210, -0.2047, 0.0272, 0.0303
0.0397, 0.2165, -0.2662, 0.0210, -0.2120, 0.0400, 0.0825
0.0635, 0.1887, -0.2662, 0.0488, -0.2120, 0.0208, 0.0825
0.0913, 0.1887, -0.2662, -0.0028, -0.2047, 0.0272, 0.0303
0.0635, 0.2165, -0.2662, 0.0210, -0.1919, 0.0208, 0.0761
-0.0118, 0.1651, -0.2662, -0.0028, -0.1983, 0.0272, 0.0761
0.0635, 0.1888, -0.2662, 0.0488, -0.2120, 0.0272, 0.0632
0.0913, 0.1888, -0.2424, 0.0488, -0.2047, 0.0336, 0.0697
0.0635, 0.2165, -0.2662, 0.0488, -0.2120, 0.0208, 0.0367
0.0635, 0.2165, -0.2662, 0.0488, -0.2120, 0.0336, 0.0367
0.0159, 0.1888, -0.2424, -0.0028, -0.2120, 0.0336, 0.0962
0.0913, 0.1888, -0.2662, 0.0210, -0.2047, 0.0208, 0.0898
0.0635, 0.2165, -0.2662, 0.0210, -0.2047, 0.0272, 0.0495
0.0397, 0.2165, -0.2662, 0.0210, -0.2185, 0.0272, 0.0697
0.0397, 0.2403, -0.2424, 0.0210, -0.2120, 0.0208, 0.0367
0.0635, 0.1413, -0.2662, 0.0488, -0.2047, 0.0272, 0.0568
0.0397, 0.1888, -0.2424, 0.0488, -0.2120, 0.0208, 0.0898
0.0635, 0.2165, -0.2900, 0.0210, -0.2120, 0.0272, 0.0568
0.0159, 0.1888, -0.2662, 0.0488, -0.2120, 0.0272, 0.0431
0.0635, 0.1650, -0.2662, 0.1004, -0.2185, 0.0208, 0.0495
0.0397, 0.2403, -0.2662, -0.0028, -0.2249, 0.0336, 0.0697
0.0397, 0.2165, -0.2662, 0.0488, -0.2120, 0.0208, 0.0632
0.0635, 0.2165, -0.3177, 0.0488, -0.2120, 0.0272, 0.0825
0.0159, 0.2165, -0.2900, 0.0488, -0.2120, 0.0400, 0.0962
0.0635, 0.1650, -0.2662, 0.0726, -0.2047, 0.0208, 0.0367
0.0397, 0.2165, -0.2425, 0.0488, -0.2185, 0.0272, 0.0303
0.0159, 0.2680, -0.2662, 0.1004, -0.2249, 0.0272, 0.0825
0.0635, 0.1888, -0.2662, 0.0210, -0.2047, 0.0272, 0.0367
0.0159, 0.2165, -0.2662, 0.0210, -0.2120, 0.0208, 0.0632
0.0397, 0.1651, -0.2425, 0.0488, -0.2249, 0.0336, 0.0962
0.0397, 0.1888, -0.2900, 0.0210, -0.2120, 0.0336, 0.0568
0.0397, 0.1887, -0.2662, 0.0726, -0.2047, 0.0272, 0.0632
0.0159, 0.1888, -0.2424, 0.0488, -0.2120, 0.0272, 0.0431
0.0397, 0.1651, -0.2424, 0.0210, -0.1983, 0.0336, 0.0898
0.0159, 0.2165, -0.2425, 0.0726, -0.2185, 0.0272, 0.0495
0.0159, 0.1650, -0.2900, 0.0210, -0.2120, 0.0336, 0.0962
0.0397, 0.1650, -0.2662, 0.0488, -0.2120, 0.0272, 0.0632
0.0159, 0.1651, -0.2147, 0.0726, -0.2120, 0.0272, 0.0495
0.0159, 0.2165, -0.2900, 0.0210, -0.2047, 0.0272, 0.0697
-0.0118, 0.1888, -0.3177, 0.0488, -0.1983, 0.0336, 0.0761
0.0913, 0.1888, -0.2900, 0.0210, -0.2120, 0.0400, 0.0697
0.0397, 0.1650, -0.2900, 0.0488, -0.1983, 0.0272, 0.0632
0.0913, 0.1888, -0.2424, 0.1004, -0.2185, 0.0336, 0.0303
0.0397, 0.1888, -0.2662, 0.0726, -0.2120, 0.0336, 0.0367
0.0913, 0.2165, -0.2900, 0.0210, -0.2120, 0.0208, 0.0962
0.0159, 0.1651, -0.2662, 0.0488, -0.2120, 0.0272, 0.0898
0.0397, 0.1887, -0.2424, 0.0726, -0.2120, 0.0272, 0.0431
0.0397, 0.1888, -0.2662, 0.0726, -0.2120, 0.0336, 0.0495
0.0913, 0.2165, -0.2900, 0.0210, -0.2120, 0.0272, 0.0431
0.0397, 0.2402, -0.2424, 0.0488, -0.2185, 0.0336, 0.0632
0.0159, 0.2164, -0.3415, 0.0210, -0.1983, 0.0336, 0.0825
0.0913, 0.1888, -0.2424, 0.1004, -0.2120, 0.0272, 0.0568
0.0635, 0.2403, -0.2147, 0.0210, -0.2120, 0.0272, 0.0431
0.0913, 0.1651, -0.2424, 0.0210, -0.2249, 0.0272, 0.0962
0.0159, 0.2165, -0.2147, 0.0210, -0.2120, 0.0336, 0.0761
0.0159, 0.2165, -0.2424, 0.0488, -0.2120, 0.0336, 0.0825
0.0159, 0.2165, -0.2662, 0.0210, -0.2185, 0.0272, 0.0632
0.0635, 0.2165, -0.2662, 0.0726, -0.2120, 0.0272, 0.0697
0.0635, 0.1650, -0.2425, 0.0210, -0.2120, 0.0400, 0.0697
0.0635, 0.2165, -0.2662, 0.0210, -0.2120, 0.0336, 0.0431
0.0159, 0.2165, -0.2147, 0.0488, -0.2047, 0.0336, 0.1090
0.0397, 0.2165, -0.2147, 0.0488, -0.2185, 0.0400, 0.0367
0.0159, 0.1887, -0.2147, 0.0210, -0.1983, 0.0272, 0.0495
0.0635, 0.1888, -0.2662, 0.0488, -0.2047, 0.0208, 0.0962
0.0397, 0.1651, -0.2424, 0.0488, -0.2047, 0.0272, 0.0632
0.0635, 0.1888, -0.2662, 0.0488, -0.2120, 0.0401, 0.0303
0.0397, 0.1888, -0.2662, 0.0488, -0.2047, 0.0336, 0.0697
0.0159, 0.1650, -0.2662, 0.0726, -0.1983, 0.0336, 0.0898
0.0397, 0.1887, -0.2147, 0.0210, -0.2120, 0.0272, 0.0568
0.0397, 0.2164, -0.2900, 0.1004, -0.2120, 0.0336, 0.0495
0.0635, 0.1888, -0.2662, -0.0028, -0.2047, 0.0272, 0.0367
0.0397, 0.1888, -0.2147, 0.0488, -0.2047, 0.0336, 0.0367
0.0397, 0.1413, -0.2425, 0.0488, -0.2047, 0.0336, 0.0962
0.0397, 0.1888, -0.2662, 0.0210, -0.2185, 0.0336, 0.0962
0.0913, 0.1888, -0.2662, 0.0210, -0.1983, 0.0272, 0.0431
0.0397, 0.1651, -0.2900, 0.0210, -0.2120, 0.0272, 0.0367
0.0635, 0.1651, -0.2662, 0.0488, -0.2120, 0.0208, 0.0632
0.0159, 0.1888, -0.2424, 0.0488, -0.2120, 0.0272, 0.0632
0.0397, 0.2402, -0.2424, 0.0726, -0.2249, 0.0272, 0.0632
0.0635, 0.1888, -0.2662, -0.0028, -0.2047, 0.0272, 0.0761
0.0635, 0.2165, -0.2424, 0.0726, -0.2120, 0.0208, 0.0303
0.0635, 0.1650, -0.2900, 0.0488, -0.2047, 0.0272, 0.0367
0.0397, 0.1651, -0.2662, 0.0210, -0.2120, 0.0208, 0.0825
0.0397, 0.1888, -0.2662, 0.0210, -0.2047, 0.0208, 0.0825
0.0635, 0.2165, -0.2900, 0.0210, -0.2047, 0.0336, 0.0367
0.0159, 0.2403, -0.2662, 0.0210, -0.2047, 0.0336, 0.0495
0.0397, 0.2165, -0.2424, 0.0488, -0.2120, 0.0208, 0.0367
-0.0118, 0.1888, -0.2662, 0.0726, -0.2185, 0.0272, 0.0495
0.0397, 0.2403, -0.2662, 0.0210, -0.2120, 0.0272, 0.0962
0.0635, 0.1888, -0.1909, 0.0488, -0.2185, 0.0208, 0.0495
0.0397, 0.1412, -0.2424, 0.0726, -0.2047, 0.0208, 0.0431
0.0159, 0.1887, -0.2662, 0.0210, -0.2047, 0.0336, 0.1026
0.0635, 0.1888, -0.2900, -0.0028, -0.2047, 0.0336, 0.0495
0.0159, 0.1650, -0.2425, 0.1004, -0.2047, 0.0272, 0.0568
0.0913, 0.2165, -0.3177, -0.0028, -0.2047, 0.0135, 0.0495
0.0913, 0.2164, -0.2424, 0.0488, -0.2120, 0.0272, 0.0825
0.0397, 0.1887, -0.2662, 0.0488, -0.2047, 0.0336, 0.0898
0.0397, 0.1650, -0.2662, 0.0210, -0.2047, 0.0208, 0.1026
0.0913, 0.1888, -0.2147, 0.1004, -0.2047, 0.0272, 0.0367
0.0913, 0.1888, -0.2424, 0.0210, -0.2120, 0.0208, 0.0431
0.0397, 0.1888, -0.2662, 0.0210, -0.2047, 0.0272, 0.0495
0.0397, 0.1888, -0.2662, 0.0488, -0.2047, 0.0208, 0.0697
0.0635, 0.2164, -0.2900, 0.0210, -0.2047, 0.0272, 0.1026
0.0635, 0.1650, -0.2900, 0.0726, -0.2047, 0.0336, 0.0898
0.0397, 0.1650, -0.2424, 0.0210, -0.2047, 0.0336, 0.0367
0.0397, 0.1650, -0.2662, 0.0488, -0.1983, 0.0272, 0.0303
0.0397, 0.2165, -0.2662, 0.0726, -0.2120, 0.0336, 0.0568
0.0635, 0.2165, -0.2662, 0.0488, -0.2120, 0.0272, 0.0632
0.0397, 0.1887, -0.2662, 0.0210, -0.1983, 0.0272, 0.0761
0.0913, 0.2403, -0.2424, 0.0210, -0.1919, 0.0400, 0.0825
-0.0118, 0.2164, -0.2900, 0.0488, -0.1919, 0.0272, 0.0166
0.0159, 0.1887, -0.2900, 0.0210, -0.2185, 0.0272, 0.0431
0.0159, 0.1887, -0.2424, 0.0488, -0.2120, 0.0336, 0.0761
-0.0356, 0.1650, -0.2900, 0.0488, -0.2047, 0.0272, 0.0367
0.0397, 0.1651, -0.2424, 0.0210, -0.2047, 0.0135, 0.0568
0.0397, 0.1651, -0.2424, -0.0028, -0.2047, 0.0336, 0.0568
0.0397, 0.2165, -0.3178, 0.0210, -0.2047, 0.0400, 0.0367
0.0159, 0.2680, -0.2662, 0.0488, -0.1983, 0.0272, 0.0495
0.0397, 0.1888, -0.2662, 0.0488, -0.1983, 0.0336, 0.0962
0.0159, 0.1887, -0.2424, 0.0488, -0.2120, 0.0272, 0.0898
0.0159, 0.1650, -0.2662, -0.0028, -0.2120, 0.0272, 0.0962
-0.0118, 0.2402, -0.2900, 0.0488, -0.2120, 0.0400, 0.0367
0.0397, 0.1650, -0.2662, 0.0726, -0.2120, 0.0272, 0.0697
0.0397, 0.1887, -0.2662, 0.0488, -0.2120, 0.0400, 0.0303
0.0635, 0.1413, -0.2900, 0.0488, -0.2047, 0.0401, 0.0825
0.0397, 0.2165, -0.2662, 0.0210, -0.2047, 0.0272, 0.0761
0.0397, 0.1888, -0.2662, 0.0210, -0.2120, 0.0135, 0.0230
0.0397, 0.2164, -0.2424, 0.0726, -0.1919, 0.0272, 0.0697
0.0159, 0.2165, -0.2662, 0.0210, -0.2047, 0.0208, 0.0431
0.0397, 0.2165, -0.2424, 0.0210, -0.1983, 0.0272, 0.0367
0.0635, 0.1888, -0.2662, 0.0726, -0.2120, 0.0336, 0.0962
0.0159, 0.1888, -0.2424, 0.0210, -0.2120, 0.0272, 0.0962
0.0635, 0.1888, -0.2662, 0.0488, -0.2120, 0.0272, 0.0632
0.0635, 0.1888, -0.3177, 0.0210, -0.2120, 0.0272, 0.0568
0.0397, 0.1650, -0.2662, 0.0488, -0.2047, 0.0272, 0.0495
-0.0118, 0.1888, -0.2424, 0.0488, -0.2185, 0.0272, 0.0431
0.0397, 0.2165, -0.2662, 0.0488, -0.2047, 0.0208, 0.0962
0.0159, 0.1650, -0.2662, 0.0488, -0.2185, 0.0135, 0.0898
0.0635, 0.2165, -0.2424, 0.0488, -0.2185, 0.0272, 0.0495
0.0159, 0.1888, -0.2900, -0.0028, -0.2120, 0.0336, 0.0367
0.0635, 0.1887, -0.2662, 0.0488, -0.2120, 0.0336, 0.0495
0.0397, 0.1888, -0.2424, 0.0488, -0.2120, 0.0336, 0.0431
0.0397, 0.1413, -0.2900, 0.0210, -0.2185, 0.0336, 0.0761
0.0397, 0.1650, -0.2900, 0.0488, -0.2185, 0.0272, 0.0825
0.0635, 0.2679, -0.2662, 0.0726, -0.2047, 0.0272, 0.0303
0.0635, 0.2164, -0.2900, 0.0488, -0.2120, 0.0336, 0.0367
0.0159, 0.1650, -0.2900, -0.0028, -0.2120, 0.0208, 0.0632
0.0397, 0.2164, -0.2900, 0.0210, -0.1983, 0.0400, 0.0697
0.0397, 0.1888, -0.2900, 0.0210, -0.2120, 0.0336, 0.0697
0.0635, 0.1888, -0.2424, 0.0210, -0.2047, 0.0135, 0.0568
0.0635, 0.2164, -0.2662, 0.0488, -0.2047, 0.0208, 0.0367
0.0159, 0.1650, -0.2900, 0.0726, -0.1983, 0.0336, 0.0303
0.0397, 0.1888, -0.2662, 0.0210, -0.2120, 0.0400, 0.0825
0.0397, 0.2165, -0.2662, 0.0726, -0.2047, 0.0272, 0.0825
0.0397, 0.1887, -0.2662, 0.0210, -0.2185, 0.0336, 0.0495
0.0397, 0.2165, -0.2662, 0.1242, -0.2120, 0.0465, 0.0568
0.0397, 0.1888, -0.2662, 0.0210, -0.2047, 0.0336, 0.0632
0.0635, 0.2165, -0.2662, 0.0726, -0.2185, 0.0336, 0.0367
0.0635, 0.2165, -0.2662, 0.0210, -0.1983, 0.0272, 0.0825
0.0635, 0.2165, -0.2147, 0.0726, -0.2047, 0.0336, 0.0303
0.0913, 0.2402, -0.2424, 0.0488, -0.1983, 0.0336, 0.0568
0.0397, 0.1887, -0.2662, 0.0210, -0.2185, 0.0272, 0.0962
0.0635, 0.1887, -0.2424, 0.0210, -0.1983, 0.0400, 0.0495
0.0397, 0.1887, -0.2662, 0.0210, -0.1983, 0.0336, 0.0495
0.0635, 0.1888, -0.2900, 0.0488, -0.2047, 0.0272, 0.0568
0.0635, 0.2165, -0.2900, 0.0210, -0.1983, 0.0208, 0.0568
0.0159, 0.2165, -0.2662, 0.0210, -0.1919, 0.0272, 0.0825
0.0397, 0.2165, -0.2424, 0.0210, -0.2121, 0.0336, 0.0898
0.0397, 0.1887, -0.2662, 0.1004, -0.2120, 0.0272, 0.0303
0.0635, 0.2165, -0.2662, 0.0488, -0.2047, 0.0272, 0.0431
0.0397, 0.1888, -0.2424, 0.0210, -0.2120, 0.0272, 0.0568
0.0397, 0.2165, -0.2662, 0.0488, -0.2185, 0.0208, 0.0632
0.0397, 0.1887, -0.2900, 0.0488, -0.2120, 0.0272, 0.0962
0.0635, 0.1650, -0.2662, 0.0210, -0.2047, 0.0208, 0.0825
0.0397, 0.1650, -0.2662, 0.0488, -0.2185, 0.0208, 0.0431
0.0635, 0.1650, -0.2662, 0.0210, -0.2185, 0.0272, 0.0367
0.0397, 0.1887, -0.2662, 0.0488, -0.2047, 0.0272, 0.0761
0.0635, 0.1412, -0.2424, 0.0488, -0.2185, 0.0208, 0.0761
0.0397, 0.2402, -0.2900, 0.0210, -0.2120, 0.0272, 0.0761
0.0635, 0.1888, -0.2424, 0.1004, -0.2185, 0.0337, 0.0697
0.0397, 0.1887, -0.2900, 0.0210, -0.2047, 0.0272, 0.0367
0.0635, 0.2164, -0.2662, 0.0210, -0.2121, 0.0272, 0.0303
0.0397, 0.1887, -0.2147, 0.0210, -0.2121, 0.0272, 0.0898
0.0397, 0.1650, -0.2424, -0.0028, -0.2185, 0.0336, 0.0825
0.0635, 0.2164, -0.2662, 0.0210, -0.1983, 0.0208, 0.0495
0.0635, 0.1887, -0.2662, 0.0488, -0.2185, 0.0208, 0.0761
0.0635, 0.2164, -0.2662, 0.0726, -0.2120, 0.0465, 0.0367
0.0397, 0.1888, -0.2424, 0.0210, -0.2185, 0.0272, 0.0568
0.0635, 0.1887, -0.3177, 0.0726, -0.2185, 0.0208, 0.0898
0.0397, 0.1887, -0.2662, 0.0488, -0.2120, 0.0208, 0.0495
0.0913, 0.2164, -0.2147, 0.0210, -0.2185, 0.0336, 0.0898
0.0397, 0.2164, -0.2900, 0.0488, -0.2047, 0.0272, 0.0431
0.0397, 0.1650, -0.2900, 0.0488, -0.1919, 0.0208, 0.0431
0.0159, 0.1887, -0.2900, 0.0210, -0.2120, 0.0272, 0.0367
0.0397, 0.1887, -0.2147, 0.0488, -0.2120, 0.0272, 0.0568
0.0635, 0.1650, -0.2424, 0.0726, -0.2047, 0.0272, 0.0495
-0.0118, 0.2165, -0.2900, 0.0488, -0.2047, 0.0208, 0.0825
0.0635, 0.2165, -0.2424, 0.0210, -0.2121, 0.0208, 0.0962
0.0397, 0.2164, -0.2662, 0.0210, -0.2121, 0.0336, 0.0431
0.0159, 0.1650, -0.2662, 0.0488, -0.1983, 0.0208, 0.0367
0.0159, 0.2164, -0.2900, 0.0210, -0.2121, 0.0272, 0.0632
0.0635, 0.1887, -0.2424, 0.0488, -0.2121, 0.0336, 0.0825
0.0159, 0.1650, -0.2662, 0.0210, -0.1983, 0.0336, 0.0632
0.0913, 0.1887, -0.2662, -0.0028, -0.2121, 0.0400, 0.0825
0.0159, 0.1650, -0.2900, 0.0488, -0.2047, 0.0336, 0.0367
0.0635, 0.1887, -0.2424, 0.0488, -0.2121, 0.0336, 0.0495
0.0159, 0.1650, -0.2662, 0.0210, -0.2047, 0.0208, 0.0825
0.0397, 0.1887, -0.2662, 0.0488, -0.2047, 0.0272, 0.0898
0.0397, 0.2402, -0.2900, 0.0210, -0.2120, 0.0272, 0.0431
0.0397, 0.2164, -0.2662, 0.0488, -0.2121, 0.0272, 0.0303
0.0635, 0.1887, -0.2900, 0.0210, -0.2120, 0.0272, 0.0568
0.0635, 0.1412, -0.2662, 0.1004, -0.2047, 0.0208, 0.0632
0.0635, 0.1887, -0.2662, 0.0210, -0.2121, 0.0272, 0.0697
0.0159, 0.1887, -0.2662, -0.0028, -0.2047, 0.0272, 0.0825
0.0913, 0.1412, -0.2662, 0.0488, -0.2121, 0.0135, 0.0303
-0.0118, 0.1887, -0.2662, 0.0210, -0.2047, 0.0336, 0.0495
0.0635, 0.2164, -0.2424, -0.0028, -0.2047, 0.0336, 0.0761
0.0913, 0.2402, -0.2424, 0.0488, -0.2249, 0.0071, 0.0761
0.0397, 0.1887, -0.2662, -0.0028, -0.2121, 0.0272, 0.0761
0.0397, 0.2164, -0.2662, 0.0726, -0.2121, 0.0208, 0.0632
0.0397, 0.2164, -0.2662, 0.0488, -0.2185, 0.0272, 0.0697
0.0397, 0.1887, -0.2900, 0.0210, -0.2120, 0.0272, 0.0761
0.0159, 0.1887, -0.2424, 0.0210, -0.2185, 0.0336, 0.0825
0.0635, 0.2402, -0.2662, 0.0210, -0.1983, 0.0400, 0.0431
0.0159, 0.2164, -0.2424, 0.0488, -0.2120, 0.0336, 0.0898
0.0159, 0.1888, -0.2662, 0.0488, -0.2047, 0.0465, 0.0898
0.0397, 0.2165, -0.2147, -0.0028, -0.2047, 0.0336, 0.0431
0.0397, 0.2402, -0.2662, 0.0488, -0.2047, 0.0272, 0.0495
0.0397, 0.2164, -0.2424, 0.0488, -0.2121, 0.0272, 0.0568
0.0397, 0.1650, -0.2662, 0.0210, -0.2047, 0.0336, 0.0431
0.0635, 0.1887, -0.2662, -0.0028, -0.2185, 0.0272, 0.0898
0.0635, 0.1412, -0.2424, 0.0210, -0.2120, 0.0135, 0.0898
0.0397, 0.1412, -0.2147, 0.0210, -0.2121, 0.0208, 0.0303
0.0159, 0.2164, -0.2662, 0.0210, -0.1983, 0.0208, 0.0431
0.0913, 0.1650, -0.2662, 0.0210, -0.2121, 0.0208, 0.0568
0.0635, 0.2164, -0.2900, 0.0488, -0.1919, 0.0336, 0.0568
0.0913, 0.2164, -0.2900, 0.0210, -0.2047, 0.0400, 0.0495
0.0397, 0.1887, -0.2424, 0.0726, -0.2121, 0.0401, 0.0431
0.0635, 0.1650, -0.2424, 0.0726, -0.2047, 0.0272, 0.0431
0.0159, 0.1412, -0.2662, 0.0210, -0.2047, 0.0272, 0.0495
0.0913, 0.1650, -0.2424, -0.0028, -0.2047, 0.0272, 0.0761
0.0635, 0.1412, -0.2424, 0.0488, -0.2047, 0.0401, 0.0303
0.0159, 0.1650, -0.2662, 0.0210, -0.2185, 0.0272, 0.0632
0.0635, 0.2164, -0.2900, 0.1004, -0.2047, 0.0401, 0.0495
0.0397, 0.2165, -0.2662, 0.0210, -0.2047, 0.0208, 0.0632
0.0159, 0.2164, -0.2662, 0.0210, -0.2185, 0.0272, 0.0495
0.0635, 0.2679, -0.2424, 0.0726, -0.2121, 0.0272, 0.0962
0.0397, 0.1650, -0.2662, -0.0028, -0.2047, 0.0336, 0.0962
0.0159, 0.1887, -0.2662, 0.0210, -0.2121, 0.0336, 0.0367
0.0159, 0.1888, -0.2424, 0.0210, -0.2185, 0.0272, 0.0898
0.0635, 0.2164, -0.2662, 0.0488, -0.1983, 0.0208, 0.0495
0.0397, 0.1412, -0.2900, 0.0488, -0.1983, 0.0272, 0.0367
0.0397, 0.2164, -0.2424, 0.0488, -0.1983, 0.0336, 0.0632
0.0397, 0.1650, -0.2662, 0.0488, -0.2185, 0.0272, 0.0568
0.0397, 0.1650, -0.2900, 0.0210, -0.2121, 0.0272, 0.0898
0.0159, 0.1887, -0.2424, 0.0488, -0.2121, 0.0336, 0.0825
0.0397, 0.1887, -0.2662, -0.0028, -0.2121, 0.0336, 0.0367
0.0635, 0.2402, -0.2424, 0.0488, -0.2047, 0.0208, 0.0367
0.0397, 0.1650, -0.2900, 0.0210, -0.2313, 0.0272, 0.0825
0.0635, 0.1888, -0.2662, 0.0488, -0.1983, 0.0208, 0.0761
0.0635, 0.1888, -0.2424, -0.0028, -0.2185, 0.0272, 0.0568
0.0635, 0.1650, -0.2900, 0.0488, -0.1919, 0.0272, 0.0568
0.0397, 0.1649, -0.2662, 0.0488, -0.2185, 0.0272, 0.0431
0.0635, 0.1650, -0.2424, 0.0488, -0.2185, 0.0272, 0.0431
0.0397, 0.2164, -0.2900, 0.0488, -0.2121, 0.0336, 0.0825
0.0635, 0.2679, -0.2146, -0.0028, -0.2047, 0.0336, 0.0825
0.0397, 0.1887, -0.2662, 0.0488, -0.2121, 0.0272, 0.0367
0.0635, 0.1412, -0.2424, 0.0488, -0.2121, 0.0272, 0.0898
0.0159, 0.1650, -0.2424, 0.0210, -0.2121, 0.0272, 0.0495
0.0397, 0.1887, -0.2147, 0.0488, -0.2047, 0.0336, 0.0761
0.0397, 0.2164, -0.2900, 0.0488, -0.2121, 0.0272, 0.0761
0.0635, 0.2164, -0.2147, 0.0488, -0.2185, 0.0465, 0.0761
0.0397, 0.1650, -0.2662, 0.0488, -0.2121, 0.0401, 0.0367
0.0397, 0.1887, -0.2662, 0.0210, -0.2121, 0.0336, 0.0431
0.0913, 0.1887, -0.2424, 0.0488, -0.2121, 0.0336, 0.0825
0.0159, 0.1887, -0.2662, 0.0488, -0.2121, 0.0272, 0.0303
0.0635, 0.1887, -0.2900, 0.0210, -0.2121, 0.0400, 0.0568
0.0397, 0.2402, -0.2424, 0.0488, -0.2047, 0.0272, 0.0898
0.0397, 0.1887, -0.2900, 0.0488, -0.2121, 0.0336, 0.0303
0.0635, 0.1650, -0.2662, 0.0210, -0.2047, 0.0336, 0.0495
0.0159, 0.2164, -0.2900, 0.0488, -0.2121, 0.0336, 0.0431
0.0635, 0.2165, -0.2662, 0.0488, -0.2121, 0.0272, 0.0962
0.0159, 0.1887, -0.2662, 0.0488, -0.2185, 0.0272, 0.0898
0.0159, 0.2164, -0.2900, 0.0210, -0.2047, 0.0336, 0.0898
0.0635, 0.1887, -0.2662, 0.0488, -0.2249, 0.0272, 0.0431
-0.0356, 0.1650, -0.2900, -0.0028, -0.2185, 0.0336, 0.0431
0.0159, 0.1650, -0.2900, 0.0726, -0.1983, 0.0401, 0.0568
0.0397, 0.1887, -0.2424, 0.0210, -0.2185, 0.0272, 0.0632
0.0159, 0.2165, -0.2424, -0.0028, -0.2047, 0.0272, 0.0825
0.0397, 0.1887, -0.2900, 0.1004, -0.2185, 0.0336, 0.0761
0.0397, 0.2164, -0.2900, 0.0210, -0.2121, 0.0400, 0.0230
0.0159, 0.1650, -0.2900, 0.0488, -0.2121, 0.0208, 0.0367
0.0397, 0.2164, -0.2662, 0.0488, -0.2121, 0.0336, 0.0697
0.0397, 0.1888, -0.2424, 0.0210, -0.1983, 0.0208, 0.0825
0.0397, 0.1650, -0.2662, 0.0210, -0.2121, 0.0272, 0.0495
0.0635, 0.2164, -0.2662, 0.0210, -0.2047, 0.0272, 0.0632
0.0397, 0.1887, -0.2662, 0.0488, -0.2047, 0.0272, 0.0431
0.0635, 0.1887, -0.2424, 0.0210, -0.1983, 0.0272, 0.0495
0.0159, 0.1887, -0.2662, 0.0488, -0.2047, 0.0272, 0.1026
0.0635, 0.1887, -0.2900, 0.0488, -0.2047, 0.0401, 0.0962
0.0635, 0.2164, -0.2900, -0.0028, -0.1983, 0.0272, 0.0431
0.0635, 0.1887, -0.2900, -0.0028, -0.2185, 0.0208, 0.0431
0.0635, 0.1650, -0.2662, 0.0210, -0.2121, 0.0208, 0.0697
0.0913, 0.1650, -0.2424, 0.0210, -0.2185, 0.0272, 0.0367
0.0397, 0.2402, -0.2900, 0.0488, -0.2121, 0.0401, 0.0632
0.0397, 0.2165, -0.2662, 0.0488, -0.2047, 0.0208, 0.0632
0.0635, 0.1412, -0.2424, 0.0726, -0.2047, 0.0272, 0.0761
0.0397, 0.2164, -0.2424, 0.0726, -0.2121, 0.0336, 0.0761
0.0159, 0.1650, -0.2424, 0.0210, -0.1983, 0.0401, 0.0431
0.0159, 0.1887, -0.2424, 0.0210, -0.2185, 0.0336, 0.0962
0.0159, 0.1650, -0.2424, -0.0028, -0.2047, 0.0208, 0.0495
0.0635, 0.1887, -0.2900, -0.0028, -0.2121, 0.0336, 0.0898
0.0635, 0.2402, -0.2662, 0.0488, -0.2121, 0.0336, 0.0568
-0.0118, 0.1887, -0.2662, -0.0028, -0.2185, 0.0208, 0.0431
0.0397, 0.1650, -0.2662, 0.0726, -0.2185, 0.0272, 0.0495
0.0397, 0.1887, -0.2662, 0.0210, -0.2121, 0.0272, 0.0568
0.0159, 0.1650, -0.3177, 0.0210, -0.2185, 0.0336, 0.0962
0.0159, 0.1650, -0.2424, 0.0210, -0.2185, 0.0336, 0.0898
0.0913, 0.1412, -0.2424, 0.0488, -0.2047, 0.0272, 0.0303
0.0397, 0.1650, -0.2662, 0.0210, -0.2121, 0.0336, 0.0431
0.0397, 0.1887, -0.2900, 0.0488, -0.1983, 0.0208, 0.0632
0.0635, 0.1887, -0.2424, 0.0210, -0.2047, 0.0272, 0.0568
0.0397, 0.1887, -0.2424, 0.0210, -0.2047, 0.0272, 0.0898
0.0397, 0.2164, -0.2147, 0.0488, -0.1983, 0.0272, 0.0825
0.0397, 0.1887, -0.2662, 0.0210, -0.2121, 0.0272, 0.0431
0.0397, 0.2164, -0.2662, 0.0488, -0.2047, 0.0272, 0.0825
0.0397, 0.2164, -0.2662, 0.0488, -0.1983, 0.0336, 0.0825
0.0635, 0.2164, -0.2900, 0.0726, -0.2121, 0.0336, 0.0825
0.0635, 0.2164, -0.2662, 0.0210, -0.2121, 0.0272, 0.0568
0.0159, 0.2164, -0.2900, -0.0028, -0.1983, 0.0272, 0.0761
0.0397, 0.2164, -0.2424, 0.0488, -0.2121, 0.0208, 0.0367
0.0159, 0.2164, -0.2662, -0.0028, -0.2185, 0.0272, 0.0431
0.0635, 0.2164, -0.2662, 0.1004, -0.2121, 0.0272, 0.0825
0.0635, 0.1887, -0.2662, 0.0488, -0.2047, 0.0272, 0.0898
0.0635, 0.1887, -0.2147, 0.0488, -0.2121, 0.0336, 0.0898
0.0397, 0.1887, -0.2900, 0.0210, -0.2185, 0.0336, 0.0898
0.0159, 0.1887, -0.2424, 0.0210, -0.1983, 0.0336, 0.0495
0.0397, 0.1887, -0.2900, 0.0488, -0.2121, 0.0336, 0.0431
0.0635, 0.1887, -0.2424, -0.0028, -0.2121, 0.0272, 0.0825
0.0635, 0.1887, -0.2662, 0.0210, -0.2121, 0.0336, 0.0632
0.0635, 0.2164, -0.2424, 0.0210, -0.2121, 0.0400, 0.0431
0.0397, 0.1887, -0.2900, 0.0210, -0.2047, 0.0336, 0.0962
0.0635, 0.1412, -0.2424, 0.0210, -0.2047, 0.0336, 0.0230
0.0397, 0.2164, -0.2662, 0.0488, -0.2047, 0.0272, 0.0367
0.0159, 0.1887, -0.2424, 0.0488, -0.2185, 0.0208, 0.0632
0.0159, 0.1887, -0.2900, 0.0726, -0.2047, 0.0272, 0.0825
0.0159, 0.2164, -0.2662, 0.0726, -0.2121, 0.0272, 0.0568
0.0397, 0.1887, -0.2900, 0.0210, -0.2047, 0.0336, 0.0632
0.0397, 0.1650, -0.2424, 0.0210, -0.1983, 0.0208, 0.0431
0.0635, 0.2402, -0.2900, 0.0488, -0.2185, 0.0400, 0.0431
0.0159, 0.1650, -0.2147, -0.0028, -0.2121, 0.0400, 0.0962
0.0635, 0.1887, -0.2662, 0.0488, -0.2047, 0.0272, 0.0761
0.0397, 0.2164, -0.2662, -0.0028, -0.1983, 0.0135, 0.0495
0.0397, 0.1650, -0.2662, 0.0210, -0.2185, 0.0208, 0.0431
0.0635, 0.1650, -0.2662, 0.0488, -0.2047, 0.0208, 0.0632
0.0397, 0.1650, -0.2662, -0.0266, -0.1983, 0.0336, 0.0568
0.0397, 0.2164, -0.2424, 0.0210, -0.1983, 0.0272, 0.0761
-0.0118, 0.1650, -0.2662, 0.0726, -0.2047, 0.0208, 0.0825
0.0159, 0.2402, -0.2662, 0.0726, -0.1983, 0.0208, 0.0367
0.0635, 0.1650, -0.2662, 0.0210, -0.2185, 0.0336, 0.0303
-0.0118, 0.1887, -0.2424, 0.0210, -0.2185, 0.0272, 0.0697
0.0397, 0.1887, -0.2662, 0.0488, -0.2121, 0.0336, 0.0761
0.0159, 0.1412, -0.2425, 0.0210, -0.2047, 0.0272, 0.0632
0.0397, 0.1887, -0.2662, 0.0210, -0.2047, 0.0336, 0.0825
0.0397, 0.2164, -0.2662, 0.0488, -0.2121, 0.0272, 0.0367
0.0913, 0.1412, -0.2424, 0.0726, -0.2047, 0.0272, 0.0568
-0.0118, 0.2164, -0.2662, 0.0488, -0.2185, 0.0272, 0.0761
0.0913, 0.2165, -0.2147, 0.0488, -0.2249, 0.0208, 0.0898
0.0397, 0.2164, -0.2662, -0.0028, -0.2121, 0.0272, 0.0825
0.0397, 0.1887, -0.2662, 0.0726, -0.1983, 0.0400, 0.0431
0.0635, 0.1887, -0.2899, -0.0028, -0.2047, 0.0208, 0.0431
0.0635, 0.1649, -0.2662, 0.0726, -0.2047, 0.0272, 0.0568
0.0159, 0.1887, -0.2424, 0.0210, -0.2121, 0.0336, 0.0303
0.0397, 0.2402, -0.2662, -0.0028, -0.1983, 0.0336, 0.0367
0.0159, 0.1649, -0.2424, 0.0726, -0.2185, 0.0135, 0.0962
0.0159, 0.1649, -0.2424, 0.0488, -0.2047, 0.0208, 0.0898
0.0635, 0.2164, -0.2662, 0.0488, -0.2185, 0.0272, 0.0303
0.0159, 0.1650, -0.2662, 0.0210, -0.1983, 0.0272, 0.0495
0.0397, 0.2164, -0.2662, 0.0488, -0.2185, 0.0272, 0.0495
0.0397, 0.2164, -0.2662, 0.0488, -0.2121, 0.0336, 0.0568
0.0635, 0.1650, -0.2900, 0.0210, -0.2185, 0.0272, 0.0761
0.0397, 0.2164, -0.2662, 0.0488, -0.2185, 0.0272, 0.0962
0.0397, 0.2164, -0.2662, 0.0488, -0.2047, 0.0336, 0.0303
0.0635, 0.2165, -0.1909, 0.0210, -0.2185, 0.0272, 0.0367
0.0635, 0.1887, -0.3177, 0.0210, -0.2047, 0.0272, 0.0697
0.0159, 0.1887, -0.3177, 0.0488, -0.2121, 0.0272, 0.0697
0.0397, 0.2164, -0.2424, 0.0726, -0.1983, 0.0336, 0.0697
0.0159, 0.1887, -0.2662, 0.1004, -0.1983, 0.0337, 0.0825
0.0159, 0.1887, -0.2424, 0.0210, -0.2047, 0.0272, 0.0431
0.0159, 0.1887, -0.2147, 0.0210, -0.2121, 0.0208, 0.0367
0.0397, 0.1887, -0.2662, 0.0488, -0.2313, 0.0272, 0.0761
0.0159, 0.1650, -0.3177, -0.0028, -0.2047, 0.0272, 0.0761
0.0159, 0.2402, -0.2662, 0.1242, -0.2121, 0.0336, 0.0825
0.0635, 0.2164, -0.2424, 0.0488, -0.2047, 0.0336, 0.0761
0.0635, 0.1887, -0.2662, 0.0488, -0.2047, 0.0272, 0.0761
0.0397, 0.1887, -0.2662, 0.0210, -0.2121, 0.0272, 0.0367
0.0159, 0.2164, -0.2662, 0.0488, -0.2121, 0.0336, 0.0431
0.0397, 0.2164, -0.2900, 0.0210, -0.1983, 0.0272, 0.1026
-0.0118, 0.1887, -0.2662, 0.0210, -0.2121, 0.0336, 0.0495
0.0159, 0.2402, -0.2661, 0.0488, -0.2185, 0.0272, 0.0825
0.0397, 0.2164, -0.2424, 0.0726, -0.2121, 0.0272, 0.0431
-0.0118, 0.1887, -0.2424, 0.0210, -0.2047, 0.0272, 0.0568
-0.0118, 0.1887, -0.2662, 0.0210, -0.1983, 0.0336, 0.0898
0.0159, 0.2164, -0.3177, 0.0210, -0.2121, 0.0272, 0.0367
0.0159, 0.1887, -0.2662, 0.0210, -0.2121, 0.0272, 0.0898
0.0159, 0.1649, -0.2900, 0.0726, -0.2047, 0.0272, 0.0825
0.0397, 0.2164, -0.2662, 0.0210, -0.2047, 0.0272, 0.0568
0.0397, 0.1650, -0.2662, 0.0488, -0.2185, 0.0337, 0.0632
0.0635, 0.2164, -0.2424, 0.0210, -0.2047, 0.0272, 0.0367
0.0397, 0.2164, -0.2662, -0.0266, -0.2185, 0.0272, 0.0431
0.0397, 0.2164, -0.2662, -0.0028, -0.2185, 0.0336, 0.0825
0.0635, 0.2402, -0.2424, 0.0210, -0.2185, 0.0272, 0.0761
0.0397, 0.1887, -0.2424, 0.1004, -0.2047, 0.0272, 0.0495
0.0397, 0.1887, -0.2147, 0.0210, -0.1919, 0.0272, 0.0568
0.0397, 0.1650, -0.2424, 0.0488, -0.2047, 0.0336, 0.0303
0.0913, 0.2402, -0.2662, 0.0488, -0.2047, 0.0272, 0.0632
0.0159, 0.1887, -0.2424, -0.0028, -0.2047, 0.0272, 0.1026
0.0635, 0.2164, -0.2900, 0.0210, -0.1983, 0.0272, 0.0761
0.0913, 0.2402, -0.2900, 0.0210, -0.2047, 0.0272, 0.0495
0.0635, 0.1887, -0.2662, -0.0028, -0.2047, 0.0400, 0.0495
0.0397, 0.1649, -0.2900, 0.1004, -0.2121, 0.0272, 0.0367
-0.0118, 0.1887, -0.2424, 0.0210, -0.2047, 0.0336, 0.0495
0.0397, 0.1650, -0.2662, 0.0488, -0.2185, 0.0272, 0.0962
0.0159, 0.1649, -0.2662, 0.0726, -0.2047, 0.0337, 0.0825
0.0159, 0.1650, -0.2424, 0.0210, -0.1983, 0.0336, 0.0495
0.0635, 0.1650, -0.2424, 0.0488, -0.2121, 0.0336, 0.0898
0.0397, 0.1412, -0.2900, 0.0210, -0.2047, 0.0208, 0.0495
0.0913, 0.2164, -0.2900, 0.0726, -0.2121, 0.0272, 0.0367
0.0635, 0.1887, -0.2662, 0.0210, -0.2121, 0.0272, 0.0761
0.0913, 0.2164, -0.2424, 0.0210, -0.2047, 0.0272, 0.0825
0.0159, 0.2164, -0.2662, 0.0488, -0.2047, 0.0135, 0.0825
0.0397, 0.1887, -0.2424, 0.0726, -0.2121, 0.0336, 0.0367
0.0159, 0.2165, -0.2147, 0.0210, -0.2121, 0.0208, 0.0367
0.0159, 0.2164, -0.2662, 0.0488, -0.2121, 0.0336, 0.0303
0.0635, 0.1887, -0.2662, 0.0210, -0.2121, 0.0208, 0.0697
0.0635, 0.2164, -0.2662, 0.0488, -0.2121, 0.0208, 0.0697
0.0159, 0.1887, -0.2662, 0.0210, -0.2121, 0.0272, 0.0632
0.0159, 0.2164, -0.2662, 0.0488, -0.1983, 0.0336, 0.0697
0.0159, 0.1887, -0.2662, 0.0488, -0.2121, 0.0401, 0.0431
0.0397, 0.1887, -0.2424, 0.0210, -0.2047, 0.0272, 0.0367
0.0159, 0.2402, -0.2424, 0.0210, -0.2185, 0.0272, 0.0761
0.0635, 0.1887, -0.2662, -0.0028, -0.2047, 0.0208, 0.0898
0.0159, 0.1887, -0.2900, 0.0488, -0.2047, 0.0336, 0.0431
0.0397, 0.1649, -0.2662, 0.0726, -0.2121, 0.0337, 0.0495
0.0913, 0.1650, -0.2662, -0.0028, -0.2047, 0.0272, 0.0431
0.0635, 0.2164, -0.2424, 0.0210, -0.2047, 0.0336, 0.0367
0.0159, 0.1887, -0.2662, 0.0488, -0.2121, 0.0208, 0.1026
0.0159, 0.1887, -0.2424, 0.0210, -0.2047, 0.0272, 0.0898
0.0635, 0.2165, -0.1909, 0.0210, -0.2121, 0.0336, 0.0495
0.0635, 0.2164, -0.2900, -0.0266, -0.2121, 0.0272, 0.0367
0.0397, 0.1412, -0.2900, 0.0726, -0.2047, 0.0337, 0.0632
0.0397, 0.2402, -0.2662, 0.0210, -0.2313, 0.0135, 0.0632
0.0159, 0.1650, -0.2424, 0.0726, -0.1983, 0.0337, 0.0898
0.0635, 0.2164, -0.2662, 0.0726, -0.2047, 0.0272, 0.0632
0.0397, 0.2164, -0.2900, 0.0488, -0.2121, 0.0272, 0.0431
0.0397, 0.1887, -0.2662, 0.0726, -0.2121, 0.0336, 0.0230
0.0635, 0.2164, -0.2900, 0.0488, -0.1983, 0.0336, 0.0495
0.0397, 0.2164, -0.2424, 0.0488, -0.2047, 0.0272, 0.0632
0.0635, 0.1650, -0.2424, 0.0210, -0.2185, 0.0336, 0.0632
0.0397, 0.1887, -0.2662, -0.0028, -0.2121, 0.0400, 0.0761
0.0397, 0.2164, -0.2900, 0.0726, -0.2047, 0.0336, 0.0431
0.0159, 0.1887, -0.2424, -0.0028, -0.2047, 0.0272, 0.0697
0.0159, 0.1649, -0.2662, 0.0726, -0.2121, 0.0337, 0.0825
0.0397, 0.1887, -0.2662, 0.0726, -0.2185, 0.0272, 0.0431
0.0397, 0.1887, -0.2424, 0.0488, -0.2121, 0.0208, 0.0761
-0.0118, 0.1887, -0.2662, 0.0726, -0.1983, 0.0272, 0.0761
0.0159, 0.1887, -0.2662, 0.0210, -0.2121, 0.0272, 0.0632
0.0397, 0.1650, -0.2147, 0.0210, -0.2121, 0.0272, 0.0697
0.0635, 0.2164, -0.2662, 0.0726, -0.2121, 0.0272, 0.0431
-0.0118, 0.1650, -0.2424, -0.0028, -0.1983, 0.0272, 0.0367
0.0635, 0.2402, -0.2424, 0.0488, -0.2185, 0.0272, 0.0825
-0.0118, 0.2164, -0.2662, 0.0726, -0.1983, 0.0208, 0.0825
0.0397, 0.1887, -0.2424, 0.0488, -0.2047, 0.0336, 0.0431
0.0635, 0.1887, -0.2662, 0.0210, -0.2185, 0.0272, 0.0495
0.0397, 0.2164, -0.2662, 0.0488, -0.2121, 0.0272, 0.0431
0.0635, 0.1887, -0.2662, 0.0488, -0.1983, 0.0272, 0.0303
0.0635, 0.2164, -0.2424, 0.0488, -0.2185, 0.0400, 0.0898
0.0913, 0.1887, -0.2424, 0.0488, -0.2185, 0.0272, 0.0898
0.0397, 0.1650, -0.2424, 0.0210, -0.1983, 0.0272, 0.0367
0.0397, 0.2402, -0.2424, 0.0488, -0.1983, 0.0272, 0.0962
0.0159, 0.2164, -0.2662, 0.0488, -0.2121, 0.0272, 0.0495
-0.0118, 0.1886, -0.2900, 0.1004, -0.2121, 0.0272, 0.0431
0.0397, 0.2164, -0.2662, 0.0488, -0.2121, 0.0208, 0.0962
0.0397, 0.1649, -0.3177, 0.0488, -0.1983, 0.0208, 0.0825
0.0397, 0.1649, -0.2662, 0.0488, -0.2047, 0.0337, 0.0367
0.0397, 0.1887, -0.2424, 0.0726, -0.2121, 0.0272, 0.0431
0.0159, 0.1887, -0.2900, 0.1004, -0.2047, 0.0465, 0.0632
0.0397, 0.1650, -0.2424, 0.0210, -0.2185, 0.0336, 0.0367
0.0159, 0.2164, -0.2662, -0.0028, -0.2185, 0.0208, 0.0761
0.0397, 0.1887, -0.2662, 0.0726, -0.1983, 0.0336, 0.0568
0.0635, 0.2164, -0.2662, 0.0726, -0.2185, 0.0208, 0.0367
0.0397, 0.1886, -0.2900, 0.0210, -0.2121, 0.0272, 0.0825
0.0397, 0.2164, -0.2662, 0.0726, -0.2121, 0.0401, 0.0431
0.0159, 0.1887, -0.2424, 0.0726, -0.2185, 0.0401, 0.0632
0.0635, 0.1412, -0.2662, -0.0028, -0.2047, 0.0272, 0.0568
0.0159, 0.1886, -0.2662, 0.0726, -0.2047, 0.0401, 0.0825
-0.0118, 0.2164, -0.2662, 0.0210, -0.2047, 0.0208, 0.0825
0.0397, 0.1887, -0.2147, 0.0210, -0.2121, 0.0272, 0.0825
0.0635, 0.2164, -0.3177, 0.0488, -0.2047, 0.0135, 0.0367
0.0397, 0.1887, -0.2900, 0.0210, -0.1983, 0.0272, 0.0431
0.0159, 0.1887, -0.2662, 0.1004, -0.2185, 0.0272, 0.0697
0.0159, 0.1650, -0.2662, 0.0488, -0.2121, 0.0272, 0.0825
0.0159, 0.1412, -0.2662, -0.0028, -0.2047, 0.0336, 0.0568
0.0635, 0.2402, -0.2424, 0.0488, -0.1983, 0.0272, 0.0632
0.0635, 0.1887, -0.2147, 0.0726, -0.2047, 0.0272, 0.0303
0.0397, 0.2164, -0.2662, 0.0488, -0.2185, 0.0272, 0.0495
0.0397, 0.2164, -0.2662, -0.0028, -0.1983, 0.0272, 0.0697
0.0397, 0.2164, -0.2424, 0.0210, -0.2121, 0.0272, 0.0697
0.0159, 0.1888, -0.2424, 0.0726, -0.2047, 0.0336, 0.0697
0.0635, 0.1887, -0.2662, 0.0488, -0.2121, 0.0272, 0.0825
0.0159, 0.2165, -0.2147, 0.0210, -0.1983, 0.0272, 0.0303
0.0635, 0.2164, -0.2662, 0.0210, -0.2121, 0.0208, 0.0367
0.0397, 0.1650, -0.2424, 0.0488, -0.2121, 0.0208, 0.0825
0.0397, 0.2164, -0.2424, 0.0488, -0.2047, 0.0336, 0.0825
0.0159, 0.1412, -0.2424, -0.0266, -0.2121, 0.0208, 0.0431
0.0159, 0.1887, -0.2900, 0.0726, -0.2185, 0.0336, 0.0495
0.0397, 0.1649, -0.2424, 0.0726, -0.2249, 0.0272, 0.0431
0.0397, 0.2164, -0.2424, 0.0210, -0.2121, 0.0272, 0.0495
0.0159, 0.1650, -0.1909, 0.0210, -0.2121, 0.0208, 0.0367
0.0159, 0.1887, -0.2662, 0.0726, -0.1983, 0.0272, 0.0495
0.0397, 0.1887, -0.2662, 0.1004, -0.2121, 0.0272, 0.0761
-0.0356, 0.2402, -0.2662, 0.0210, -0.2121, 0.0400, 0.0962
0.0159, 0.1650, -0.2662, 0.0210, -0.2047, 0.0135, 0.0697
0.0635, 0.1887, -0.2147, 0.0210, -0.1983, 0.0272, 0.0303
0.0635, 0.1887, -0.2424, 0.0726, -0.2121, 0.0272, 0.0825
0.0397, 0.1886, -0.2424, 0.0726, -0.2121, 0.0336, 0.0632
0.0635, 0.1412, -0.2424, 0.0210, -0.2185, 0.0208, 0.0367
0.0635, 0.1649, -0.2900, 0.0210, -0.2047, 0.0336, 0.0825
0.0635, 0.1887, -0.2900, 0.0210, -0.2047, 0.0272, 0.0367
0.0159, 0.1887, -0.2662, 0.0210, -0.2121, 0.0400, 0.0431
0.0913, 0.1887, -0.2662, 0.0210, -0.2047, 0.0208, 0.0825
0.0635, 0.1887, -0.2147, 0.0210, -0.2121, 0.0272, 0.0898
0.0635, 0.2164, -0.3177, -0.0028, -0.2121, 0.0336, 0.0431
0.0397, 0.2164, -0.2662, 0.0726, -0.2047, 0.0272, 0.0632
0.0635, 0.1887, -0.2662, 0.0488, -0.2121, 0.0336, 0.0367
0.0635, 0.1649, -0.2900, 0.0210, -0.2121, 0.0272, 0.0367
0.0397, 0.2402, -0.2424, -0.0028, -0.2047, 0.0272, 0.0825
0.0159, 0.1887, -0.2147, -0.0028, -0.2047, 0.0208, 0.0898
0.0397, 0.1411, -0.2900, 0.0210, -0.2185, 0.0336, 0.0431
0.0635, 0.2401, -0.2424, 0.0726, -0.2047, 0.0336, 0.0568
0.0635, 0.1412, -0.2662, 0.1004, -0.2121, 0.0208, 0.0495
0.0159, 0.2679, -0.2662, 0.0210, -0.1983, 0.0272, 0.0431
0.0159, 0.1887, -0.2424, 0.0210, -0.2047, 0.0336, 0.1026
0.0397, 0.1411, -0.2662, 0.0726, -0.2121, 0.0208, 0.0898
0.0635, 0.2163, -0.2662, 0.0726, -0.2047, 0.0336, 0.0431
0.0635, 0.2164, -0.2424, 0.0488, -0.1983, 0.0208, 0.0367
0.0397, 0.1887, -0.2662, 0.0488, -0.2047, 0.0272, 0.0495
0.0635, 0.2164, -0.3177, -0.0028, -0.2121, 0.0272, 0.0697
0.0397, 0.1887, -0.2424, -0.0266, -0.1919, 0.0272, 0.0697
0.0159, 0.2164, -0.2662, 0.0488, -0.1983, 0.0208, 0.0697
0.0159, 0.1649, -0.2147, 0.0488, -0.2121, 0.0272, 0.0367
0.0397, 0.1887, -0.2662, 0.0488, -0.2121, 0.0208, 0.0632
0.0397, 0.1649, -0.2900, 0.0210, -0.1983, 0.0208, 0.0898
0.0397, 0.1650, -0.2900, -0.0028, -0.2047, 0.0135, 0.1026
0.0159, 0.1649, -0.2900, 0.0488, -0.2121, 0.0272, 0.0898
0.0397, 0.1650, -0.2424, 0.0726, -0.2121, 0.0272, 0.0367
0.0159, 0.1887, -0.2424, -0.0028, -0.2185, 0.0401, 0.0431
0.0159, 0.2164, -0.2424, 0.1004, -0.1983, 0.0208, 0.0431
0.0913, 0.1650, -0.2424, 0.0210, -0.2047, 0.0208, 0.0632
0.0397, 0.1887, -0.2424, 0.0726, -0.2121, 0.0272, 0.0431
0.0159, 0.1887, -0.2424, 0.0210, -0.2185, 0.0272, 0.0962
0.0159, 0.1887, -0.2424, 0.0726, -0.1983, 0.0208, 0.0825
0.0635, 0.2401, -0.2662, 0.0488, -0.2047, 0.0336, 0.0303
0.0635, 0.2164, -0.2147, 0.1004, -0.2121, 0.0208, 0.0367
0.0159, 0.2163, -0.2661, 0.0726, -0.2185, 0.0272, 0.0632
0.0635, 0.1886, -0.2424, 0.0210, -0.1983, 0.0336, 0.0697
0.0397, 0.2164, -0.2424, 0.0210, -0.1983, 0.0272, 0.0632
0.0635, 0.1887, -0.2900, 0.0726, -0.2185, 0.0337, 0.0697
0.0913, 0.1887, -0.2147, 0.0726, -0.2121, 0.0337, 0.0303
0.0397, 0.1649, -0.2662, 0.0726, -0.1919, 0.0272, 0.0367
0.0913, 0.1650, -0.2424, 0.0488, -0.2249, 0.0208, 0.0825
0.0913, 0.2164, -0.2662, -0.0028, -0.2185, 0.0336, 0.0825
0.0159, 0.1649, -0.2900, 0.0726, -0.2121, 0.0272, 0.0761
0.0159, 0.1649, -0.2900, 0.0210, -0.2185, 0.0272, 0.0495
0.0397, 0.1649, -0.2662, 0.0488, -0.1919, 0.0272, 0.0367
0.0635, 0.1886, -0.2424, 0.0488, -0.2047, 0.0336, 0.0367
0.0397, 0.2402, -0.2424, 0.0210, -0.2121, 0.0336, 0.0898
0.0397, 0.1886, -0.2662, 0.0210, -0.2121, 0.0401, 0.0367
0.0159, 0.1412, -0.2424, 0.0488, -0.2047, 0.0272, 0.0431
0.0635, 0.1649, -0.2662, 0.0488, -0.2047, 0.0336, 0.0495
0.0397, 0.1411, -0.2424, 0.0488, -0.2047, 0.0401, 0.0568
0.0397, 0.1649, -0.2424, 0.0210, -0.2047, 0.0208, 0.0495
0.0159, 0.2164, -0.2662, 0.0210, -0.2047, 0.0336, 0.0495
0.0397, 0.2164, -0.2662, 0.0488, -0.2121, 0.0272, 0.0898
0.0635, 0.1650, -0.2662, 0.0210, -0.2121, 0.0272, 0.0431
0.0159, 0.2164, -0.2662, 0.1004, -0.1983, 0.0337, 0.0761
0.0397, 0.1649, -0.2662, 0.0488, -0.1983, 0.0337, 0.0761
0.0397, 0.1887, -0.2662, 0.0488, -0.1983, 0.0208, 0.0367
0.0159, 0.2164, -0.2662, 0.0488, -0.2047, 0.0401, 0.0825
0.0397, 0.2164, -0.2900, 0.0210, -0.2121, 0.0272, 0.0761
0.0397, 0.1887, -0.2424, 0.0210, -0.2047, 0.0272, 0.0761
0.0397, 0.2165, -0.2147, -0.0028, -0.1983, 0.0336, 0.0761
0.0397, 0.2163, -0.2900, 0.0726, -0.2047, 0.0401, 0.0431
0.0397, 0.1649, -0.2424, 0.0726, -0.2047, 0.0208, 0.0166
0.0635, 0.1412, -0.2147, 0.1004, -0.2047, 0.0272, 0.0825
0.0635, 0.2164, -0.2662, 0.0210, -0.1983, 0.0272, 0.0761
0.0635, 0.1649, -0.2424, 0.1004, -0.2121, 0.0336, 0.0568
0.0397, 0.1887, -0.2424, 0.0488, -0.2121, 0.0336, 0.0632
0.0913, 0.2164, -0.2662, 0.0210, -0.1983, 0.0336, 0.0431
0.0397, 0.1649, -0.2900, -0.0028, -0.2121, 0.0272, 0.0431
0.0635, 0.1887, -0.2424, 0.0488, -0.2121, 0.0208, 0.0761
0.0159, 0.1887, -0.2424, 0.0210, -0.2121, 0.0208, 0.0898
0.0635, 0.2164, -0.2662, 0.0726, -0.2121, 0.0272, 0.0632
0.0635, 0.1887, -0.2662, 0.1004, -0.1919, 0.0208, 0.0761
0.0635, 0.2163, -0.2662, 0.0726, -0.2185, 0.0336, 0.0431
0.0635, 0.1649, -0.2900, 0.0210, -0.2047, 0.0208, 0.0632
0.0159, 0.1886, -0.2424, 0.0726, -0.1919, 0.0208, 0.1026
0.0397, 0.2401, -0.2900, 0.0488, -0.2047, 0.0272, 0.0898
0.0635, 0.1886, -0.2662, 0.0726, -0.1919, 0.0336, 0.0367
0.0397, 0.1649, -0.2900, -0.0028, -0.2185, 0.0272, 0.0495
0.0397, 0.1887, -0.2662, 0.1004, -0.2121, 0.0337, 0.0431
0.0397, 0.2402, -0.2146, 0.0488, -0.2047, 0.0336, 0.0495
0.0913, 0.2164, -0.2662, 0.0726, -0.2121, 0.0272, 0.0825
0.0397, 0.1649, -0.2662, 0.0488, -0.1983, 0.0336, 0.0367
0.0635, 0.1887, -0.2662, 0.0488, -0.2121, 0.0272, 0.0367
0.0397, 0.2164, -0.2662, 0.0210, -0.2121, 0.0336, 0.0495
0.0397, 0.1650, -0.2662, 0.0210, -0.2121, 0.0336, 0.0568
0.0159, 0.1886, -0.2662, 0.0726, -0.2121, 0.0336, 0.0431
-0.0356, 0.2164, -0.2900, -0.0028, -0.2047, 0.0208, 0.0367
0.0159, 0.2164, -0.2662, 0.0210, -0.2121, 0.0272, 0.0962
0.0397, 0.2164, -0.2900, 0.0210, -0.2047, 0.0272, 0.0495
-0.0118, 0.1887, -0.1909, 0.0488, -0.2185, 0.0272, 0.0898
0.0397, 0.1650, -0.2147, 0.0488, -0.2121, 0.0208, 0.0632
0.0635, 0.2164, -0.2424, 0.0488, -0.1983, 0.0208, 0.0431
0.0159, 0.1650, -0.2662, 0.0488, -0.2121, 0.0272, 0.0568
0.0159, 0.2164, -0.2662, 0.0726, -0.2047, 0.0336, 0.0431
-0.0118, 0.2164, -0.2662, 0.0488, -0.2121, 0.0336, 0.0825
0.0159, 0.1887, -0.2662, -0.0028, -0.2121, 0.0272, 0.0825
0.0397, 0.1649, -0.2662, 0.0210, -0.2121, 0.0336, 0.0898
0.0397, 0.2401, -0.2899, 0.0488, -0.2249, 0.0400, 0.0367
0.0397, 0.1886, -0.2424, 0.0488, -0.2047, 0.0336, 0.0568
0.0635, 0.2164, -0.2146, 0.0210, -0.2047, 0.0336, 0.0495
-0.0118, 0.1886, -0.3177, -0.0028, -0.2185, 0.0208, 0.0825
0.0635, 0.1649, -0.2662, 0.0488, -0.2047, 0.0208, 0.0962
0.0397, 0.2164, -0.2900, -0.0028, -0.2121, 0.0336, 0.0367
0.0159, 0.2164, -0.2662, 0.0488, -0.1983, 0.0272, 0.0431
0.0635, 0.1887, -0.2424, -0.0266, -0.2047, 0.0401, 0.0431
0.0397, 0.1650, -0.2662, 0.0210, -0.1983, 0.0336, 0.0568
-0.0118, 0.1887, -0.2662, 0.0488, -0.2121, 0.0337, 0.0825
0.0159, 0.1887, -0.2900, 0.0488, -0.2121, 0.0337, 0.0825
0.0635, 0.1886, -0.2900, 0.0210, -0.2185, 0.0135, 0.0367
0.0397, 0.1887, -0.2424, 0.0210, -0.2121, 0.0208, 0.0431
0.0397, 0.1649, -0.2662, 0.0210, -0.2121, 0.0208, 0.0761
0.0635, 0.2164, -0.2662, 0.0726, -0.1983, 0.0208, 0.0825
0.0397, 0.1886, -0.2662, 0.0488, -0.2047, 0.0336, 0.0568
0.0397, 0.1887, -0.2147, 0.0210, -0.2121, 0.0272, 0.0495
0.0159, 0.1886, -0.2662, 0.0488, -0.2047, 0.0401, 0.0367
0.0913, 0.1886, -0.2662, 0.0726, -0.2047, 0.0272, 0.0697
0.0397, 0.1887, -0.2424, 0.0210, -0.2121, 0.0272, 0.0898
-0.0118, 0.1649, -0.2662, 0.0210, -0.1983, 0.0208, 0.0367
0.0159, 0.2678, -0.2899, 0.0210, -0.2047, 0.0208, 0.0431
0.0397, 0.2164, -0.2662, 0.0210, -0.2047, 0.0208, 0.0431
0.0159, 0.2164, -0.2662, 0.0488, -0.2121, 0.0272, 0.0431
0.0397, 0.1887, -0.2900, 0.0726, -0.2121, 0.0208, 0.0761
0.0159, 0.1649, -0.2662, 0.0210, -0.2121, 0.0208, 0.0495
-0.0118, 0.1887, -0.2424, 0.0210, -0.2047, 0.0336, 0.0632
0.0913, 0.1649, -0.2147, 0.0210, -0.2121, 0.0272, 0.0825
0.0159, 0.1887, -0.2424, 0.0488, -0.2121, 0.0272, 0.0825
-0.0118, 0.1887, -0.2662, 0.0726, -0.1983, 0.0272, 0.0303
-0.0118, 0.1887, -0.2900, 0.0210, -0.2121, 0.0272, 0.0303
0.0635, 0.1887, -0.2424, 0.1242, -0.2047, 0.0337, 0.0761
0.0635, 0.1887, -0.2147, 0.0210, -0.1919, 0.0336, 0.0632
0.0635, 0.1887, -0.2424, 0.0210, -0.1983, 0.0208, 0.0825
0.0913, 0.2164, -0.2900, 0.0210, -0.2185, 0.0336, 0.0825
0.0635, 0.1887, -0.2147, 0.0488, -0.2047, 0.0272, 0.0303
0.0397, 0.1412, -0.2424, 0.0210, -0.2121, 0.0272, 0.0367
0.0635, 0.1886, -0.2662, 0.0488, -0.2121, 0.0272, 0.0761
0.0913, 0.1886, -0.2900, 0.0210, -0.2121, 0.0208, 0.0632
0.0397, 0.1886, -0.2662, 0.0210, -0.2185, 0.0135, 0.0761
0.0159, 0.1649, -0.2662, 0.0726, -0.2047, 0.0272, 0.0761
0.0397, 0.1886, -0.2662, 0.0488, -0.2185, 0.0272, 0.0303
-0.0118, 0.1887, -0.2424, 0.0210, -0.2121, 0.0272, 0.0431
0.0397, 0.1886, -0.2662, 0.0488, -0.2121, 0.0272, 0.0825
0.0635, 0.1887, -0.2424, 0.0210, -0.1983, 0.0272, 0.0367
-0.0118, 0.1886, -0.2662, 0.0210, -0.2047, 0.0272, 0.0632
0.0159, 0.2401, -0.2662, 0.0488, -0.1983, 0.0135, 0.0632
0.0397, 0.1649, -0.2662, 0.0210, -0.2047, 0.0272, 0.0431
0.0397, 0.2401, -0.2424, 0.0726, -0.2121, 0.0336, 0.0303
0.0159, 0.1649, -0.2662, 0.0488, -0.2121, 0.0208, 0.0761
0.0397, 0.1411, -0.3177, 0.0488, -0.2121, 0.0208, 0.0697
0.0159, 0.2164, -0.2662, 0.0210, -0.2121, 0.0336, 0.0697
0.0397, 0.2164, -0.2662, 0.0210, -0.2121, 0.0336, 0.0697
0.0635, 0.2164, -0.2662, 0.0210, -0.1983, 0.0272, 0.0367
0.0159, 0.1886, -0.2900, 0.0488, -0.2121, 0.0336, 0.0898
0.0159, 0.2164, -0.2424, 0.0210, -0.2121, 0.0272, 0.0632
