-0.0074, -0.0031, -0.0190, -0.0017, 0.0024, -0.0000
-0.0113, -0.0030, -0.0240, -0.0019, 0.0038, 0.0000
-0.0135, -0.0010, -0.0277, -0.0013, 0.0045, 0.0001
-0.0123, 0.0022, -0.0276, -0.0002, 0.0039, 0.0001
-0.0099, 0.0054, -0.0194, 0.0008, 0.0030, 0.0000
-0.0069, 0.0068, -0.0043, 0.0010, 0.0021, 0.0000
-0.0034, 0.0088, 0.0133, 0.0015, 0.0012, -0.0000
-0.0045, 0.0121, 0.0258, 0.0023, 0.0021, -0.0001
-0.0112, 0.0138, 0.0285, 0.0025, 0.0050, -0.0002
-0.0172, 0.0141, 0.0258, 0.0023, 0.0076, -0.0002
-0.0196, 0.0179, 0.0243, 0.0034, 0.0087, -0.0003
-0.0205, 0.0251, 0.0260, 0.0059, 0.0092, -0.0004
-0.0219, 0.0291, 0.0280, 0.0071, 0.0099, -0.0005
-0.0245, 0.0275, 0.0266, 0.0061, 0.0110, -0.0004
-0.0266, 0.0238, 0.0227, 0.0041, 0.0117, -0.0002
-0.0271, 0.0189, 0.0205, 0.0017, 0.0119, 0.0001
-0.0271, 0.0114, 0.0221, -0.0019, 0.0119, 0.0006
-0.0274, 0.0034, 0.0258, -0.0058, 0.0121, 0.0011
-0.0280, -0.0038, 0.0305, -0.0094, 0.0125, 0.0016
-0.0277, -0.0112, 0.0384, -0.0132, 0.0125, 0.0021
-0.0275, -0.0188, 0.0476, -0.0170, 0.0127, 0.0026
-0.0284, -0.0270, 0.0536, -0.0211, 0.0131, 0.0032
-0.0276, -0.0331, 0.0590, -0.0243, 0.0129, 0.0036
-0.0221, -0.0327, 0.0658, -0.0248, 0.0107, 0.0040
-0.0114, -0.0265, 0.0722, -0.0227, 0.0065, 0.0041
0.0004, -0.0187, 0.0760, -0.0200, 0.0016, 0.0041
0.0096, -0.0124, 0.0780, -0.0178, -0.0022, 0.0041
0.0170, -0.0081, 0.0805, -0.0164, -0.0052, 0.0040
0.0249, -0.0055, 0.0828, -0.0155, -0.0085, 0.0039
0.0328, -0.0037, 0.0828, -0.0149, -0.0118, 0.0038
0.0386, -0.0020, 0.0792, -0.0144, -0.0143, 0.0038
0.0424, -0.0002, 0.0726, -0.0139, -0.0162, 0.0039
0.0439, 0.0015, 0.0648, -0.0135, -0.0171, 0.0041
0.0447, 0.0029, 0.0582, -0.0132, -0.0177, 0.0043
0.0470, 0.0056, 0.0549, -0.0125, -0.0189, 0.0045
0.0489, 0.0106, 0.0529, -0.0108, -0.0198, 0.0047
0.0488, 0.0162, 0.0495, -0.0089, -0.0200, 0.0049
0.0491, 0.0208, 0.0451, -0.0073, -0.0204, 0.0050
0.0525, 0.0266, 0.0430, -0.0051, -0.0220, 0.0049
0.0580, 0.0345, 0.0441, -0.0020, -0.0243, 0.0047
0.0626, 0.0443, 0.0455, 0.0018, -0.0264, 0.0044
0.0640, 0.0533, 0.0444, 0.0053, -0.0270, 0.0042
0.0618, 0.0571, 0.0434, 0.0066, -0.0262, 0.0039
0.0581, 0.0564, 0.0439, 0.0061, -0.0248, 0.0037
0.0537, 0.0555, 0.0428, 0.0054, -0.0230, 0.0036
0.0458, 0.0555, 0.0382, 0.0051, -0.0200, 0.0034
0.0350, 0.0558, 0.0296, 0.0048, -0.0160, 0.0034
0.0266, 0.0560, 0.0187, 0.0047, -0.0130, 0.0033
0.0225, 0.0561, 0.0090, 0.0046, -0.0118, 0.0032
0.0200, 0.0551, 0.0029, 0.0041, -0.0111, 0.0032
0.0184, 0.0514, 0.0003, 0.0025, -0.0107, 0.0033
0.0174, 0.0466, -0.0026, 0.0004, -0.0105, 0.0035
0.0142, 0.0432, -0.0135, -0.0011, -0.0096, 0.0037
0.0089, 0.0394, -0.0301, -0.0028, -0.0080, 0.0038
0.0041, 0.0333, -0.0426, -0.0055, -0.0065, 0.0040
0.0010, 0.0253, -0.0493, -0.0089, -0.0054, 0.0041
-0.0011, 0.0165, -0.0519, -0.0126, -0.0047, 0.0042
-0.0018, 0.0088, -0.0509, -0.0159, -0.0044, 0.0041
-0.0007, 0.0031, -0.0499, -0.0183, -0.0048, 0.0041
-0.0006, -0.0012, -0.0522, -0.0202, -0.0050, 0.0040
-0.0024, -0.0050, -0.0555, -0.0220, -0.0044, 0.0039
-0.0039, -0.0080, -0.0576, -0.0235, -0.0039, 0.0040
-0.0040, -0.0094, -0.0611, -0.0244, -0.0041, 0.0041
-0.0023, -0.0077, -0.0669, -0.0239, -0.0050, 0.0043
-0.0008, -0.0043, -0.0735, -0.0228, -0.0059, 0.0045
-0.0011, -0.0024, -0.0802, -0.0223, -0.0060, 0.0047
-0.0023, -0.0026, -0.0866, -0.0226, -0.0057, 0.0049
-0.0032, -0.0036, -0.0920, -0.0233, -0.0056, 0.0052
-0.0022, -0.0025, -0.0959, -0.0231, -0.0061, 0.0055
-0.0010, 0.0011, -0.0989, -0.0219, -0.0067, 0.0057
-0.0032, 0.0067, -0.1023, -0.0199, -0.0060, 0.0059
-0.0065, 0.0128, -0.1039, -0.0178, -0.0047, 0.0060
-0.0037, 0.0178, -0.1014, -0.0161, -0.0058, 0.0061
0.0059, 0.0221, -0.0970, -0.0144, -0.0097, 0.0061
0.0162, 0.0275, -0.0928, -0.0123, -0.0139, 0.0061
0.0207, 0.0324, -0.0910, -0.0104, -0.0158, 0.0060
0.0199, 0.0360, -0.0914, -0.0090, -0.0156, 0.0060
0.0182, 0.0407, -0.0920, -0.0072, -0.0150, 0.0059
0.0159, 0.0443, -0.0940, -0.0058, -0.0142, 0.0057
0.0137, 0.0424, -0.0970, -0.0066, -0.0134, 0.0057
0.0130, 0.0369, -0.0973, -0.0089, -0.0132, 0.0058
0.0127, 0.0313, -0.0951, -0.0112, -0.0130, 0.0059
0.0129, 0.0285, -0.0930, -0.0124, -0.0131, 0.0060
0.0154, 0.0297, -0.0906, -0.0120, -0.0141, 0.0061
0.0193, 0.0329, -0.0912, -0.0108, -0.0158, 0.0062
0.0216, 0.0350, -0.0977, -0.0099, -0.0171, 0.0063
0.0228, 0.0357, -0.1048, -0.0095, -0.0179, 0.0063
0.0240, 0.0358, -0.1064, -0.0094, -0.0186, 0.0062
0.0250, 0.0360, -0.1038, -0.0092, -0.0190, 0.0061
0.0272, 0.0357, -0.0977, -0.0094, -0.0198, 0.0059
0.0308, 0.0333, -0.0886, -0.0103, -0.0210, 0.0057
0.0339, 0.0302, -0.0790, -0.0116, -0.0221, 0.0055
0.0380, 0.0281, -0.0672, -0.0125, -0.0235, 0.0053
0.0441, 0.0262, -0.0522, -0.0134, -0.0256, 0.0051
0.0515, 0.0232, -0.0362, -0.0147, -0.0281, 0.0049
0.0582, 0.0181, -0.0213, -0.0169, -0.0304, 0.0048
0.0625, 0.0127, -0.0131, -0.0192, -0.0319, 0.0047
0.0651, 0.0080, -0.0128, -0.0211, -0.0328, 0.0047
0.0692, 0.0024, -0.0160, -0.0233, -0.0345, 0.0047
0.0731, -0.0035, -0.0215, -0.0255, -0.0361, 0.0047
0.0742, -0.0074, -0.0309, -0.0270, -0.0367, 0.0048
0.0745, -0.0078, -0.0429, -0.0271, -0.0371, 0.0049
0.0751, -0.0044, -0.0511, -0.0257, -0.0376, 0.0050
0.0737, 0.0008, -0.0548, -0.0238, -0.0372, 0.0051
0.0672, 0.0041, -0.0601, -0.0226, -0.0347, 0.0052
0.0546, 0.0022, -0.0690, -0.0237, -0.0298, 0.0054
0.0392, -0.0044, -0.0780, -0.0266, -0.0237, 0.0056
0.0259, -0.0111, -0.0854, -0.0295, -0.0184, 0.0057
0.0159, -0.0148, -0.0939, -0.0311, -0.0145, 0.0057
0.0083, -0.0154, -0.1039, -0.0314, -0.0117, 0.0057
0.0044, -0.0148, -0.1130, -0.0311, -0.0103, 0.0055
0.0036, -0.0137, -0.1205, -0.0306, -0.0102, 0.0053
0.0055, -0.0106, -0.1245, -0.0293, -0.0112, 0.0051
0.0094, -0.0077, -0.1232, -0.0280, -0.0128, 0.0050
0.0135, -0.0044, -0.1180, -0.0267, -0.0145, 0.0048
0.0166, 0.0024, -0.1113, -0.0240, -0.0157, 0.0046
0.0189, 0.0098, -0.1048, -0.0210, -0.0166, 0.0044
0.0222, 0.0151, -0.0991, -0.0188, -0.0179, 0.0043
0.0254, 0.0181, -0.0943, -0.0175, -0.0192, 0.0042
0.0273, 0.0205, -0.0894, -0.0165, -0.0200, 0.0042
0.0293, 0.0245, -0.0850, -0.0148, -0.0208, 0.0041
0.0300, 0.0302, -0.0844, -0.0124, -0.0212, 0.0040
0.0274, 0.0364, -0.0859, -0.0098, -0.0204, 0.0038
0.0230, 0.0419, -0.0852, -0.0076, -0.0188, 0.0036
0.0211, 0.0446, -0.0828, -0.0066, -0.0180, 0.0034
0.0240, 0.0443, -0.0793, -0.0067, -0.0192, 0.0032
0.0277, 0.0415, -0.0745, -0.0078, -0.0206, 0.0030
0.0273, 0.0355, -0.0710, -0.0103, -0.0203, 0.0029
0.0256, 0.0276, -0.0693, -0.0135, -0.0194, 0.0028
0.0242, 0.0217, -0.0717, -0.0157, -0.0188, 0.0027
0.0209, 0.0183, -0.0770, -0.0170, -0.0175, 0.0025
0.0164, 0.0157, -0.0800, -0.0180, -0.0157, 0.0024
0.0121, 0.0142, -0.0813, -0.0186, -0.0139, 0.0023
0.0077, 0.0134, -0.0838, -0.0189, -0.0122, 0.0023
0.0035, 0.0122, -0.0878, -0.0194, -0.0106, 0.0024
0.0008, 0.0099, -0.0923, -0.0203, -0.0096, 0.0026
0.0008, 0.0061, -0.0972, -0.0218, -0.0097, 0.0029
0.0021, 0.0030, -0.1043, -0.0230, -0.0105, 0.0033
0.0027, 0.0015, -0.1136, -0.0236, -0.0111, 0.0037
0.0037, 0.0003, -0.1230, -0.0241, -0.0118, 0.0042
0.0071, -0.0002, -0.1284, -0.0244, -0.0134, 0.0046
0.0123, -0.0002, -0.1281, -0.0244, -0.0156, 0.0050
0.0146, -0.0008, -0.1252, -0.0247, -0.0165, 0.0052
0.0132, -0.0026, -0.1211, -0.0256, -0.0158, 0.0054
0.0130, -0.0047, -0.1155, -0.0266, -0.0155, 0.0055
0.0151, -0.0057, -0.1128, -0.0270, -0.0163, 0.0056
0.0167, -0.0081, -0.1159, -0.0279, -0.0170, 0.0056
0.0175, -0.0125, -0.1224, -0.0295, -0.0174, 0.0056
0.0201, -0.0138, -0.1294, -0.0298, -0.0186, 0.0056
0.0243, -0.0095, -0.1350, -0.0279, -0.0205, 0.0056
0.0274, -0.0038, -0.1394, -0.0256, -0.0220, 0.0057
0.0279, -0.0002, -0.1458, -0.0242, -0.0224, 0.0059
0.0261, 0.0022, -0.1534, -0.0233, -0.0220, 0.0062
0.0230, 0.0034, -0.1594, -0.0229, -0.0211, 0.0065
0.0202, 0.0046, -0.1614, -0.0226, -0.0201, 0.0067
0.0207, 0.0118, -0.1589, -0.0198, -0.0204, 0.0067
0.0254, 0.0249, -0.1541, -0.0146, -0.0224, 0.0066
0.0315, 0.0367, -0.1474, -0.0099, -0.0250, 0.0065
0.0361, 0.0434, -0.1392, -0.0071, -0.0268, 0.0062
0.0381, 0.0444, -0.1319, -0.0066, -0.0275, 0.0060
0.0401, 0.0425, -0.1269, -0.0072, -0.0283, 0.0058
0.0436, 0.0419, -0.1241, -0.0073, -0.0297, 0.0056
0.0465, 0.0420, -0.1205, -0.0072, -0.0309, 0.0053
0.0440, 0.0421, -0.1143, -0.0072, -0.0297, 0.0050
0.0357, 0.0412, -0.1087, -0.0077, -0.0262, 0.0047
0.0253, 0.0377, -0.1088, -0.0093, -0.0220, 0.0046
0.0145, 0.0340, -0.1148, -0.0108, -0.0177, 0.0045
0.0058, 0.0345, -0.1215, -0.0108, -0.0144, 0.0045
0.0017, 0.0382, -0.1256, -0.0094, -0.0129, 0.0045
0.0013, 0.0395, -0.1259, -0.0090, -0.0128, 0.0047
0.0009, 0.0350, -0.1247, -0.0110, -0.0126, 0.0049
-0.0019, 0.0250, -0.1251, -0.0151, -0.0114, 0.0052
-0.0062, 0.0141, -0.1257, -0.0196, -0.0097, 0.0056
-0.0099, 0.0066, -0.1236, -0.0228, -0.0081, 0.0059
-0.0112, 0.0051, -0.1178, -0.0235, -0.0075, 0.0060
-0.0104, 0.0101, -0.1117, -0.0216, -0.0076, 0.0060
-0.0079, 0.0180, -0.1095, -0.0184, -0.0087, 0.0058
-0.0038, 0.0243, -0.1124, -0.0156, -0.0105, 0.0056
-0.0018, 0.0258, -0.1203, -0.0148, -0.0115, 0.0055
-0.0049, 0.0224, -0.1284, -0.0159, -0.0104, 0.0055
-0.0107, 0.0181, -0.1336, -0.0175, -0.0081, 0.0056
-0.0148, 0.0159, -0.1374, -0.0183, -0.0066, 0.0057
-0.0138, 0.0146, -0.1375, -0.0188, -0.0070, 0.0059
-0.0086, 0.0135, -0.1334, -0.0192, -0.0091, 0.0062
-0.0018, 0.0111, -0.1270, -0.0202, -0.0118, 0.0065
0.0053, 0.0066, -0.1202, -0.0221, -0.0146, 0.0068
0.0121, 0.0026, -0.1147, -0.0238, -0.0174, 0.0072
0.0205, -0.0002, -0.1070, -0.0249, -0.0207, 0.0075
0.0302, -0.0039, -0.0969, -0.0264, -0.0245, 0.0078
0.0364, -0.0079, -0.0892, -0.0281, -0.0270, 0.0081
0.0381, -0.0098, -0.0854, -0.0290, -0.0277, 0.0084
0.0407, -0.0075, -0.0834, -0.0281, -0.0289, 0.0085
0.0465, -0.0030, -0.0806, -0.0263, -0.0313, 0.0086
0.0513, -0.0011, -0.0764, -0.0256, -0.0333, 0.0086
0.0557, -0.0021, -0.0706, -0.0261, -0.0349, 0.0085
0.0634, -0.0029, -0.0634, -0.0264, -0.0379, 0.0085
0.0734, -0.0007, -0.0559, -0.0254, -0.0419, 0.0084
0.0845, 0.0063, -0.0474, -0.0225, -0.0463, 0.0082
0.0962, 0.0151, -0.0402, -0.0188, -0.0510, 0.0081
0.1064, 0.0212, -0.0378, -0.0163, -0.0551, 0.0081
0.1142, 0.0241, -0.0393, -0.0150, -0.0584, 0.0082
0.1185, 0.0259, -0.0422, -0.0143, -0.0603, 0.0084
0.1182, 0.0268, -0.0463, -0.0140, -0.0603, 0.0085
0.1144, 0.0250, -0.0515, -0.0148, -0.0589, 0.0086
0.1078, 0.0203, -0.0581, -0.0167, -0.0563, 0.0087
0.0984, 0.0143, -0.0659, -0.0192, -0.0526, 0.0087
0.0878, 0.0099, -0.0732, -0.0211, -0.0484, 0.0087
0.0778, 0.0080, -0.0811, -0.0219, -0.0445, 0.0087
0.0690, 0.0068, -0.0906, -0.0223, -0.0411, 0.0086
0.0621, 0.0058, -0.0992, -0.0227, -0.0385, 0.0085
0.0561, 0.0053, -0.1078, -0.0228, -0.0362, 0.0084
0.0462, 0.0040, -0.1179, -0.0235, -0.0324, 0.0084
0.0313, 0.0008, -0.1273, -0.0250, -0.0265, 0.0086
0.0171, -0.0028, -0.1333, -0.0267, -0.0208, 0.0088
0.0087, -0.0041, -0.1356, -0.0275, -0.0174, 0.0090
0.0050, -0.0020, -0.1356, -0.0268, -0.0159, 0.0091
0.0034, 0.0007, -0.1333, -0.0258, -0.0153, 0.0091
0.0031, 0.0024, -0.1291, -0.0253, -0.0150, 0.0093
0.0039, 0.0053, -0.1247, -0.0244, -0.0153, 0.0093
0.0057, 0.0089, -0.1214, -0.0230, -0.0160, 0.0093
0.0074, 0.0114, -0.1176, -0.0221, -0.0166, 0.0092
0.0093, 0.0126, -0.1129, -0.0216, -0.0173, 0.0091
0.0129, 0.0135, -0.1088, -0.0212, -0.0188, 0.0089
0.0172, 0.0146, -0.1056, -0.0207, -0.0205, 0.0087
0.0210, 0.0143, -0.1039, -0.0208, -0.0220, 0.0085
0.0231, 0.0106, -0.1044, -0.0221, -0.0229, 0.0083
0.0205, 0.0041, -0.1039, -0.0247, -0.0218, 0.0082
0.0174, -0.0026, -0.1009, -0.0274, -0.0204, 0.0082
0.0175, -0.0071, -0.0991, -0.0293, -0.0205, 0.0083
0.0174, -0.0102, -0.1008, -0.0305, -0.0206, 0.0084
0.0171, -0.0148, -0.1038, -0.0324, -0.0206, 0.0086
0.0185, -0.0200, -0.1053, -0.0344, -0.0213, 0.0088
0.0183, -0.0231, -0.1073, -0.0357, -0.0214, 0.0089
0.0157, -0.0249, -0.1103, -0.0365, -0.0206, 0.0090
0.0141, -0.0250, -0.1111, -0.0365, -0.0200, 0.0090
0.0126, -0.0220, -0.1115, -0.0353, -0.0196, 0.0089
0.0097, -0.0178, -0.1130, -0.0337, -0.0186, 0.0087
0.0076, -0.0160, -0.1142, -0.0330, -0.0178, 0.0085
0.0073, -0.0170, -0.1132, -0.0335, -0.0177, 0.0083
0.0104, -0.0186, -0.1084, -0.0341, -0.0188, 0.0080
0.0163, -0.0179, -0.1030, -0.0338, -0.0212, 0.0077
0.0216, -0.0130, -0.0998, -0.0318, -0.0233, 0.0075
0.0249, -0.0038, -0.1001, -0.0282, -0.0248, 0.0072
0.0257, 0.0079, -0.1030, -0.0235, -0.0253, 0.0069
0.0271, 0.0193, -0.1028, -0.0191, -0.0260, 0.0066
0.0320, 0.0286, -0.0979, -0.0155, -0.0280, 0.0064
0.0381, 0.0351, -0.0943, -0.0129, -0.0305, 0.0062
0.0419, 0.0396, -0.0939, -0.0112, -0.0321, 0.0061
0.0448, 0.0439, -0.0929, -0.0094, -0.0334, 0.0060
0.0494, 0.0470, -0.0908, -0.0081, -0.0353, 0.0059
0.0538, 0.0477, -0.0892, -0.0077, -0.0372, 0.0058
0.0573, 0.0487, -0.0869, -0.0073, -0.0386, 0.0056
0.0603, 0.0505, -0.0840, -0.0064, -0.0398, 0.0054
0.0637, 0.0521, -0.0805, -0.0056, -0.0412, 0.0051
0.0674, 0.0551, -0.0754, -0.0043, -0.0426, 0.0049
0.0709, 0.0603, -0.0697, -0.0021, -0.0439, 0.0047
0.0746, 0.0635, -0.0642, -0.0008, -0.0453, 0.0046
0.0755, 0.0614, -0.0611, -0.0017, -0.0455, 0.0046
0.0763, 0.0593, -0.0603, -0.0025, -0.0457, 0.0047
0.0818, 0.0615, -0.0568, -0.0016, -0.0479, 0.0048
0.0897, 0.0655, -0.0538, -0.0000, -0.0510, 0.0049
0.0955, 0.0669, -0.0568, 0.0005, -0.0534, 0.0052
0.0964, 0.0636, -0.0633, -0.0007, -0.0539, 0.0054
0.0928, 0.0586, -0.0689, -0.0028, -0.0525, 0.0057
0.0868, 0.0533, -0.0700, -0.0050, -0.0501, 0.0059
0.0784, 0.0441, -0.0674, -0.0089, -0.0465, 0.0060
0.0697, 0.0322, -0.0658, -0.0139, -0.0427, 0.0062
0.0637, 0.0235, -0.0675, -0.0174, -0.0403, 0.0064
0.0583, 0.0184, -0.0720, -0.0196, -0.0381, 0.0065
0.0489, 0.0124, -0.0776, -0.0221, -0.0344, 0.0066
0.0385, 0.0027, -0.0814, -0.0262, -0.0303, 0.0068
0.0322, -0.0081, -0.0825, -0.0306, -0.0277, 0.0069
0.0311, -0.0148, -0.0828, -0.0332, -0.0273, 0.0069
0.0338, -0.0148, -0.0843, -0.0330, -0.0286, 0.0069
0.0369, -0.0113, -0.0844, -0.0314, -0.0300, 0.0069
0.0397, -0.0086, -0.0808, -0.0301, -0.0312, 0.0070
0.0412, -0.0099, -0.0786, -0.0305, -0.0319, 0.0070
0.0401, -0.0148, -0.0793, -0.0321, -0.0316, 0.0071
0.0370, -0.0198, -0.0792, -0.0338, -0.0304, 0.0071
0.0312, -0.0254, -0.0785, -0.0358, -0.0281, 0.0070
0.0275, -0.0310, -0.0774, -0.0379, -0.0267, 0.0070
0.0302, -0.0339, -0.0737, -0.0388, -0.0277, 0.0068
0.0326, -0.0345, -0.0693, -0.0389, -0.0287, 0.0066
0.0320, -0.0340, -0.0642, -0.0385, -0.0284, 0.0064
0.0343, -0.0302, -0.0547, -0.0370, -0.0292, 0.0062
0.0382, -0.0257, -0.0464, -0.0352, -0.0306, 0.0061
0.0384, -0.0252, -0.0466, -0.0349, -0.0308, 0.0061
0.0382, -0.0254, -0.0515, -0.0348, -0.0309, 0.0062
0.0404, -0.0222, -0.0553, -0.0334, -0.0320, 0.0063
0.0430, -0.0179, -0.0572, -0.0315, -0.0332, 0.0064
0.0438, -0.0160, -0.0579, -0.0308, -0.0336, 0.0066
0.0431, -0.0147, -0.0588, -0.0304, -0.0335, 0.0069
0.0452, -0.0107, -0.0595, -0.0288, -0.0345, 0.0070
0.0504, -0.0054, -0.0571, -0.0267, -0.0368, 0.0071
0.0565, 0.0004, -0.0506, -0.0245, -0.0392, 0.0072
0.0613, 0.0054, -0.0431, -0.0225, -0.0410, 0.0072
0.0641, 0.0078, -0.0399, -0.0216, -0.0421, 0.0072
0.0657, 0.0091, -0.0420, -0.0210, -0.0429, 0.0073
0.0676, 0.0112, -0.0491, -0.0201, -0.0439, 0.0075
0.0711, 0.0126, -0.0586, -0.0193, -0.0456, 0.0076
0.0760, 0.0124, -0.0659, -0.0192, -0.0479, 0.0078
0.0808, 0.0110, -0.0699, -0.0197, -0.0500, 0.0081
0.0830, 0.0073, -0.0721, -0.0213, -0.0510, 0.0085
0.0800, 0.0009, -0.0729, -0.0241, -0.0498, 0.0089
0.0728, -0.0041, -0.0741, -0.0264, -0.0470, 0.0093
0.0626, -0.0051, -0.0764, -0.0272, -0.0429, 0.0098
0.0512, -0.0067, -0.0763, -0.0283, -0.0383, 0.0101
0.0411, -0.0113, -0.0736, -0.0305, -0.0341, 0.0104
0.0335, -0.0159, -0.0708, -0.0327, -0.0310, 0.0106
0.0282, -0.0180, -0.0657, -0.0339, -0.0288, 0.0107
0.0251, -0.0181, -0.0562, -0.0342, -0.0273, 0.0106
0.0220, -0.0177, -0.0460, -0.0343, -0.0259, 0.0105
0.0172, -0.0166, -0.0401, -0.0342, -0.0238, 0.0103
0.0130, -0.0142, -0.0382, -0.0335, -0.0221, 0.0102
0.0101, -0.0114, -0.0378, -0.0327, -0.0209, 0.0100
0.0096, -0.0101, -0.0376, -0.0323, -0.0208, 0.0100
0.0145, -0.0102, -0.0362, -0.0324, -0.0228, 0.0100
0.0235, -0.0097, -0.0335, -0.0322, -0.0264, 0.0100
0.0329, -0.0082, -0.0303, -0.0316, -0.0303, 0.0100
0.0396, -0.0076, -0.0291, -0.0314, -0.0331, 0.0101
0.0427, -0.0096, -0.0318, -0.0321, -0.0345, 0.0102
0.0440, -0.0117, -0.0366, -0.0329, -0.0353, 0.0103
0.0458, -0.0119, -0.0409, -0.0330, -0.0362, 0.0104
0.0476, -0.0128, -0.0453, -0.0334, -0.0372, 0.0105
0.0469, -0.0168, -0.0516, -0.0349, -0.0371, 0.0105
0.0429, -0.0236, -0.0594, -0.0376, -0.0357, 0.0105
0.0387, -0.0304, -0.0673, -0.0403, -0.0342, 0.0105
0.0340, -0.0366, -0.0738, -0.0427, -0.0325, 0.0103
0.0288, -0.0450, -0.0766, -0.0460, -0.0305, 0.0102
0.0269, -0.0539, -0.0751, -0.0495, -0.0297, 0.0100
0.0259, -0.0606, -0.0725, -0.0520, -0.0292, 0.0098
0.0218, -0.0660, -0.0705, -0.0542, -0.0275, 0.0096
0.0177, -0.0702, -0.0700, -0.0559, -0.0259, 0.0094
0.0158, -0.0720, -0.0720, -0.0565, -0.0253, 0.0092
0.0129, -0.0705, -0.0735, -0.0559, -0.0243, 0.0091
0.0070, -0.0674, -0.0728, -0.0548, -0.0220, 0.0090
0.0008, -0.0632, -0.0704, -0.0533, -0.0196, 0.0090
-0.0043, -0.0563, -0.0675, -0.0506, -0.0176, 0.0090
-0.0095, -0.0500, -0.0664, -0.0482, -0.0156, 0.0090
-0.0141, -0.0454, -0.0678, -0.0464, -0.0139, 0.0089
-0.0176, -0.0394, -0.0709, -0.0439, -0.0127, 0.0088
-0.0215, -0.0336, -0.0748, -0.0415, -0.0113, 0.0086
-0.0243, -0.0303, -0.0763, -0.0401, -0.0102, 0.0084
-0.0247, -0.0280, -0.0745, -0.0390, -0.0100, 0.0082
-0.0246, -0.0249, -0.0727, -0.0377, -0.0101, 0.0080
-0.0242, -0.0215, -0.0719, -0.0363, -0.0102, 0.0078
-0.0243, -0.0197, -0.0731, -0.0356, -0.0103, 0.0078
-0.0279, -0.0197, -0.0763, -0.0356, -0.0090, 0.0079
-0.0322, -0.0182, -0.0790, -0.0350, -0.0073, 0.0080
-0.0329, -0.0150, -0.0786, -0.0338, -0.0072, 0.0080
-0.0314, -0.0150, -0.0743, -0.0337, -0.0078, 0.0080
-0.0284, -0.0184, -0.0662, -0.0351, -0.0090, 0.0081
-0.0241, -0.0224, -0.0570, -0.0367, -0.0106, 0.0082
-0.0210, -0.0231, -0.0515, -0.0370, -0.0119, 0.0082
-0.0175, -0.0182, -0.0477, -0.0350, -0.0134, 0.0082
-0.0116, -0.0119, -0.0416, -0.0325, -0.0158, 0.0080
-0.0041, -0.0086, -0.0337, -0.0311, -0.0188, 0.0079
0.0064, -0.0055, -0.0232, -0.0298, -0.0230, 0.0077
0.0195, 0.0010, -0.0110, -0.0270, -0.0282, 0.0075
0.0323, 0.0075, 0.0005, -0.0243, -0.0332, 0.0072
0.0430, 0.0111, 0.0131, -0.0227, -0.0373, 0.0069
0.0533, 0.0169, 0.0268, -0.0203, -0.0413, 0.0066
0.0658, 0.0274, 0.0355, -0.0159, -0.0462, 0.0064
0.0752, 0.0383, 0.0349, -0.0113, -0.0502, 0.0063
0.0767, 0.0460, 0.0293, -0.0081, -0.0510, 0.0063
0.0732, 0.0507, 0.0233, -0.0062, -0.0498, 0.0064
0.0664, 0.0546, 0.0158, -0.0048, -0.0473, 0.0065
0.0551, 0.0577, 0.0076, -0.0038, -0.0430, 0.0067
0.0420, 0.0597, 0.0012, -0.0033, -0.0379, 0.0068
0.0299, 0.0615, -0.0034, -0.0029, -0.0332, 0.0069
0.0194, 0.0644, -0.0055, -0.0021, -0.0290, 0.0069
0.0127, 0.0680, -0.0051, -0.0008, -0.0263, 0.0069
0.0077, 0.0678, -0.0055, -0.0011, -0.0244, 0.0069
-0.0009, 0.0628, -0.0104, -0.0032, -0.0210, 0.0069
-0.0111, 0.0573, -0.0185, -0.0055, -0.0171, 0.0071
-0.0183, 0.0515, -0.0242, -0.0079, -0.0144, 0.0073
-0.0218, 0.0440, -0.0245, -0.0110, -0.0131, 0.0075
-0.0232, 0.0357, -0.0228, -0.0144, -0.0125, 0.0078
-0.0227, 0.0268, -0.0227, -0.0179, -0.0128, 0.0080
-0.0215, 0.0173, -0.0245, -0.0216, -0.0134, 0.0082
-0.0224, 0.0092, -0.0279, -0.0247, -0.0133, 0.0085
-0.0235, 0.0022, -0.0306, -0.0274, -0.0130, 0.0086
-0.0218, -0.0041, -0.0305, -0.0298, -0.0137, 0.0086
-0.0181, -0.0095, -0.0294, -0.0317, -0.0153, 0.0085
-0.0162, -0.0149, -0.0292, -0.0336, -0.0161, 0.0084
-0.0169, -0.0202, -0.0291, -0.0355, -0.0157, 0.0081
-0.0168, -0.0215, -0.0274, -0.0358, -0.0156, 0.0078
-0.0136, -0.0175, -0.0229, -0.0340, -0.0168, 0.0075
-0.0067, -0.0121, -0.0154, -0.0316, -0.0193, 0.0070
0.0025, -0.0082, -0.0061, -0.0297, -0.0227, 0.0066
0.0085, -0.0064, 0.0018, -0.0287, -0.0248, 0.0063
0.0104, -0.0051, 0.0047, -0.0280, -0.0253, 0.0061
0.0123, -0.0008, 0.0058, -0.0260, -0.0259, 0.0059
0.0163, 0.0075, 0.0095, -0.0226, -0.0273, 0.0058
0.0219, 0.0151, 0.0160, -0.0194, -0.0294, 0.0057
0.0269, 0.0169, 0.0239, -0.0186, -0.0311, 0.0057
0.0294, 0.0138, 0.0306, -0.0198, -0.0319, 0.0057
0.0305, 0.0079, 0.0366, -0.0220, -0.0321, 0.0056
0.0318, 0.0015, 0.0419, -0.0245, -0.0324, 0.0055
0.0331, -0.0036, 0.0449, -0.0263, -0.0328, 0.0054
0.0339, -0.0055, 0.0459, -0.0269, -0.0331, 0.0052
0.0313, -0.0050, 0.0446, -0.0266, -0.0321, 0.0050
0.0232, -0.0059, 0.0406, -0.0270, -0.0289, 0.0049
0.0127, -0.0094, 0.0359, -0.0286, -0.0247, 0.0049
0.0036, -0.0129, 0.0317, -0.0301, -0.0211, 0.0049
0.0013, -0.0121, 0.0300, -0.0299, -0.0201, 0.0050
0.0054, -0.0082, 0.0309, -0.0283, -0.0217, 0.0051
0.0104, -0.0046, 0.0319, -0.0269, -0.0237, 0.0052
0.0152, -0.0019, 0.0338, -0.0259, -0.0256, 0.0053
0.0192, 0.0004, 0.0379, -0.0251, -0.0272, 0.0055
0.0216, 0.0037, 0.0446, -0.0239, -0.0280, 0.0057
0.0250, 0.0095, 0.0522, -0.0218, -0.0293, 0.0058
0.0292, 0.0156, 0.0573, -0.0195, -0.0309, 0.0060
0.0311, 0.0184, 0.0594, -0.0185, -0.0317, 0.0061
0.0281, 0.0176, 0.0597, -0.0190, -0.0305, 0.0062
0.0232, 0.0156, 0.0584, -0.0199, -0.0286, 0.0062
0.0216, 0.0160, 0.0579, -0.0198, -0.0280, 0.0062
0.0227, 0.0185, 0.0594, -0.0188, -0.0285, 0.0061
0.0215, 0.0193, 0.0602, -0.0187, -0.0281, 0.0060
0.0156, 0.0166, 0.0568, -0.0200, -0.0258, 0.0060
0.0073, 0.0122, 0.0502, -0.0219, -0.0226, 0.0062
0.0018, 0.0101, 0.0454, -0.0229, -0.0205, 0.0063
0.0007, 0.0112, 0.0444, -0.0226, -0.0202, 0.0065
0.0025, 0.0146, 0.0471, -0.0214, -0.0210, 0.0066
0.0061, 0.0188, 0.0538, -0.0198, -0.0224, 0.0067
0.0112, 0.0198, 0.0623, -0.0194, -0.0243, 0.0068
0.0169, 0.0177, 0.0717, -0.0202, -0.0265, 0.0068
0.0225, 0.0149, 0.0808, -0.0212, -0.0286, 0.0068
0.0284, 0.0113, 0.0886, -0.0226, -0.0307, 0.0068
0.0338, 0.0081, 0.0953, -0.0237, -0.0328, 0.0067
0.0367, 0.0059, 0.1015, -0.0245, -0.0338, 0.0066
0.0362, 0.0032, 0.1078, -0.0256, -0.0334, 0.0065
0.0324, -0.0007, 0.1128, -0.0271, -0.0317, 0.0064
0.0248, -0.0046, 0.1137, -0.0287, -0.0286, 0.0063
0.0141, -0.0075, 0.1116, -0.0300, -0.0243, 0.0064
0.0023, -0.0087, 0.1093, -0.0307, -0.0195, 0.0065
-0.0097, -0.0087, 0.1062, -0.0310, -0.0147, 0.0067
-0.0195, -0.0075, 0.1031, -0.0307, -0.0107, 0.0068
-0.0252, -0.0082, 0.1017, -0.0310, -0.0083, 0.0070
-0.0285, -0.0137, 0.0988, -0.0332, -0.0069, 0.0073
-0.0304, -0.0202, 0.0926, -0.0357, -0.0061, 0.0074
-0.0327, -0.0245, 0.0862, -0.0373, -0.0052, 0.0076
-0.0373, -0.0284, 0.0815, -0.0388, -0.0033, 0.0076
-0.0435, -0.0320, 0.0771, -0.0402, -0.0007, 0.0076
-0.0499, -0.0338, 0.0710, -0.0408, 0.0019, 0.0076
-0.0544, -0.0342, 0.0651, -0.0409, 0.0037, 0.0075
-0.0559, -0.0330, 0.0620, -0.0404, 0.0044, 0.0075
-0.0569, -0.0314, 0.0599, -0.0397, 0.0048, 0.0075
-0.0590, -0.0307, 0.0546, -0.0394, 0.0056, 0.0076
-0.0605, -0.0296, 0.0467, -0.0388, 0.0061, 0.0076
-0.0603, -0.0279, 0.0424, -0.0380, 0.0059, 0.0077
-0.0603, -0.0279, 0.0436, -0.0379, 0.0059, 0.0077
-0.0597, -0.0289, 0.0471, -0.0381, 0.0057, 0.0076
-0.0547, -0.0281, 0.0519, -0.0375, 0.0038, 0.0074
-0.0456, -0.0260, 0.0587, -0.0363, 0.0003, 0.0071
-0.0333, -0.0225, 0.0693, -0.0344, -0.0045, 0.0066
-0.0207, -0.0179, 0.0830, -0.0321, -0.0093, 0.0061
-0.0144, -0.0136, 0.0951, -0.0300, -0.0115, 0.0056
-0.0157, -0.0096, 0.1038, -0.0282, -0.0108, 0.0052
-0.0200, -0.0069, 0.1114, -0.0269, -0.0088, 0.0048
-0.0237, -0.0056, 0.1204, -0.0263, -0.0070, 0.0044
-0.0281, -0.0045, 0.1297, -0.0258, -0.0050, 0.0042
-0.0353, -0.0031, 0.1363, -0.0253, -0.0019, 0.0040
-0.0431, -0.0012, 0.1397, -0.0246, 0.0013, 0.0039
-0.0489, 0.0021, 0.1423, -0.0234, 0.0037, 0.0039
-0.0511, 0.0067, 0.1475, -0.0216, 0.0046, 0.0038
-0.0524, 0.0106, 0.1511, -0.0200, 0.0053, 0.0038
-0.0552, 0.0128, 0.1504, -0.0191, 0.0064, 0.0037
-0.0574, 0.0143, 0.1510, -0.0184, 0.0074, 0.0037
-0.0613, 0.0135, 0.1528, -0.0186, 0.0091, 0.0036
-0.0654, 0.0096, 0.1548, -0.0200, 0.0109, 0.0035
-0.0657, 0.0040, 0.1566, -0.0219, 0.0113, 0.0033
-0.0653, -0.0010, 0.1560, -0.0235, 0.0113, 0.0030
-0.0646, -0.0035, 0.1558, -0.0240, 0.0111, 0.0028
-0.0595, -0.0046, 0.1567, -0.0240, 0.0092, 0.0025
-0.0516, -0.0048, 0.1563, -0.0236, 0.0061, 0.0023
-0.0451, -0.0034, 0.1560, -0.0227, 0.0035, 0.0022
-0.0393, 0.0001, 0.1575, -0.0212, 0.0012, 0.0022
-0.0311, 0.0052, 0.1597, -0.0190, -0.0021, 0.0022
-0.0216, 0.0084, 0.1609, -0.0176, -0.0059, 0.0023
-0.0146, 0.0075, 0.1628, -0.0179, -0.0087, 0.0025
-0.0094, 0.0049, 0.1700, -0.0189, -0.0105, 0.0026
-0.0047, 0.0044, 0.1820, -0.0193, -0.0121, 0.0026
-0.0045, 0.0058, 0.1903, -0.0189, -0.0118, 0.0026
-0.0081, 0.0088, 0.1908, -0.0178, -0.0103, 0.0025
-0.0088, 0.0138, 0.1906, -0.0158, -0.0099, 0.0024
-0.0076, 0.0183, 0.1915, -0.0140, -0.0102, 0.0023
-0.0076, 0.0203, 0.1879, -0.0131, -0.0102, 0.0022
-0.0077, 0.0211, 0.1809, -0.0126, -0.0102, 0.0022
-0.0071, 0.0227, 0.1747, -0.0118, -0.0105, 0.0022
-0.0073, 0.0254, 0.1704, -0.0105, -0.0104, 0.0022
-0.0102, 0.0274, 0.1653, -0.0096, -0.0093, 0.0022
-0.0153, 0.0283, 0.1583, -0.0091, -0.0073, 0.0022
-0.0215, 0.0299, 0.1534, -0.0085, -0.0048, 0.0022
-0.0270, 0.0335, 0.1545, -0.0072, -0.0024, 0.0022
-0.0285, 0.0385, 0.1626, -0.0053, -0.0015, 0.0020
-0.0264, 0.0432, 0.1743, -0.0035, -0.0019, 0.0018
-0.0255, 0.0455, 0.1868, -0.0027, -0.0019, 0.0016
-0.0274, 0.0449, 0.1990, -0.0030, -0.0007, 0.0015
-0.0296, 0.0413, 0.2083, -0.0045, 0.0005, 0.0013
-0.0317, 0.0362, 0.2137, -0.0066, 0.0016, 0.0012
-0.0369, 0.0331, 0.2155, -0.0078, 0.0038, 0.0011
-0.0453, 0.0317, 0.2149, -0.0085, 0.0073, 0.0010
-0.0512, 0.0278, 0.2131, -0.0101, 0.0097, 0.0011
-0.0525, 0.0223, 0.2114, -0.0124, 0.0102, 0.0013
-0.0514, 0.0181, 0.2122, -0.0142, 0.0098, 0.0016
-0.0498, 0.0148, 0.2138, -0.0156, 0.0092, 0.0019
-0.0481, 0.0118, 0.2138, -0.0168, 0.0085, 0.0022
-0.0457, 0.0110, 0.2138, -0.0173, 0.0075, 0.0024
-0.0430, 0.0127, 0.2149, -0.0167, 0.0063, 0.0026
-0.0393, 0.0162, 0.2186, -0.0154, 0.0050, 0.0026
-0.0368, 0.0180, 0.2237, -0.0148, 0.0041, 0.0026
-0.0368, 0.0164, 0.2263, -0.0156, 0.0043, 0.0027
-0.0359, 0.0145, 0.2273, -0.0164, 0.0041, 0.0027
-0.0336, 0.0124, 0.2270, -0.0172, 0.0033, 0.0026
-0.0334, 0.0074, 0.2244, -0.0192, 0.0033, 0.0027
-0.0355, 0.0012, 0.2214, -0.0217, 0.0042, 0.0028
-0.0376, -0.0027, 0.2204, -0.0234, 0.0052, 0.0029
-0.0357, -0.0038, 0.2226, -0.0238, 0.0047, 0.0029
-0.0291, -0.0050, 0.2262, -0.0243, 0.0022, 0.0029
-0.0220, -0.0073, 0.2293, -0.0251, -0.0005, 0.0029
-0.0183, -0.0078, 0.2309, -0.0253, -0.0018, 0.0030
-0.0201, -0.0068, 0.2305, -0.0251, -0.0009, 0.0030
-0.0266, -0.0049, 0.2285, -0.0246, 0.0018, 0.0031
-0.0372, -0.0032, 0.2258, -0.0242, 0.0062, 0.0032
-0.0502, -0.0025, 0.2240, -0.0242, 0.0115, 0.0032
-0.0594, -0.0019, 0.2249, -0.0241, 0.0153, 0.0032
-0.0622, -0.0038, 0.2287, -0.0249, 0.0167, 0.0031
-0.0624, -0.0080, 0.2329, -0.0266, 0.0169, 0.0030
-0.0629, -0.0112, 0.2340, -0.0278, 0.0173, 0.0028
-0.0648, -0.0152, 0.2338, -0.0293, 0.0182, 0.0028
-0.0668, -0.0217, 0.2368, -0.0317, 0.0193, 0.0027
-0.0671, -0.0267, 0.2418, -0.0335, 0.0197, 0.0028
-0.0669, -0.0277, 0.2457, -0.0338, 0.0198, 0.0028
-0.0676, -0.0270, 0.2487, -0.0334, 0.0203, 0.0030
-0.0698, -0.0295, 0.2532, -0.0343, 0.0215, 0.0032
-0.0740, -0.0348, 0.2574, -0.0365, 0.0235, 0.0034
-0.0767, -0.0380, 0.2604, -0.0376, 0.0249, 0.0036
-0.0747, -0.0374, 0.2679, -0.0373, 0.0245, 0.0037
-0.0692, -0.0349, 0.2822, -0.0362, 0.0227, 0.0038
-0.0617, -0.0328, 0.2992, -0.0353, 0.0203, 0.0038
-0.0529, -0.0312, 0.3141, -0.0346, 0.0172, 0.0037
-0.0458, -0.0277, 0.3242, -0.0332, 0.0148, 0.0037
-0.0422, -0.0220, 0.3297, -0.0309, 0.0135, 0.0037
-0.0391, -0.0150, 0.3313, -0.0280, 0.0123, 0.0036
-0.0354, -0.0077, 0.3306, -0.0251, 0.0108, 0.0036
-0.0334, -0.0011, 0.3297, -0.0224, 0.0100, 0.0035
-0.0346, 0.0030, 0.3293, -0.0207, 0.0105, 0.0036
-0.0382, 0.0016, 0.3276, -0.0213, 0.0120, 0.0037
-0.0421, -0.0038, 0.3230, -0.0234, 0.0136, 0.0039
-0.0470, -0.0107, 0.3192, -0.0262, 0.0156, 0.0042
-0.0538, -0.0177, 0.3168, -0.0291, 0.0185, 0.0045
-0.0611, -0.0220, 0.3110, -0.0309, 0.0214, 0.0048
-0.0685, -0.0246, 0.3027, -0.0321, 0.0244, 0.0050
-0.0752, -0.0271, 0.2968, -0.0332, 0.0271, 0.0051
-0.0782, -0.0266, 0.2945, -0.0332, 0.0283, 0.0051
-0.0783, -0.0233, 0.2935, -0.0320, 0.0284, 0.0051
-0.0796, -0.0208, 0.2907, -0.0311, 0.0289, 0.0051
-0.0815, -0.0208, 0.2878, -0.0311, 0.0296, 0.0052
-0.0815, -0.0232, 0.2898, -0.0322, 0.0297, 0.0053
-0.0814, -0.0257, 0.2954, -0.0334, 0.0298, 0.0054
-0.0824, -0.0255, 0.3020, -0.0336, 0.0304, 0.0056
-0.0804, -0.0224, 0.3129, -0.0326, 0.0299, 0.0056
-0.0749, -0.0180, 0.3284, -0.0311, 0.0281, 0.0056
-0.0729, -0.0147, 0.3414, -0.0299, 0.0277, 0.0056
-0.0759, -0.0122, 0.3503, -0.0291, 0.0293, 0.0056
-0.0780, -0.0107, 0.3602, -0.0287, 0.0305, 0.0055
-0.0784, -0.0102, 0.3692, -0.0286, 0.0310, 0.0053
-0.0801, -0.0101, 0.3732, -0.0287, 0.0319, 0.0051
-0.0846, -0.0115, 0.3731, -0.0292, 0.0338, 0.0050
-0.0919, -0.0151, 0.3707, -0.0307, 0.0368, 0.0049
-0.0993, -0.0193, 0.3700, -0.0324, 0.0399, 0.0048
-0.1064, -0.0206, 0.3713, -0.0331, 0.0429, 0.0047
-0.1122, -0.0179, 0.3713, -0.0322, 0.0453, 0.0046
-0.1146, -0.0141, 0.3697, -0.0308, 0.0463, 0.0045
-0.1168, -0.0116, 0.3666, -0.0298, 0.0472, 0.0044
-0.1198, -0.0122, 0.3642, -0.0302, 0.0484, 0.0045
-0.1187, -0.0156, 0.3662, -0.0316, 0.0481, 0.0046
-0.1100, -0.0164, 0.3733, -0.0319, 0.0449, 0.0047
-0.0972, -0.0139, 0.3798, -0.0308, 0.0399, 0.0047
-0.0860, -0.0103, 0.3815, -0.0291, 0.0355, 0.0046
-0.0769, -0.0065, 0.3816, -0.0273, 0.0319, 0.0045
-0.0712, -0.0062, 0.3820, -0.0270, 0.0298, 0.0044
-0.0702, -0.0095, 0.3835, -0.0283, 0.0296, 0.0043
-0.0721, -0.0132, 0.3881, -0.0298, 0.0306, 0.0043
-0.0754, -0.0161, 0.3920, -0.0311, 0.0322, 0.0044
-0.0804, -0.0181, 0.3917, -0.0321, 0.0344, 0.0045
-0.0861, -0.0203, 0.3918, -0.0332, 0.0368, 0.0048
-0.0912, -0.0221, 0.3943, -0.0342, 0.0390, 0.0050
-0.0956, -0.0225, 0.3967, -0.0345, 0.0410, 0.0052
-0.0985, -0.0238, 0.3973, -0.0352, 0.0423, 0.0054
-0.1031, -0.0263, 0.3949, -0.0363, 0.0442, 0.0055
-0.1108, -0.0285, 0.3910, -0.0373, 0.0474, 0.0057
-0.1173, -0.0301, 0.3896, -0.0382, 0.0502, 0.0058
-0.1196, -0.0315, 0.3919, -0.0389, 0.0513, 0.0058
-0.1167, -0.0316, 0.3975, -0.0390, 0.0504, 0.0058
-0.1096, -0.0289, 0.4071, -0.0380, 0.0478, 0.0057
-0.1036, -0.0250, 0.4185, -0.0365, 0.0456, 0.0055
-0.1035, -0.0218, 0.4267, -0.0354, 0.0457, 0.0054
-0.1063, -0.0210, 0.4314, -0.0352, 0.0470, 0.0054
-0.1075, -0.0218, 0.4348, -0.0357, 0.0476, 0.0054
-0.1073, -0.0202, 0.4361, -0.0351, 0.0475, 0.0055
-0.1057, -0.0154, 0.4364, -0.0332, 0.0469, 0.0055
-0.1035, -0.0096, 0.4404, -0.0309, 0.0461, 0.0056
-0.1028, -0.0060, 0.4497, -0.0297, 0.0461, 0.0057
-0.1018, -0.0062, 0.4609, -0.0299, 0.0461, 0.0058
-0.0966, -0.0075, 0.4739, -0.0305, 0.0444, 0.0058
-0.0889, -0.0072, 0.4882, -0.0304, 0.0418, 0.0058
-0.0836, -0.0057, 0.4993, -0.0297, 0.0401, 0.0056
-0.0803, -0.0033, 0.5080, -0.0286, 0.0391, 0.0054
-0.0780, 0.0009, 0.5146, -0.0267, 0.0385, 0.0051
-0.0784, 0.0064, 0.5151, -0.0242, 0.0388, 0.0048
-0.0810, 0.0113, 0.5130, -0.0219, 0.0400, 0.0044
-0.0857, 0.0129, 0.5128, -0.0211, 0.0420, 0.0042
-0.0929, 0.0116, 0.5121, -0.0215, 0.0451, 0.0041
-0.1006, 0.0121, 0.5120, -0.0212, 0.0483, 0.0040
-0.1053, 0.0178, 0.5157, -0.0189, 0.0503, 0.0039
-0.1085, 0.0263, 0.5194, -0.0154, 0.0518, 0.0038
-0.1151, 0.0322, 0.5197, -0.0130, 0.0545, 0.0038
-0.1259, 0.0331, 0.5160, -0.0127, 0.0588, 0.0039
-0.1370, 0.0299, 0.5110, -0.0140, 0.0633, 0.0039
-0.1459, 0.0239, 0.5094, -0.0165, 0.0670, 0.0040
-0.1514, 0.0174, 0.5083, -0.0190, 0.0694, 0.0039
-0.1523, 0.0116, 0.5068, -0.0211, 0.0699, 0.0038
-0.1502, 0.0063, 0.5094, -0.0229, 0.0693, 0.0036
-0.1474, 0.0037, 0.5160, -0.0237, 0.0685, 0.0034
-0.1448, 0.0026, 0.5240, -0.0240, 0.0679, 0.0032
-0.1423, -0.0027, 0.5322, -0.0258, 0.0674, 0.0030
-0.1388, -0.0115, 0.5411, -0.0292, 0.0665, 0.0030
-0.1352, -0.0184, 0.5498, -0.0319, 0.0655, 0.0029
-0.1318, -0.0205, 0.5575, -0.0326, 0.0646, 0.0028
-0.1286, -0.0206, 0.5627, -0.0326, 0.0637, 0.0028
-0.1273, -0.0218, 0.5632, -0.0329, 0.0634, 0.0028
-0.1301, -0.0236, 0.5575, -0.0336, 0.0646, 0.0029
-0.1371, -0.0253, 0.5478, -0.0344, 0.0674, 0.0031
-0.1460, -0.0250, 0.5405, -0.0344, 0.0710, 0.0033
-0.1555, -0.0211, 0.5356, -0.0331, 0.0748, 0.0033
-0.1660, -0.0148, 0.5308, -0.0307, 0.0790, 0.0033
-0.1780, -0.0094, 0.5292, -0.0287, 0.0840, 0.0031
-0.1893, -0.0071, 0.5316, -0.0279, 0.0888, 0.0029
-0.1986, -0.0083, 0.5369, -0.0285, 0.0928, 0.0027
-0.2058, -0.0110, 0.5454, -0.0297, 0.0961, 0.0025
-0.2080, -0.0120, 0.5568, -0.0303, 0.0975, 0.0023
-0.2059, -0.0118, 0.5668, -0.0302, 0.0970, 0.0022
-0.2040, -0.0110, 0.5697, -0.0299, 0.0964, 0.0022
-0.2046, -0.0106, 0.5661, -0.0296, 0.0967, 0.0022
-0.2063, -0.0120, 0.5639, -0.0302, 0.0975, 0.0024
-0.2075, -0.0126, 0.5671, -0.0306, 0.0982, 0.0027
-0.2085, -0.0121, 0.5725, -0.0305, 0.0989, 0.0029
-0.2089, -0.0122, 0.5762, -0.0306, 0.0993, 0.0031
-0.2070, -0.0114, 0.5789, -0.0302, 0.0987, 0.0033
-0.2039, -0.0104, 0.5841, -0.0298, 0.0977, 0.0035
-0.2007, -0.0109, 0.5920, -0.0300, 0.0967, 0.0036
-0.1977, -0.0122, 0.5986, -0.0305, 0.0958, 0.0037
-0.1968, -0.0130, 0.6046, -0.0309, 0.0957, 0.0038
-0.1993, -0.0135, 0.6121, -0.0312, 0.0972, 0.0038
-0.2023, -0.0140, 0.6172, -0.0315, 0.0987, 0.0038
-0.2020, -0.0136, 0.6185, -0.0313, 0.0988, 0.0038
-0.2002, -0.0124, 0.6199, -0.0308, 0.0982, 0.0037
-0.2004, -0.0105, 0.6235, -0.0302, 0.0985, 0.0038
-0.2012, -0.0082, 0.6282, -0.0294, 0.0990, 0.0038
-0.2014, -0.0069, 0.6316, -0.0290, 0.0994, 0.0040
-0.2036, -0.0077, 0.6331, -0.0295, 0.1004, 0.0042
-0.2096, -0.0122, 0.6319, -0.0314, 0.1030, 0.0045
-0.2195, -0.0195, 0.6278, -0.0345, 0.1070, 0.0047
-0.2297, -0.0259, 0.6260, -0.0372, 0.1113, 0.0049
-0.2371, -0.0301, 0.6269, -0.0391, 0.1145, 0.0050
-0.2406, -0.0332, 0.6272, -0.0403, 0.1161, 0.0050
-0.2418, -0.0351, 0.6294, -0.0411, 0.1168, 0.0049
-0.2413, -0.0342, 0.6338, -0.0408, 0.1167, 0.0049
-0.2364, -0.0311, 0.6389, -0.0395, 0.1149, 0.0048
-0.2288, -0.0282, 0.6457, -0.0384, 0.1120, 0.0048
-0.2245, -0.0278, 0.6515, -0.0383, 0.1105, 0.0049
-0.2245, -0.0302, 0.6537, -0.0394, 0.1106, 0.0051
-0.2251, -0.0311, 0.6526, -0.0400, 0.1109, 0.0054
-0.2261, -0.0286, 0.6478, -0.0391, 0.1111, 0.0056
-0.2300, -0.0261, 0.6393, -0.0382, 0.1125, 0.0059
-0.2348, -0.0238, 0.6317, -0.0374, 0.1143, 0.0061
-0.2366, -0.0218, 0.6293, -0.0368, 0.1149, 0.0064
-0.2372, -0.0221, 0.6300, -0.0371, 0.1152, 0.0066
-0.2391, -0.0219, 0.6321, -0.0374, 0.1160, 0.0068
-0.2413, -0.0179, 0.6363, -0.0362, 0.1170, 0.0069
-0.2436, -0.0137, 0.6405, -0.0349, 0.1180, 0.0070
-0.2454, -0.0121, 0.6451, -0.0345, 0.1189, 0.0069
-0.2440, -0.0102, 0.6526, -0.0339, 0.1186, 0.0068
-0.2407, -0.0089, 0.6645, -0.0336, 0.1177, 0.0067
-0.2394, -0.0117, 0.6784, -0.0351, 0.1176, 0.0066
-0.2406, -0.0160, 0.6891, -0.0372, 0.1186, 0.0066
-0.2441, -0.0182, 0.6959, -0.0385, 0.1203, 0.0066
-0.2503, -0.0185, 0.6999, -0.0390, 0.1232, 0.0067
-0.2577, -0.0178, 0.7009, -0.0391, 0.1264, 0.0068
-0.2641, -0.0172, 0.6988, -0.0391, 0.1292, 0.0069
-0.2715, -0.0181, 0.6952, -0.0397, 0.1323, 0.0071
-0.2789, -0.0213, 0.6915, -0.0411, 0.1354, 0.0072
-0.2830, -0.0244, 0.6892, -0.0424, 0.1371, 0.0072
-0.2854, -0.0252, 0.6880, -0.0427, 0.1382, 0.0072
-0.2886, -0.0252, 0.6870, -0.0427, 0.1396, 0.0071
-0.2923, -0.0265, 0.6871, -0.0432, 0.1413, 0.0070
-0.2941, -0.0297, 0.6892, -0.0444, 0.1423, 0.0069
-0.2954, -0.0327, 0.6925, -0.0455, 0.1430, 0.0069
-0.3001, -0.0334, 0.6956, -0.0457, 0.1451, 0.0068
-0.3090, -0.0328, 0.6948, -0.0456, 0.1489, 0.0069
-0.3206, -0.0347, 0.6912, -0.0464, 0.1536, 0.0069
-0.3320, -0.0386, 0.6881, -0.0479, 0.1583, 0.0071
-0.3426, -0.0414, 0.6854, -0.0490, 0.1626, 0.0072
-0.3532, -0.0434, 0.6854, -0.0499, 0.1669, 0.0074
-0.3637, -0.0437, 0.6882, -0.0502, 0.1713, 0.0076
-0.3721, -0.0422, 0.6902, -0.0496, 0.1747, 0.0077
-0.3740, -0.0399, 0.6939, -0.0487, 0.1755, 0.0078
-0.3705, -0.0361, 0.7030, -0.0471, 0.1743, 0.0078
-0.3680, -0.0341, 0.7138, -0.0463, 0.1735, 0.0078
-0.3685, -0.0379, 0.7228, -0.0479, 0.1740, 0.0079
-0.3720, -0.0448, 0.7276, -0.0508, 0.1756, 0.0080
-0.3776, -0.0478, 0.7297, -0.0521, 0.1780, 0.0080
-0.3809, -0.0458, 0.7331, -0.0514, 0.1795, 0.0081
-0.3816, -0.0442, 0.7385, -0.0509, 0.1800, 0.0083
-0.3830, -0.0452, 0.7455, -0.0515, 0.1808, 0.0085
-0.3850, -0.0466, 0.7549, -0.0522, 0.1819, 0.0087
-0.3860, -0.0469, 0.7658, -0.0526, 0.1826, 0.0089
-0.3858, -0.0469, 0.7734, -0.0527, 0.1828, 0.0089
-0.3845, -0.0455, 0.7766, -0.0521, 0.1824, 0.0089
-0.3834, -0.0426, 0.7788, -0.0508, 0.1821, 0.0087
-0.3826, -0.0407, 0.7817, -0.0499, 0.1819, 0.0084
-0.3794, -0.0401, 0.7863, -0.0495, 0.1808, 0.0082
-0.3737, -0.0389, 0.7929, -0.0489, 0.1787, 0.0079
-0.3683, -0.0380, 0.8011, -0.0483, 0.1768, 0.0076
-0.3656, -0.0408, 0.8107, -0.0493, 0.1760, 0.0074
-0.3643, -0.0451, 0.8196, -0.0509, 0.1758, 0.0074
-0.3642, -0.0477, 0.8248, -0.0517, 0.1760, 0.0073
-0.3682, -0.0498, 0.8264, -0.0525, 0.1777, 0.0074
-0.3751, -0.0495, 0.8259, -0.0523, 0.1806, 0.0075
-0.3825, -0.0438, 0.8232, -0.0500, 0.1835, 0.0076
-0.3930, -0.0362, 0.8187, -0.0470, 0.1877, 0.0077
-0.4106, -0.0336, 0.8137, -0.0461, 0.1947, 0.0079
-0.4326, -0.0356, 0.8089, -0.0472, 0.2036, 0.0082
-0.4516, -0.0366, 0.8050, -0.0478, 0.2113, 0.0084
-0.4665, -0.0340, 0.8013, -0.0469, 0.2172, 0.0085
-0.4806, -0.0295, 0.7985, -0.0453, 0.2229, 0.0086
-0.4951, -0.0282, 0.7969, -0.0448, 0.2287, 0.0086
-0.5074, -0.0301, 0.7952, -0.0457, 0.2337, 0.0087
-0.5131, -0.0318, 0.7954, -0.0463, 0.2360, 0.0088
-0.5133, -0.0335, 0.7971, -0.0469, 0.2361, 0.0090
-0.5122, -0.0353, 0.7964, -0.0475, 0.2357, 0.0091
-0.5109, -0.0355, 0.7946, -0.0475, 0.2351, 0.0093
-0.5092, -0.0339, 0.7939, -0.0469, 0.2344, 0.0095
-0.5077, -0.0318, 0.7959, -0.0460, 0.2338, 0.0095
-0.5057, -0.0307, 0.8019, -0.0456, 0.2332, 0.0096
-0.5044, -0.0328, 0.8084, -0.0466, 0.2329, 0.0096
-0.5062, -0.0378, 0.8109, -0.0487, 0.2339, 0.0095
-0.5113, -0.0444, 0.8117, -0.0515, 0.2361, 0.0095
-0.5142, -0.0502, 0.8166, -0.0540, 0.2376, 0.0095
-0.5117, -0.0528, 0.8241, -0.0552, 0.2368, 0.0094
-0.5076, -0.0542, 0.8306, -0.0559, 0.2354, 0.0094
-0.5029, -0.0567, 0.8373, -0.0570, 0.2338, 0.0094
-0.4962, -0.0600, 0.8455, -0.0584, 0.2313, 0.0095
-0.4908, -0.0642, 0.8513, -0.0602, 0.2293, 0.0096
-0.4894, -0.0691, 0.8508, -0.0623, 0.2288, 0.0098
-0.4894, -0.0733, 0.8460, -0.0640, 0.2287, 0.0100
-0.4878, -0.0753, 0.8406, -0.0647, 0.2280, 0.0101
-0.4867, -0.0749, 0.8365, -0.0645, 0.2274, 0.0101
-0.4859, -0.0731, 0.8352, -0.0637, 0.2270, 0.0101
-0.4835, -0.0710, 0.8381, -0.0627, 0.2261, 0.0099
-0.4792, -0.0691, 0.8434, -0.0618, 0.2244, 0.0097
-0.4768, -0.0670, 0.8448, -0.0609, 0.2235, 0.0095
-0.4784, -0.0648, 0.8414, -0.0599, 0.2240, 0.0092
-0.4792, -0.0615, 0.8391, -0.0584, 0.2243, 0.0090
-0.4774, -0.0556, 0.8413, -0.0560, 0.2236, 0.0086
-0.4765, -0.0499, 0.8481, -0.0537, 0.2234, 0.0083
-0.4779, -0.0479, 0.8576, -0.0529, 0.2243, 0.0081
-0.4798, -0.0470, 0.8682, -0.0527, 0.2254, 0.0079
-0.4820, -0.0451, 0.8776, -0.0520, 0.2267, 0.0078
-0.4869, -0.0434, 0.8824, -0.0514, 0.2289, 0.0078
-0.4956, -0.0416, 0.8822, -0.0509, 0.2325, 0.0080
-0.5059, -0.0387, 0.8810, -0.0499, 0.2367, 0.0082
-0.5150, -0.0374, 0.8807, -0.0496, 0.2405, 0.0084
-0.5229, -0.0383, 0.8817, -0.0501, 0.2438, 0.0087
-0.5328, -0.0412, 0.8845, -0.0515, 0.2480, 0.0090
-0.5425, -0.0463, 0.8881, -0.0538, 0.2521, 0.0093
-0.5468, -0.0526, 0.8917, -0.0565, 0.2540, 0.0095
-0.5479, -0.0588, 0.8950, -0.0589, 0.2546, 0.0096
-0.5512, -0.0642, 0.8965, -0.0611, 0.2561, 0.0097
-0.5580, -0.0702, 0.8949, -0.0636, 0.2589, 0.0098
-0.5651, -0.0763, 0.8924, -0.0660, 0.2617, 0.0100
-0.5716, -0.0820, 0.8884, -0.0683, 0.2643, 0.0101
-0.5784, -0.0881, 0.8827, -0.0707, 0.2669, 0.0103
-0.5844, -0.0934, 0.8782, -0.0728, 0.2692, 0.0104
-0.5864, -0.0960, 0.8771, -0.0739, 0.2700, 0.0105
-0.5813, -0.0950, 0.8827, -0.0735, 0.2680, 0.0105
-0.5705, -0.0904, 0.8938, -0.0717, 0.2639, 0.0105
-0.5588, -0.0844, 0.9053, -0.0693, 0.2594, 0.0105
-0.5498, -0.0805, 0.9141, -0.0676, 0.2560, 0.0105
-0.5451, -0.0799, 0.9205, -0.0674, 0.2543, 0.0105
-0.5428, -0.0809, 0.9265, -0.0677, 0.2535, 0.0105
-0.5435, -0.0824, 0.9314, -0.0684, 0.2539, 0.0105
-0.5493, -0.0835, 0.9343, -0.0689, 0.2564, 0.0104
-0.5581, -0.0824, 0.9345, -0.0685, 0.2599, 0.0103
-0.5663, -0.0793, 0.9319, -0.0673, 0.2631, 0.0102
-0.5705, -0.0776, 0.9294, -0.0666, 0.2647, 0.0101
-0.5685, -0.0796, 0.9289, -0.0672, 0.2638, 0.0100
-0.5634, -0.0838, 0.9296, -0.0686, 0.2617, 0.0100
-0.5599, -0.0876, 0.9295, -0.0699, 0.2601, 0.0100
-0.5576, -0.0880, 0.9283, -0.0698, 0.2589, 0.0101
-0.5547, -0.0828, 0.9263, -0.0675, 0.2575, 0.0101
-0.5527, -0.0744, 0.9241, -0.0639, 0.2563, 0.0101
-0.5518, -0.0662, 0.9253, -0.0604, 0.2556, 0.0100
-0.5513, -0.0602, 0.9288, -0.0579, 0.2552, 0.0100
-0.5523, -0.0581, 0.9287, -0.0569, 0.2553, 0.0099
-0.5561, -0.0592, 0.9245, -0.0571, 0.2564, 0.0099
-0.5646, -0.0624, 0.9194, -0.0583, 0.2593, 0.0099
-0.5773, -0.0677, 0.9152, -0.0604, 0.2640, 0.0099
-0.5896, -0.0726, 0.9135, -0.0625, 0.2685, 0.0100
-0.5977, -0.0755, 0.9169, -0.0638, 0.2715, 0.0100
-0.6000, -0.0775, 0.9242, -0.0646, 0.2721, 0.0100
-0.5992, -0.0803, 0.9306, -0.0657, 0.2714, 0.0100
-0.5998, -0.0836, 0.9316, -0.0668, 0.2711, 0.0101
-0.6020, -0.0874, 0.9274, -0.0681, 0.2712, 0.0102
-0.6020, -0.0906, 0.9232, -0.0690, 0.2703, 0.0104
-0.5979, -0.0905, 0.9222, -0.0686, 0.2676, 0.0105
-0.5906, -0.0880, 0.9240, -0.0672, 0.2636, 0.0107
-0.5823, -0.0854, 0.9291, -0.0657, 0.2591, 0.0108
-0.5744, -0.0832, 0.9383, -0.0644, 0.2548, 0.0108
-0.5680, -0.0819, 0.9481, -0.0634, 0.2511, 0.0108
-0.5652, -0.0787, 0.9546, -0.0616, 0.2488, 0.0107
-0.5647, -0.0716, 0.9588, -0.0583, 0.2474, 0.0106
-0.5637, -0.0605, 0.9631, -0.0534, 0.2460, 0.0103
-0.5628, -0.0481, 0.9664, -0.0482, 0.2447, 0.0101
-0.5643, -0.0386, 0.9656, -0.0441, 0.2443, 0.0098
-0.5699, -0.0337, 0.9611, -0.0418, 0.2455, 0.0097
-0.5776, -0.0334, 0.9568, -0.0416, 0.2477, 0.0097
-0.5863, -0.0364, 0.9534, -0.0427, 0.2502, 0.0098
-0.5953, -0.0396, 0.9502, -0.0440, 0.2528, 0.0099
-0.6014, -0.0408, 0.9481, -0.0444, 0.2542, 0.0100
-0.6046, -0.0409, 0.9452, -0.0443, 0.2541, 0.0101
-0.6091, -0.0419, 0.9395, -0.0445, 0.2545, 0.0102
-0.6158, -0.0434, 0.9335, -0.0448, 0.2556, 0.0103
-0.6226, -0.0441, 0.9285, -0.0449, 0.2569, 0.0102
-0.6281, -0.0436, 0.9235, -0.0445, 0.2576, 0.0102
-0.6297, -0.0445, 0.9200, -0.0446, 0.2570, 0.0101
-0.6285, -0.0480, 0.9183, -0.0458, 0.2554, 0.0100
-0.6290, -0.0545, 0.9165, -0.0482, 0.2545, 0.0100
-0.6319, -0.0651, 0.9127, -0.0522, 0.2547, 0.0100
-0.6363, -0.0765, 0.9064, -0.0567, 0.2553, 0.0101
-0.6413, -0.0848, 0.9017, -0.0600, 0.2562, 0.0103
-0.6457, -0.0896, 0.8986, -0.0619, 0.2568, 0.0105
-0.6479, -0.0895, 0.8962, -0.0620, 0.2563, 0.0107
-0.6492, -0.0857, 0.8966, -0.0607, 0.2554, 0.0110
-0.6535, -0.0831, 0.8973, -0.0599, 0.2557, 0.0113
-0.6570, -0.0823, 0.8994, -0.0599, 0.2558, 0.0117
-0.6578, -0.0824, 0.9049, -0.0601, 0.2550, 0.0120
-0.6595, -0.0837, 0.9105, -0.0608, 0.2546, 0.0123
-0.6642, -0.0876, 0.9138, -0.0625, 0.2556, 0.0125
-0.6735, -0.0958, 0.9129, -0.0659, 0.2584, 0.0128
-0.6839, -0.1055, 0.9089, -0.0699, 0.2617, 0.0130
-0.6886, -0.1115, 0.9051, -0.0723, 0.2627, 0.0131
-0.6838, -0.1124, 0.9043, -0.0724, 0.2598, 0.0132
-0.6718, -0.1093, 0.9087, -0.0710, 0.2541, 0.0132
-0.6593, -0.1041, 0.9171, -0.0688, 0.2481, 0.0133
-0.6513, -0.0986, 0.9259, -0.0667, 0.2440, 0.0134
-0.6473, -0.0940, 0.9340, -0.0649, 0.2415, 0.0135
-0.6465, -0.0906, 0.9388, -0.0635, 0.2402, 0.0137
-0.6489, -0.0887, 0.9374, -0.0627, 0.2401, 0.0138
-0.6525, -0.0903, 0.9316, -0.0631, 0.2404, 0.0139
-0.6546, -0.0966, 0.9238, -0.0651, 0.2401, 0.0139
-0.6554, -0.1027, 0.9148, -0.0670, 0.2393, 0.0139
-0.6562, -0.1045, 0.9063, -0.0672, 0.2386, 0.0137
-0.6556, -0.1019, 0.9008, -0.0656, 0.2373, 0.0136
-0.6526, -0.0978, 0.9004, -0.0635, 0.2352, 0.0133
-0.6503, -0.0969, 0.9043, -0.0628, 0.2335, 0.0132
-0.6503, -0.0997, 0.9103, -0.0637, 0.2329, 0.0132
-0.6505, -0.1022, 0.9170, -0.0645, 0.2324, 0.0132
-0.6514, -0.1029, 0.9209, -0.0647, 0.2321, 0.0133
-0.6549, -0.1032, 0.9205, -0.0647, 0.2328, 0.0134
-0.6579, -0.1024, 0.9200, -0.0643, 0.2334, 0.0135
-0.6575, -0.0992, 0.9227, -0.0630, 0.2327, 0.0136
-0.6565, -0.0957, 0.9282, -0.0617, 0.2318, 0.0136
-0.6561, -0.0944, 0.9341, -0.0611, 0.2312, 0.0137
-0.6564, -0.0951, 0.9373, -0.0612, 0.2308, 0.0138
-0.6566, -0.0959, 0.9372, -0.0613, 0.2303, 0.0138
-0.6534, -0.0956, 0.9361, -0.0610, 0.2284, 0.0137
-0.6483, -0.0945, 0.9347, -0.0602, 0.2257, 0.0135
-0.6450, -0.0955, 0.9343, -0.0603, 0.2238, 0.0134
-0.6433, -0.1003, 0.9343, -0.0620, 0.2226, 0.0133
-0.6408, -0.1056, 0.9324, -0.0639, 0.2210, 0.0132
-0.6378, -0.1092, 0.9275, -0.0650, 0.2192, 0.0133
-0.6349, -0.1115, 0.9213, -0.0658, 0.2173, 0.0134
-0.6294, -0.1124, 0.9175, -0.0659, 0.2145, 0.0135
-0.6206, -0.1107, 0.9194, -0.0651, 0.2105, 0.0136
-0.6096, -0.1075, 0.9274, -0.0638, 0.2058, 0.0138
-0.5974, -0.1066, 0.9367, -0.0634, 0.2006, 0.0140
-0.5849, -0.1078, 0.9434, -0.0638, 0.1953, 0.0141
-0.5741, -0.1092, 0.9459, -0.0642, 0.1905, 0.0142
-0.5645, -0.1087, 0.9461, -0.0639, 0.1861, 0.0143
-0.5534, -0.1056, 0.9468, -0.0626, 0.1811, 0.0143
-0.5435, -0.1032, 0.9440, -0.0616, 0.1765, 0.0143
-0.5395, -0.1052, 0.9328, -0.0623, 0.1741, 0.0144
-0.5425, -0.1115, 0.9151, -0.0647, 0.1745, 0.0147
-0.5492, -0.1210, 0.8962, -0.0686, 0.1764, 0.0150
-0.5580, -0.1335, 0.8784, -0.0736, 0.1792, 0.0153
-0.5683, -0.1453, 0.8652, -0.0785, 0.1828, 0.0157
-0.5776, -0.1534, 0.8591, -0.0820, 0.1862, 0.0160
-0.5833, -0.1582, 0.8594, -0.0842, 0.1883, 0.0162
-0.5840, -0.1607, 0.8650, -0.0853, 0.1885, 0.0164
-0.5822, -0.1628, 0.8722, -0.0864, 0.1878, 0.0165
-0.5786, -0.1655, 0.8796, -0.0875, 0.1863, 0.0166
-0.5722, -0.1682, 0.8898, -0.0886, 0.1837, 0.0167
-0.5628, -0.1708, 0.9037, -0.0895, 0.1801, 0.0166
-0.5504, -0.1701, 0.9171, -0.0891, 0.1752, 0.0164
-0.5371, -0.1633, 0.9262, -0.0861, 0.1698, 0.0162
-0.5263, -0.1533, 0.9316, -0.0817, 0.1653, 0.0159
-0.5187, -0.1430, 0.9331, -0.0772, 0.1621, 0.0156
-0.5129, -0.1318, 0.9320, -0.0724, 0.1595, 0.0154
-0.5082, -0.1217, 0.9310, -0.0682, 0.1573, 0.0153
-0.5040, -0.1155, 0.9306, -0.0656, 0.1554, 0.0154
-0.4970, -0.1113, 0.9326, -0.0637, 0.1524, 0.0155
-0.4877, -0.1070, 0.9381, -0.0618, 0.1486, 0.0156
-0.4828, -0.1051, 0.9433, -0.0610, 0.1465, 0.0157
-0.4835, -0.1070, 0.9444, -0.0617, 0.1467, 0.0159
-0.4850, -0.1107, 0.9418, -0.0631, 0.1470, 0.0160
-0.4859, -0.1146, 0.9364, -0.0645, 0.1470, 0.0161
-0.4889, -0.1184, 0.9288, -0.0660, 0.1479, 0.0162
-0.4937, -0.1228, 0.9201, -0.0676, 0.1494, 0.0162
-0.4971, -0.1275, 0.9102, -0.0693, 0.1503, 0.0162
-0.4984, -0.1341, 0.8989, -0.0717, 0.1503, 0.0161
-0.4972, -0.1421, 0.8895, -0.0745, 0.1493, 0.0160
-0.4942, -0.1471, 0.8841, -0.0762, 0.1478, 0.0159
-0.4927, -0.1483, 0.8800, -0.0765, 0.1468, 0.0158
-0.4938, -0.1484, 0.8748, -0.0765, 0.1468, 0.0158
-0.4972, -0.1476, 0.8680, -0.0761, 0.1477, 0.0158
-0.5005, -0.1433, 0.8627, -0.0745, 0.1486, 0.0158
-0.4991, -0.1349, 0.8618, -0.0712, 0.1478, 0.0158
-0.4933, -0.1265, 0.8613, -0.0679, 0.1451, 0.0159
-0.4851, -0.1221, 0.8586, -0.0660, 0.1415, 0.0160
-0.4751, -0.1210, 0.8581, -0.0654, 0.1372, 0.0161
-0.4653, -0.1241, 0.8606, -0.0665, 0.1332, 0.0163
-0.4590, -0.1325, 0.8633, -0.0697, 0.1306, 0.0165
-0.4582, -0.1445, 0.8672, -0.0743, 0.1304, 0.0166
-0.4632, -0.1569, 0.8699, -0.0792, 0.1325, 0.0168
-0.4698, -0.1678, 0.8696, -0.0834, 0.1351, 0.0168
-0.4723, -0.1770, 0.8683, -0.0867, 0.1361, 0.0167
-0.4705, -0.1830, 0.8651, -0.0886, 0.1352, 0.0166
-0.4644, -0.1836, 0.8613, -0.0883, 0.1325, 0.0164
-0.4526, -0.1807, 0.8583, -0.0866, 0.1275, 0.0162
-0.4408, -0.1765, 0.8542, -0.0844, 0.1224, 0.0161
-0.4312, -0.1704, 0.8508, -0.0815, 0.1181, 0.0160
-0.4199, -0.1638, 0.8536, -0.0785, 0.1133, 0.0159
-0.4076, -0.1589, 0.8632, -0.0763, 0.1083, 0.0158
-0.3959, -0.1552, 0.8747, -0.0747, 0.1035, 0.0158
-0.3862, -0.1519, 0.8833, -0.0734, 0.0994, 0.0157
-0.3799, -0.1466, 0.8873, -0.0712, 0.0966, 0.0155
-0.3761, -0.1398, 0.8882, -0.0684, 0.0947, 0.0153
-0.3742, -0.1364, 0.8833, -0.0669, 0.0935, 0.0151
-0.3745, -0.1382, 0.8702, -0.0675, 0.0930, 0.0150
-0.3775, -0.1450, 0.8537, -0.0699, 0.0936, 0.0150
-0.3788, -0.1527, 0.8403, -0.0728, 0.0935, 0.0150
-0.3736, -0.1592, 0.8317, -0.0752, 0.0909, 0.0150
-0.3633, -0.1645, 0.8245, -0.0769, 0.0863, 0.0150
-0.3494, -0.1656, 0.8177, -0.0770, 0.0802, 0.0149
-0.3343, -0.1634, 0.8123, -0.0757, 0.0736, 0.0149
-0.3212, -0.1612, 0.8080, -0.0745, 0.0678, 0.0149
-0.3081, -0.1582, 0.8053, -0.0731, 0.0621, 0.0150
-0.2922, -0.1549, 0.8035, -0.0715, 0.0552, 0.0152
-0.2750, -0.1536, 0.7999, -0.0706, 0.0476, 0.0153
-0.2604, -0.1546, 0.7936, -0.0705, 0.0411, 0.0153
-0.2496, -0.1564, 0.7854, -0.0708, 0.0360, 0.0154
-0.2397, -0.1568, 0.7785, -0.0705, 0.0313, 0.0154
-0.2292, -0.1538, 0.7748, -0.0688, 0.0264, 0.0152
-0.2198, -0.1483, 0.7739, -0.0662, 0.0219, 0.0150
-0.2133, -0.1429, 0.7725, -0.0637, 0.0187, 0.0148
-0.2115, -0.1403, 0.7642, -0.0624, 0.0171, 0.0147
-0.2142, -0.1415, 0.7487, -0.0627, 0.0172, 0.0148
-0.2191, -0.1453, 0.7324, -0.0640, 0.0182, 0.0149
-0.2232, -0.1488, 0.7216, -0.0652, 0.0191, 0.0151
-0.2248, -0.1500, 0.7166, -0.0656, 0.0192, 0.0153
-0.2238, -0.1502, 0.7112, -0.0655, 0.0182, 0.0155
-0.2210, -0.1505, 0.7017, -0.0655, 0.0164, 0.0157
-0.2176, -0.1504, 0.6921, -0.0653, 0.0143, 0.0159
-0.2146, -0.1518, 0.6850, -0.0657, 0.0124, 0.0160
-0.2096, -0.1559, 0.6798, -0.0671, 0.0097, 0.0160
-0.2037, -0.1611, 0.6769, -0.0689, 0.0067, 0.0161
-0.2022, -0.1662, 0.6775, -0.0709, 0.0056, 0.0161
-0.2042, -0.1715, 0.6800, -0.0731, 0.0060, 0.0161
-0.2053, -0.1765, 0.6820, -0.0751, 0.0060, 0.0161
-0.2057, -0.1796, 0.6840, -0.0764, 0.0058, 0.0161
-0.2073, -0.1816, 0.6861, -0.0773, 0.0061, 0.0162
-0.2109, -0.1840, 0.6864, -0.0785, 0.0071, 0.0164
-0.2161, -0.1873, 0.6851, -0.0799, 0.0088, 0.0167
-0.2201, -0.1894, 0.6827, -0.0809, 0.0100, 0.0169
-0.2207, -0.1885, 0.6789, -0.0806, 0.0097, 0.0171
-0.2186, -0.1859, 0.6748, -0.0795, 0.0083, 0.0172
-0.2152, -0.1831, 0.6720, -0.0783, 0.0063, 0.0173
-0.2123, -0.1802, 0.6710, -0.0771, 0.0047, 0.0172
-0.2096, -0.1797, 0.6688, -0.0767, 0.0030, 0.0172
-0.2064, -0.1819, 0.6622, -0.0774, 0.0012, 0.0172
-0.2024, -0.1852, 0.6513, -0.0784, -0.0012, 0.0173
-0.1947, -0.1873, 0.6429, -0.0790, -0.0050, 0.0173
-0.1844, -0.1876, 0.6402, -0.0790, -0.0098, 0.0175
-0.1776, -0.1879, 0.6391, -0.0792, -0.0130, 0.0176
-0.1762, -0.1890, 0.6371, -0.0798, -0.0141, 0.0178
-0.1753, -0.1924, 0.6354, -0.0813, -0.0150, 0.0180
-0.1700, -0.1984, 0.6342, -0.0838, -0.0176, 0.0182
-0.1604, -0.2047, 0.6330, -0.0864, -0.0219, 0.0183
-0.1493, -0.2092, 0.6306, -0.0881, -0.0269, 0.0184
-0.1356, -0.2087, 0.6269, -0.0877, -0.0331, 0.0184
-0.1194, -0.2044, 0.6234, -0.0857, -0.0403, 0.0182
-0.1035, -0.2006, 0.6204, -0.0840, -0.0474, 0.0181
-0.0887, -0.1983, 0.6170, -0.0829, -0.0540, 0.0181
-0.0739, -0.1963, 0.6143, -0.0818, -0.0607, 0.0179
-0.0589, -0.1950, 0.6122, -0.0811, -0.0673, 0.0178
-0.0461, -0.1956, 0.6075, -0.0811, -0.0731, 0.0177
-0.0354, -0.1972, 0.6009, -0.0815, -0.0781, 0.0176
-0.0252, -0.1974, 0.5964, -0.0814, -0.0828, 0.0175
-0.0174, -0.1954, 0.5927, -0.0805, -0.0865, 0.0173
-0.0140, -0.1933, 0.5866, -0.0795, -0.0885, 0.0172
-0.0129, -0.1960, 0.5760, -0.0804, -0.0896, 0.0171
-0.0125, -0.2028, 0.5629, -0.0828, -0.0905, 0.0170
-0.0151, -0.2084, 0.5523, -0.0848, -0.0901, 0.0168
-0.0185, -0.2094, 0.5461, -0.0850, -0.0893, 0.0166
-0.0206, -0.2053, 0.5431, -0.0831, -0.0889, 0.0163
-0.0238, -0.1999, 0.5403, -0.0808, -0.0881, 0.0160
-0.0288, -0.1959, 0.5365, -0.0789, -0.0865, 0.0157
-0.0346, -0.1912, 0.5341, -0.0768, -0.0846, 0.0154
-0.0386, -0.1847, 0.5368, -0.0742, -0.0833, 0.0152
-0.0381, -0.1759, 0.5468, -0.0707, -0.0836, 0.0150
-0.0375, -0.1665, 0.5572, -0.0671, -0.0840, 0.0149
-0.0444, -0.1609, 0.5611, -0.0651, -0.0816, 0.0150
-0.0560, -0.1594, 0.5612, -0.0648, -0.0773, 0.0152
-0.0643, -0.1586, 0.5614, -0.0647, -0.0743, 0.0154
-0.0660, -0.1573, 0.5636, -0.0643, -0.0740, 0.0156
-0.0624, -0.1557, 0.5698, -0.0638, -0.0757, 0.0157
-0.0568, -0.1541, 0.5778, -0.0632, -0.0781, 0.0157
-0.0508, -0.1509, 0.5848, -0.0621, -0.0807, 0.0157
-0.0442, -0.1451, 0.5901, -0.0598, -0.0836, 0.0156
-0.0392, -0.1400, 0.5930, -0.0579, -0.0859, 0.0155
-0.0388, -0.1399, 0.5911, -0.0579, -0.0863, 0.0155
-0.0418, -0.1439, 0.5849, -0.0596, -0.0855, 0.0156
-0.0435, -0.1499, 0.5785, -0.0621, -0.0851, 0.0156
-0.0446, -0.1572, 0.5724, -0.0650, -0.0849, 0.0158
-0.0475, -0.1642, 0.5650, -0.0680, -0.0841, 0.0160
-0.0477, -0.1711, 0.5584, -0.0709, -0.0843, 0.0163
-0.0417, -0.1784, 0.5520, -0.0739, -0.0870, 0.0167
-0.0324, -0.1854, 0.5459, -0.0766, -0.0911, 0.0170
-0.0220, -0.1880, 0.5456, -0.0777, -0.0955, 0.0174
-0.0106, -0.1835, 0.5500, -0.0760, -0.1002, 0.0177
0.0005, -0.1767, 0.5519, -0.0733, -0.1048, 0.0179
0.0105, -0.1750, 0.5467, -0.0724, -0.1091, 0.0181
0.0201, -0.1780, 0.5368, -0.0732, -0.1133, 0.0182
0.0296, -0.1802, 0.5304, -0.0736, -0.1174, 0.0182
0.0366, -0.1803, 0.5311, -0.0733, -0.1202, 0.0182
0.0382, -0.1814, 0.5348, -0.0735, -0.1209, 0.0180
0.0351, -0.1847, 0.5375, -0.0747, -0.1197, 0.0179
0.0312, -0.1881, 0.5399, -0.0758, -0.1182, 0.0179
0.0275, -0.1903, 0.5424, -0.0765, -0.1168, 0.0178
0.0227, -0.1910, 0.5461, -0.0766, -0.1149, 0.0178
0.0187, -0.1895, 0.5545, -0.0759, -0.1132, 0.0179
0.0159, -0.1869, 0.5660, -0.0749, -0.1119, 0.0180
0.0127, -0.1864, 0.5758, -0.0746, -0.1104, 0.0182
0.0102, -0.1869, 0.5819, -0.0747, -0.1093, 0.0183
0.0080, -0.1876, 0.5851, -0.0748, -0.1084, 0.0184
0.0047, -0.1885, 0.5895, -0.0750, -0.1070, 0.0184
0.0008, -0.1874, 0.5984, -0.0745, -0.1052, 0.0184
-0.0008, -0.1836, 0.6117, -0.0731, -0.1043, 0.0183
-0.0009, -0.1789, 0.6243, -0.0713, -0.1040, 0.0181
-0.0046, -0.1771, 0.6295, -0.0705, -0.1024, 0.0180
-0.0142, -0.1793, 0.6266, -0.0714, -0.0986, 0.0179
-0.0269, -0.1824, 0.6225, -0.0727, -0.0936, 0.0178
-0.0384, -0.1831, 0.6225, -0.0730, -0.0890, 0.0178
-0.0494, -0.1829, 0.6227, -0.0732, -0.0845, 0.0179
-0.0621, -0.1862, 0.6169, -0.0747, -0.0796, 0.0180
-0.0729, -0.1922, 0.6075, -0.0773, -0.0754, 0.0183
-0.0795, -0.1969, 0.5991, -0.0794, -0.0729, 0.0187
-0.0835, -0.2000, 0.5911, -0.0808, -0.0715, 0.0190
-0.0856, -0.2040, 0.5844, -0.0826, -0.0708, 0.0193
-0.0859, -0.2085, 0.5803, -0.0845, -0.0709, 0.0195
-0.0824, -0.2125, 0.5796, -0.0861, -0.0723, 0.0196
-0.0738, -0.2151, 0.5848, -0.0871, -0.0758, 0.0196
-0.0612, -0.2122, 0.5965, -0.0858, -0.0806, 0.0195
-0.0465, -0.2046, 0.6086, -0.0826, -0.0865, 0.0193
-0.0322, -0.1986, 0.6144, -0.0799, -0.0923, 0.0191
-0.0232, -0.1948, 0.6129, -0.0781, -0.0962, 0.0190
-0.0211, -0.1899, 0.6070, -0.0758, -0.0974, 0.0190
-0.0221, -0.1833, 0.6032, -0.0729, -0.0973, 0.0190
-0.0221, -0.1764, 0.6068, -0.0700, -0.0974, 0.0190
-0.0191, -0.1683, 0.6187, -0.0666, -0.0984, 0.0191
-0.0169, -0.1614, 0.6355, -0.0639, -0.0989, 0.0191
-0.0194, -0.1611, 0.6556, -0.0638, -0.0974, 0.0192
-0.0231, -0.1652, 0.6809, -0.0656, -0.0951, 0.0193
-0.0227, -0.1677, 0.7109, -0.0668, -0.0943, 0.0193
-0.0188, -0.1661, 0.7434, -0.0663, -0.0949, 0.0193
-0.0141, -0.1608, 0.7766, -0.0645, -0.0958, 0.0191
-0.0107, -0.1545, 0.8070, -0.0622, -0.0962, 0.0189
-0.0108, -0.1490, 0.8350, -0.0604, -0.0953, 0.0188
-0.0152, -0.1459, 0.8616, -0.0595, -0.0927, 0.0186
-0.0249, -0.1463, 0.8827, -0.0602, -0.0881, 0.0186
-0.0383, -0.1484, 0.8977, -0.0616, -0.0823, 0.0186
-0.0533, -0.1509, 0.9109, -0.0632, -0.0758, 0.0188
-0.0707, -0.1547, 0.9243, -0.0655, -0.0683, 0.0189
-0.0890, -0.1581, 0.9348, -0.0677, -0.0605, 0.0191
-0.1048, -0.1590, 0.9435, -0.0689, -0.0538, 0.0194
-0.1162, -0.1587, 0.9516, -0.0695, -0.0489, 0.0197
-0.1260, -0.1600, 0.9550, -0.0708, -0.0448, 0.0200
-0.1366, -0.1623, 0.9536, -0.0724, -0.0404, 0.0204
-0.1463, -0.1629, 0.9504, -0.0733, -0.0365, 0.0208
-0.1535, -0.1617, 0.9477, -0.0734, -0.0337, 0.0210
-0.1587, -0.1611, 0.9461, -0.0736, -0.0316, 0.0212
-0.1641, -0.1614, 0.9447, -0.0741, -0.0293, 0.0212
-0.1711, -0.1623, 0.9411, -0.0747, -0.0265, 0.0212
-0.1782, -0.1630, 0.9370, -0.0752, -0.0235, 0.0212
-0.1836, -0.1651, 0.9350, -0.0760, -0.0211, 0.0211
-0.1869, -0.1688, 0.9355, -0.0774, -0.0194, 0.0210
-0.1903, -0.1702, 0.9403, -0.0778, -0.0174, 0.0209
-0.1950, -0.1695, 0.9491, -0.0775, -0.0148, 0.0208
-0.2018, -0.1705, 0.9560, -0.0778, -0.0112, 0.0208
-0.2111, -0.1722, 0.9576, -0.0782, -0.0068, 0.0207
-0.2247, -0.1737, 0.9552, -0.0787, -0.0008, 0.0207
-0.2417, -0.1754, 0.9508, -0.0791, 0.0065, 0.0207
-0.2553, -0.1757, 0.9472, -0.0790, 0.0123, 0.0207
-0.2613, -0.1738, 0.9497, -0.0779, 0.0152, 0.0205
-0.2590, -0.1695, 0.9607, -0.0758, 0.0148, 0.0202
-0.2471, -0.1636, 0.9778, -0.0731, 0.0105, 0.0199
-0.2267, -0.1569, 0.9979, -0.0700, 0.0029, 0.0196
-0.2027, -0.1491, 1.0144, -0.0664, -0.0063, 0.0193
-0.1789, -0.1394, 1.0217, -0.0622, -0.0157, 0.0191
-0.1586, -0.1306, 1.0205, -0.0583, -0.0239, 0.0189
-0.1476, -0.1273, 1.0135, -0.0569, -0.0284, 0.0189
-0.1477, -0.1297, 1.0006, -0.0579, -0.0286, 0.0190
-0.1531, -0.1362, 0.9832, -0.0607, -0.0267, 0.0193
-0.1581, -0.1456, 0.9630, -0.0646, -0.0251, 0.0197
-0.1605, -0.1555, 0.9428, -0.0687, -0.0245, 0.0201
-0.1604, -0.1635, 0.9271, -0.0720, -0.0249, 0.0204
-0.1577, -0.1686, 0.9148, -0.0741, -0.0263, 0.0207
-0.1514, -0.1731, 0.9046, -0.0759, -0.0290, 0.0209
-0.1441, -0.1795, 0.8986, -0.0786, -0.0320, 0.0210
-0.1365, -0.1858, 0.8980, -0.0811, -0.0349, 0.0210
-0.1252, -0.1888, 0.9013, -0.0823, -0.0392, 0.0210
-0.1113, -0.1897, 0.9035, -0.0824, -0.0445, 0.0208
-0.0979, -0.1895, 0.9015, -0.0820, -0.0497, 0.0207
-0.0865, -0.1873, 0.8987, -0.0806, -0.0541, 0.0205
-0.0803, -0.1836, 0.8955, -0.0788, -0.0566, 0.0204
-0.0776, -0.1793, 0.8883, -0.0766, -0.0577, 0.0204
-0.0749, -0.1754, 0.8784, -0.0745, -0.0591, 0.0204
-0.0709, -0.1742, 0.8699, -0.0735, -0.0611, 0.0204
-0.0616, -0.1752, 0.8616, -0.0731, -0.0652, 0.0204
-0.0444, -0.1753, 0.8481, -0.0722, -0.0728, 0.0202
-0.0230, -0.1735, 0.8290, -0.0703, -0.0822, 0.0201
-0.0011, -0.1724, 0.8061, -0.0687, -0.0919, 0.0198
0.0203, -0.1732, 0.7802, -0.0679, -0.1014, 0.0195
0.0405, -0.1754, 0.7509, -0.0676, -0.1105, 0.0192
0.0593, -0.1796, 0.7164, -0.0682, -0.1192, 0.0190
0.0754, -0.1868, 0.6788, -0.0700, -0.1268, 0.0187
0.0887, -0.1956, 0.6429, -0.0727, -0.1333, 0.0186
0.1029, -0.2040, 0.6122, -0.0753, -0.1401, 0.0185
0.1168, -0.2127, 0.5844, -0.0782, -0.1467, 0.0185
0.1260, -0.2204, 0.5574, -0.0809, -0.1515, 0.0186
0.1301, -0.2248, 0.5325, -0.0824, -0.1542, 0.0187
0.1297, -0.2261, 0.5087, -0.0829, -0.1551, 0.0189
0.1260, -0.2269, 0.4853, -0.0831, -0.1546, 0.0192
0.1201, -0.2286, 0.4601, -0.0837, -0.1532, 0.0195
0.1127, -0.2301, 0.4304, -0.0842, -0.1514, 0.0199
0.1037, -0.2337, 0.3986, -0.0855, -0.1489, 0.0203
0.0936, -0.2420, 0.3695, -0.0887, -0.1459, 0.0207
0.0854, -0.2498, 0.3434, -0.0916, -0.1436, 0.0210
0.0812, -0.2517, 0.3182, -0.0921, -0.1430, 0.0211
0.0815, -0.2479, 0.2958, -0.0903, -0.1442, 0.0212
0.0838, -0.2418, 0.2770, -0.0876, -0.1461, 0.0211
0.0864, -0.2377, 0.2575, -0.0858, -0.1481, 0.0210
0.0918, -0.2364, 0.2365, -0.0850, -0.1513, 0.0210
0.1022, -0.2359, 0.2175, -0.0845, -0.1564, 0.0210
0.1179, -0.2353, 0.2012, -0.0839, -0.1636, 0.0210
0.1393, -0.2345, 0.1860, -0.0831, -0.1730, 0.0209
0.1643, -0.2346, 0.1714, -0.0825, -0.1838, 0.0209
0.1880, -0.2364, 0.1569, -0.0827, -0.1941, 0.0209
0.2095, -0.2375, 0.1419, -0.0825, -0.2035, 0.0210
0.2308, -0.2347, 0.1283, -0.0809, -0.2127, 0.0209
0.2499, -0.2302, 0.1206, -0.0787, -0.2210, 0.0208
0.2673, -0.2247, 0.1197, -0.0761, -0.2284, 0.0206
0.2830, -0.2177, 0.1205, -0.0730, -0.2351, 0.0204
0.2963, -0.2119, 0.1207, -0.0703, -0.2408, 0.0201
0.3088, -0.2042, 0.1232, -0.0668, -0.2462, 0.0199
0.3208, -0.1927, 0.1266, -0.0618, -0.2514, 0.0196
0.3302, -0.1828, 0.1284, -0.0574, -0.2556, 0.0194
0.3354, -0.1780, 0.1312, -0.0552, -0.2581, 0.0192
0.3391, -0.1769, 0.1336, -0.0544, -0.2599, 0.0191
0.3450, -0.1770, 0.1326, -0.0542, -0.2627, 0.0191
0.3522, -0.1781, 0.1298, -0.0543, -0.2661, 0.0192
0.3585, -0.1788, 0.1271, -0.0544, -0.2691, 0.0193
0.3631, -0.1797, 0.1234, -0.0547, -0.2714, 0.0195
0.3668, -0.1841, 0.1198, -0.0566, -0.2732, 0.0198
0.3715, -0.1908, 0.1199, -0.0594, -0.2753, 0.0201
0.3754, -0.1977, 0.1221, -0.0625, -0.2769, 0.0205
0.3769, -0.2043, 0.1241, -0.0655, -0.2775, 0.0208
0.3782, -0.2081, 0.1275, -0.0676, -0.2779, 0.0210
0.3805, -0.2106, 0.1311, -0.0692, -0.2787, 0.0213
0.3820, -0.2130, 0.1286, -0.0707, -0.2793, 0.0214
0.3812, -0.2140, 0.1159, -0.0715, -0.2792, 0.0216
0.3788, -0.2147, 0.0991, -0.0721, -0.2786, 0.0218
0.3723, -0.2151, 0.0850, -0.0727, -0.2763, 0.0220
0.3569, -0.2162, 0.0715, -0.0737, -0.2702, 0.0223
0.3351, -0.2184, 0.0593, -0.0754, -0.2614, 0.0227
0.3137, -0.2216, 0.0534, -0.0775, -0.2526, 0.0232
0.2953, -0.2262, 0.0554, -0.0802, -0.2447, 0.0237
0.2805, -0.2319, 0.0643, -0.0834, -0.2381, 0.0243
0.2705, -0.2394, 0.0790, -0.0873, -0.2333, 0.0248
0.2629, -0.2488, 0.0986, -0.0919, -0.2292, 0.0252
0.2541, -0.2577, 0.1200, -0.0964, -0.2245, 0.0256
0.2467, -0.2629, 0.1446, -0.0993, -0.2203, 0.0258
0.2414, -0.2641, 0.1747, -0.1007, -0.2169, 0.0260
0.2351, -0.2661, 0.2074, -0.1024, -0.2129, 0.0260
0.2265, -0.2698, 0.2432, -0.1047, -0.2079, 0.0261
0.2144, -0.2719, 0.2806, -0.1065, -0.2014, 0.0261
0.1974, -0.2724, 0.3170, -0.1077, -0.1929, 0.0261
0.1786, -0.2710, 0.3558, -0.1083, -0.1836, 0.0261
0.1609, -0.2680, 0.3979, -0.1081, -0.1747, 0.0260
0.1430, -0.2645, 0.4386, -0.1077, -0.1656, 0.0260
0.1221, -0.2618, 0.4770, -0.1075, -0.1555, 0.0260
0.0993, -0.2607, 0.5179, -0.1081, -0.1444, 0.0261
0.0772, -0.2591, 0.5623, -0.1086, -0.1335, 0.0262
0.0568, -0.2583, 0.6061, -0.1093, -0.1233, 0.0263
0.0414, -0.2597, 0.6479, -0.1108, -0.1153, 0.0264
0.0293, -0.2621, 0.6868, -0.1126, -0.1087, 0.0265
0.0139, -0.2666, 0.7214, -0.1151, -0.1009, 0.0266
-0.0066, -0.2727, 0.7503, -0.1183, -0.0912, 0.0266
-0.0315, -0.2748, 0.7742, -0.1199, -0.0799, 0.0267
-0.0583, -0.2691, 0.7980, -0.1186, -0.0679, 0.0267
-0.0820, -0.2597, 0.8250, -0.1159, -0.0571, 0.0268
-0.0979, -0.2526, 0.8557, -0.1141, -0.0495, 0.0269
-0.1061, -0.2471, 0.8894, -0.1129, -0.0448, 0.0272
-0.1084, -0.2408, 0.9245, -0.1115, -0.0426, 0.0275
-0.1078, -0.2345, 0.9611, -0.1101, -0.0414, 0.0277
-0.1074, -0.2296, 1.0004, -0.1092, -0.0401, 0.0280
-0.1067, -0.2258, 1.0407, -0.1087, -0.0388, 0.0282
-0.1079, -0.2231, 1.0786, -0.1087, -0.0368, 0.0285
-0.1148, -0.2212, 1.1110, -0.1089, -0.0326, 0.0287
-0.1280, -0.2215, 1.1347, -0.1098, -0.0261, 0.0288
-0.1421, -0.2226, 1.1515, -0.1108, -0.0194, 0.0289
-0.1487, -0.2217, 1.1684, -0.1109, -0.0159, 0.0290
-0.1458, -0.2223, 1.1866, -0.1114, -0.0162, 0.0291
-0.1376, -0.2256, 1.2011, -0.1127, -0.0188, 0.0291
-0.1279, -0.2280, 1.2094, -0.1136, -0.0222, 0.0292
-0.1204, -0.2301, 1.2122, -0.1143, -0.0250, 0.0294
-0.1159, -0.2332, 1.2085, -0.1154, -0.0267, 0.0295
-0.1139, -0.2350, 1.1988, -0.1160, -0.0276, 0.0296
-0.1176, -0.2349, 1.1851, -0.1159, -0.0264, 0.0297
-0.1242, -0.2350, 1.1683, -0.1159, -0.0241, 0.0297
-0.1263, -0.2353, 1.1541, -0.1158, -0.0236, 0.0296
-0.1205, -0.2337, 1.1466, -0.1149, -0.0262, 0.0294
-0.1081, -0.2300, 1.1420, -0.1129, -0.0315, 0.0291
-0.0932, -0.2263, 1.1349, -0.1108, -0.0379, 0.0287
-0.0778, -0.2266, 1.1242, -0.1100, -0.0446, 0.0284
-0.0613, -0.2327, 1.1112, -0.1115, -0.0518, 0.0281
-0.0449, -0.2420, 1.0941, -0.1142, -0.0591, 0.0279
-0.0276, -0.2491, 1.0725, -0.1159, -0.0671, 0.0277
-0.0057, -0.2501, 1.0479, -0.1152, -0.0770, 0.0276
0.0222, -0.2467, 1.0190, -0.1128, -0.0896, 0.0276
0.0537, -0.2433, 0.9828, -0.1102, -0.1039, 0.0276
0.0872, -0.2408, 0.9400, -0.1079, -0.1191, 0.0276
0.1227, -0.2371, 0.8935, -0.1052, -0.1353, 0.0277
0.1584, -0.2345, 0.8438, -0.1030, -0.1516, 0.0277
0.1921, -0.2351, 0.7921, -0.1020, -0.1672, 0.0277
0.2263, -0.2373, 0.7452, -0.1018, -0.1827, 0.0277
0.2633, -0.2394, 0.7059, -0.1017, -0.1991, 0.0277
0.3009, -0.2407, 0.6698, -0.1013, -0.2157, 0.0277
0.3355, -0.2423, 0.6322, -0.1011, -0.2310, 0.0277
0.3642, -0.2446, 0.5923, -0.1013, -0.2440, 0.0278
0.3865, -0.2458, 0.5535, -0.1011, -0.2544, 0.0279
0.4049, -0.2463, 0.5164, -0.1008, -0.2631, 0.0281
0.4212, -0.2491, 0.4773, -0.1013, -0.2711, 0.0283
0.4361, -0.2544, 0.4354, -0.1029, -0.2785, 0.0285
0.4529, -0.2606, 0.3941, -0.1047, -0.2868, 0.0287
0.4731, -0.2664, 0.3566, -0.1064, -0.2963, 0.0288
0.4933, -0.2705, 0.3276, -0.1075, -0.3054, 0.0289
0.5091, -0.2735, 0.3063, -0.1083, -0.3125, 0.0289
0.5212, -0.2762, 0.2896, -0.1092, -0.3178, 0.0288
0.5357, -0.2780, 0.2784, -0.1097, -0.3239, 0.0286
0.5530, -0.2788, 0.2711, -0.1098, -0.3309, 0.0284
0.5662, -0.2786, 0.2628, -0.1095, -0.3362, 0.0281
0.5744, -0.2764, 0.2533, -0.1084, -0.3395, 0.0277
0.5808, -0.2719, 0.2455, -0.1064, -0.3421, 0.0274
0.5845, -0.2662, 0.2361, -0.1038, -0.3436, 0.0272
0.5855, -0.2629, 0.2201, -0.1021, -0.3443, 0.0270
0.5807, -0.2649, 0.1944, -0.1025, -0.3428, 0.0270
0.5677, -0.2700, 0.1574, -0.1040, -0.3385, 0.0271
0.5513, -0.2771, 0.1134, -0.1062, -0.3330, 0.0272
0.5381, -0.2834, 0.0722, -0.1080, -0.3287, 0.0273
0.5354, -0.2848, 0.0454, -0.1078, -0.3283, 0.0272
0.5440, -0.2822, 0.0375, -0.1061, -0.3319, 0.0269
0.5583, -0.2796, 0.0403, -0.1046, -0.3376, 0.0265
0.5754, -0.2802, 0.0437, -0.1044, -0.3442, 0.0262
0.5923, -0.2820, 0.0472, -0.1048, -0.3507, 0.0259
0.6058, -0.2793, 0.0565, -0.1037, -0.3556, 0.0256
0.6164, -0.2710, 0.0748, -0.1006, -0.3590, 0.0254
0.6271, -0.2606, 0.0974, -0.0967, -0.3625, 0.0252
0.6417, -0.2505, 0.1204, -0.0929, -0.3675, 0.0249
0.6611, -0.2412, 0.1466, -0.0893, -0.3746, 0.0247
0.6820, -0.2331, 0.1758, -0.0862, -0.3822, 0.0245
0.6992, -0.2284, 0.2038, -0.0844, -0.3885, 0.0243
0.7107, -0.2278, 0.2267, -0.0843, -0.3926, 0.0242
0.7164, -0.2314, 0.2471, -0.0861, -0.3943, 0.0242
0.7178, -0.2386, 0.2744, -0.0896, -0.3939, 0.0243
0.7233, -0.2452, 0.3176, -0.0932, -0.3947, 0.0242
0.7395, -0.2469, 0.3800, -0.0949, -0.3991, 0.0241
0.7615, -0.2442, 0.4581, -0.0952, -0.4053, 0.0239
0.7840, -0.2390, 0.5492, -0.0947, -0.4114, 0.0238
0.8079, -0.2286, 0.6510, -0.0924, -0.4175, 0.0236
0.8305, -0.2141, 0.7580, -0.0886, -0.4230, 0.0236
0.8484, -0.1995, 0.8655, -0.0849, -0.4266, 0.0236
0.8615, -0.1862, 0.9672, -0.0815, -0.4285, 0.0238
0.8694, -0.1763, 1.0565, -0.0794, -0.4286, 0.0240
0.8707, -0.1700, 1.1351, -0.0785, -0.4266, 0.0243
0.8638, -0.1662, 1.2070, -0.0786, -0.4215, 0.0246
0.8483, -0.1649, 1.2738, -0.0797, -0.4131, 0.0249
0.8271, -0.1666, 1.3356, -0.0819, -0.4025, 0.0252
0.8035, -0.1692, 1.3893, -0.0844, -0.3911, 0.0256
0.7776, -0.1713, 1.4381, -0.0866, -0.3788, 0.0260
0.7503, -0.1733, 1.4916, -0.0890, -0.3657, 0.0263
0.7247, -0.1735, 1.5532, -0.0908, -0.3529, 0.0267
0.7053, -0.1693, 1.6205, -0.0909, -0.3425, 0.0270
0.6945, -0.1606, 1.6895, -0.0890, -0.3355, 0.0273
0.6894, -0.1490, 1.7537, -0.0858, -0.3310, 0.0274
0.6815, -0.1367, 1.8066, -0.0821, -0.3259, 0.0275
0.6642, -0.1252, 1.8441, -0.0785, -0.3174, 0.0275
0.6392, -0.1134, 1.8665, -0.0746, -0.3064, 0.0275
0.6105, -0.1031, 1.8734, -0.0712, -0.2943, 0.0275
0.5808, -0.0982, 1.8671, -0.0696, -0.2824, 0.0275
0.5516, -0.0971, 1.8530, -0.0694, -0.2708, 0.0275
0.5234, -0.0977, 1.8353, -0.0698, -0.2599, 0.0275
0.4966, -0.1000, 1.8168, -0.0710, -0.2495, 0.0276
0.4707, -0.1023, 1.7971, -0.0724, -0.2395, 0.0276
0.4441, -0.1060, 1.7741, -0.0743, -0.2292, 0.0278
0.4157, -0.1135, 1.7472, -0.0778, -0.2181, 0.0281
0.3879, -0.1216, 1.7161, -0.0816, -0.2074, 0.0285
0.3640, -0.1292, 1.6786, -0.0851, -0.1984, 0.0290
0.3448, -0.1375, 1.6331, -0.0886, -0.1917, 0.0295
0.3275, -0.1474, 1.5796, -0.0924, -0.1861, 0.0300
0.3095, -0.1567, 1.5137, -0.0959, -0.1807, 0.0305
0.2909, -0.1637, 1.4351, -0.0982, -0.1756, 0.0310
0.2744, -0.1695, 1.3519, -0.0999, -0.1715, 0.0314
0.2635, -0.1756, 1.2700, -0.1017, -0.1698, 0.0318
0.2597, -0.1844, 1.1927, -0.1045, -0.1707, 0.0321
0.2604, -0.1977, 1.1204, -0.1090, -0.1733, 0.0325
0.2630, -0.2158, 1.0506, -0.1154, -0.1763, 0.0328
0.2671, -0.2390, 0.9803, -0.1239, -0.1798, 0.0332
0.2749, -0.2648, 0.9065, -0.1334, -0.1849, 0.0337
0.2908, -0.2892, 0.8322, -0.1423, -0.1931, 0.0343
0.3154, -0.3094, 0.7605, -0.1494, -0.2050, 0.0347
0.3459, -0.3240, 0.6925, -0.1542, -0.2192, 0.0350
0.3772, -0.3348, 0.6253, -0.1574, -0.2338, 0.0353
0.4029, -0.3448, 0.5537, -0.1602, -0.2463, 0.0355
0.4208, -0.3546, 0.4780, -0.1630, -0.2559, 0.0357
0.4313, -0.3631, 0.4023, -0.1654, -0.2624, 0.0359
0.4336, -0.3719, 0.3280, -0.1680, -0.2655, 0.0360
0.4285, -0.3836, 0.2556, -0.1719, -0.2654, 0.0361
0.4218, -0.3973, 0.1892, -0.1766, -0.2643, 0.0363
0.4174, -0.4111, 0.1327, -0.1815, -0.2637, 0.0365
0.4130, -0.4233, 0.0851, -0.1859, -0.2627, 0.0367
0.4064, -0.4317, 0.0425, -0.1889, -0.2607, 0.0368
0.3986, -0.4381, 0.0037, -0.1911, -0.2581, 0.0371
0.3916, -0.4429, -0.0301, -0.1929, -0.2558, 0.0374
0.3855, -0.4432, -0.0599, -0.1929, -0.2538, 0.0377
0.3765, -0.4416, -0.0914, -0.1922, -0.2509, 0.0381
0.3649, -0.4433, -0.1285, -0.1927, -0.2471, 0.0385
0.3530, -0.4473, -0.1661, -0.1941, -0.2432, 0.0389
0.3381, -0.4527, -0.1984, -0.1962, -0.2379, 0.0393
0.3172, -0.4592, -0.2261, -0.1990, -0.2298, 0.0397
0.2901, -0.4650, -0.2533, -0.2016, -0.2191, 0.0400
0.2585, -0.4698, -0.2797, -0.2040, -0.2064, 0.0404
0.2253, -0.4742, -0.3019, -0.2064, -0.1927, 0.0407
0.1917, -0.4786, -0.3172, -0.2090, -0.1787, 0.0411
0.1607, -0.4828, -0.3238, -0.2116, -0.1654, 0.0415
0.1364, -0.4865, -0.3254, -0.2140, -0.1547, 0.0420
0.1172, -0.4904, -0.3252, -0.2164, -0.1461, 0.0424
0.1016, -0.4944, -0.3210, -0.2187, -0.1389, 0.0427
0.0910, -0.4957, -0.3129, -0.2199, -0.1338, 0.0429
0.0846, -0.4933, -0.3004, -0.2194, -0.1302, 0.0430
0.0793, -0.4914, -0.2791, -0.2192, -0.1269, 0.0430
0.0710, -0.4912, -0.2444, -0.2199, -0.1220, 0.0430
0.0616, -0.4889, -0.1932, -0.2200, -0.1160, 0.0429
0.0583, -0.4810, -0.1243, -0.2180, -0.1119, 0.0427
0.0612, -0.4682, -0.0384, -0.2142, -0.1099, 0.0425
0.0625, -0.4535, 0.0610, -0.2100, -0.1069, 0.0423
0.0561, -0.4376, 0.1668, -0.2055, -0.1005, 0.0422
0.0412, -0.4234, 0.2695, -0.2019, -0.0907, 0.0422
0.0217, -0.4147, 0.3645, -0.2004, -0.0793, 0.0424
-0.0006, -0.4107, 0.4501, -0.2008, -0.0671, 0.0427
-0.0252, -0.4089, 0.5260, -0.2019, -0.0543, 0.0431
-0.0509, -0.4059, 0.5955, -0.2025, -0.0413, 0.0435
-0.0767, -0.4001, 0.6651, -0.2020, -0.0283, 0.0438
-0.0998, -0.3922, 0.7437, -0.2008, -0.0162, 0.0441
-0.1185, -0.3832, 0.8332, -0.1994, -0.0055, 0.0443
-0.1306, -0.3730, 0.9316, -0.1974, 0.0027, 0.0444
-0.1374, -0.3610, 1.0348, -0.1948, 0.0091, 0.0446
-0.1441, -0.3487, 1.1369, -0.1921, 0.0153, 0.0447
-0.1531, -0.3382, 1.2336, -0.1901, 0.0224, 0.0449
-0.1652, -0.3291, 1.3202, -0.1884, 0.0305, 0.0452
-0.1791, -0.3207, 1.3901, -0.1868, 0.0388, 0.0454
-0.1931, -0.3138, 1.4364, -0.1854, 0.0463, 0.0457
-0.2091, -0.3101, 1.4586, -0.1847, 0.0538, 0.0460
-0.2249, -0.3104, 1.4680, -0.1854, 0.0607, 0.0463
-0.2390, -0.3123, 1.4718, -0.1865, 0.0667, 0.0465
-0.2533, -0.3144, 1.4700, -0.1876, 0.0726, 0.0468
-0.2689, -0.3170, 1.4660, -0.1888, 0.0790, 0.0471
-0.2865, -0.3182, 1.4606, -0.1895, 0.0862, 0.0474
-0.3022, -0.3171, 1.4559, -0.1893, 0.0926, 0.0476
-0.3121, -0.3164, 1.4477, -0.1891, 0.0966, 0.0479
-0.3159, -0.3186, 1.4275, -0.1897, 0.0977, 0.0481
-0.3173, -0.3246, 1.3939, -0.1917, 0.0974, 0.0485
-0.3208, -0.3354, 1.3420, -0.1952, 0.0974, 0.0489
-0.3220, -0.3495, 1.2704, -0.1998, 0.0957, 0.0493
-0.3146, -0.3629, 1.1858, -0.2037, 0.0899, 0.0496
-0.3009, -0.3736, 1.0935, -0.2062, 0.0812, 0.0498
-0.2851, -0.3827, 0.9995, -0.2079, 0.0715, 0.0500
-0.2645, -0.3923, 0.9071, -0.2099, 0.0598, 0.0500
-0.2363, -0.4032, 0.8139, -0.2122, 0.0451, 0.0500
-0.2012, -0.4138, 0.7198, -0.2142, 0.0276, 0.0499
-0.1604, -0.4225, 0.6268, -0.2154, 0.0079, 0.0498
-0.1190, -0.4321, 0.5324, -0.2169, -0.0120, 0.0497
-0.0819, -0.4459, 0.4330, -0.2200, -0.0303, 0.0497
-0.0507, -0.4660, 0.3296, -0.2256, -0.0461, 0.0497
-0.0251, -0.4893, 0.2265, -0.2326, -0.0598, 0.0497
-0.0004, -0.5081, 0.1281, -0.2378, -0.0729, 0.0497
0.0262, -0.5211, 0.0388, -0.2408, -0.0867, 0.0495
0.0559, -0.5315, -0.0335, -0.2430, -0.1012, 0.0492
0.0887, -0.5387, -0.0863, -0.2440, -0.1164, 0.0487
0.1209, -0.5422, -0.1303, -0.2438, -0.1311, 0.0482
0.1488, -0.5446, -0.1735, -0.2432, -0.1437, 0.0477
0.1711, -0.5472, -0.2143, -0.2427, -0.1539, 0.0472
0.1918, -0.5497, -0.2512, -0.2424, -0.1632, 0.0468
0.2161, -0.5529, -0.2872, -0.2422, -0.1740, 0.0465
0.2422, -0.5578, -0.3253, -0.2426, -0.1855, 0.0462
0.2634, -0.5638, -0.3611, -0.2435, -0.1949, 0.0460
0.2765, -0.5684, -0.3872, -0.2441, -0.2008, 0.0458
0.2817, -0.5705, -0.4019, -0.2440, -0.2031, 0.0456
0.2775, -0.5700, -0.4111, -0.2432, -0.2014, 0.0454
0.2612, -0.5686, -0.4207, -0.2423, -0.1948, 0.0452
0.2351, -0.5664, -0.4271, -0.2413, -0.1840, 0.0449
0.2081, -0.5627, -0.4254, -0.2400, -0.1725, 0.0445
0.1865, -0.5582, -0.4183, -0.2383, -0.1629, 0.0440
0.1681, -0.5535, -0.4144, -0.2364, -0.1547, 0.0435
0.1479, -0.5501, -0.4188, -0.2350, -0.1459, 0.0430
0.1264, -0.5467, -0.4243, -0.2336, -0.1367, 0.0425
0.1019, -0.5404, -0.4179, -0.2313, -0.1260, 0.0421
0.0680, -0.5315, -0.3954, -0.2285, -0.1111, 0.0418
0.0273, -0.5213, -0.3567, -0.2257, -0.0929, 0.0416
-0.0097, -0.5113, -0.2969, -0.2233, -0.0756, 0.0415
-0.0352, -0.4984, -0.2134, -0.2198, -0.0622, 0.0412
-0.0491, -0.4793, -0.1098, -0.2140, -0.0529, 0.0409
-0.0580, -0.4593, 0.0050, -0.2077, -0.0451, 0.0404
-0.0680, -0.4436, 0.1181, -0.2030, -0.0368, 0.0399
-0.0781, -0.4290, 0.2242, -0.1985, -0.0286, 0.0393
-0.0847, -0.4111, 0.3264, -0.1926, -0.0220, 0.0387
-0.0884, -0.3903, 0.4255, -0.1853, -0.0168, 0.0380
-0.0937, -0.3680, 0.5240, -0.1774, -0.0112, 0.0374
-0.0977, -0.3444, 0.6318, -0.1691, -0.0061, 0.0368
-0.0935, -0.3192, 0.7549, -0.1603, -0.0040, 0.0362
-0.0817, -0.2927, 0.8867, -0.1511, -0.0047, 0.0357
-0.0653, -0.2660, 1.0200, -0.1418, -0.0073, 0.0352
-0.0469, -0.2402, 1.1513, -0.1329, -0.0107, 0.0349
-0.0268, -0.2169, 1.2774, -0.1250, -0.0148, 0.0345
-0.0041, -0.1974, 1.3917, -0.1185, -0.0203, 0.0343
0.0199, -0.1803, 1.4871, -0.1128, -0.0269, 0.0342
0.0447, -0.1649, 1.5626, -0.1075, -0.0343, 0.0341
0.0764, -0.1503, 1.6234, -0.1023, -0.0451, 0.0341
0.1223, -0.1342, 1.6795, -0.0963, -0.0620, 0.0341
0.1822, -0.1174, 1.7413, -0.0899, -0.0846, 0.0341
0.2491, -0.1024, 1.8100, -0.0843, -0.1099, 0.0341
0.3166, -0.0893, 1.8748, -0.0796, -0.1357, 0.0341
0.3808, -0.0801, 1.9234, -0.0762, -0.1605, 0.0342
0.4383, -0.0780, 1.9531, -0.0756, -0.1831, 0.0344
0.4934, -0.0814, 1.9678, -0.0770, -0.2052, 0.0347
0.5574, -0.0850, 1.9679, -0.0779, -0.2313, 0.0349
0.6359, -0.0852, 1.9537, -0.0770, -0.2640, 0.0351
0.7276, -0.0823, 1.9322, -0.0743, -0.3023, 0.0351
0.8230, -0.0771, 1.9116, -0.0706, -0.3424, 0.0350
0.9132, -0.0706, 1.8921, -0.0662, -0.3804, 0.0348
0.9980, -0.0665, 1.8670, -0.0626, -0.4163, 0.0344
1.0786, -0.0670, 1.8315, -0.0606, -0.4508, 0.0340
1.1573, -0.0707, 1.7870, -0.0597, -0.4847, 0.0336
1.2368, -0.0773, 1.7342, -0.0598, -0.5191, 0.0331
1.3165, -0.0872, 1.6676, -0.0609, -0.5539, 0.0327
1.3952, -0.0981, 1.5876, -0.0622, -0.5887, 0.0323
1.4753, -0.1075, 1.5022, -0.0628, -0.6242, 0.0320
1.5563, -0.1155, 1.4154, -0.0628, -0.6602, 0.0316
1.6308, -0.1213, 1.3326, -0.0621, -0.6934, 0.0314
1.6922, -0.1251, 1.2593, -0.0610, -0.7210, 0.0311
1.7387, -0.1287, 1.1906, -0.0603, -0.7423, 0.0309
1.7739, -0.1317, 1.1187, -0.0595, -0.7589, 0.0308
1.8012, -0.1338, 1.0419, -0.0585, -0.7723, 0.0306
1.8159, -0.1393, 0.9568, -0.0589, -0.7806, 0.0305
1.8111, -0.1522, 0.8574, -0.0625, -0.7812, 0.0306
1.7875, -0.1717, 0.7442, -0.0689, -0.7742, 0.0307
1.7491, -0.1948, 0.6265, -0.0770, -0.7613, 0.0310
1.6982, -0.2202, 0.5140, -0.0863, -0.7430, 0.0314
1.6359, -0.2482, 0.4110, -0.0972, -0.7197, 0.0320
1.5680, -0.2752, 0.3214, -0.1080, -0.6937, 0.0326
1.5035, -0.2946, 0.2473, -0.1161, -0.6686, 0.0332
1.4425, -0.3064, 0.1842, -0.1213, -0.6447, 0.0338
1.3815, -0.3157, 0.1295, -0.1257, -0.6203, 0.0344
1.3173, -0.3265, 0.0821, -0.1308, -0.5944, 0.0351
1.2406, -0.3394, 0.0360, -0.1370, -0.5632, 0.0357
1.1485, -0.3536, -0.0096, -0.1440, -0.5255, 0.0364
1.0491, -0.3678, -0.0447, -0.1511, -0.4845, 0.0369
0.9467, -0.3796, -0.0593, -0.1576, -0.4418, 0.0373
0.8441, -0.3862, -0.0502, -0.1621, -0.3983, 0.0376
0.7428, -0.3892, -0.0227, -0.1654, -0.3549, 0.0377
0.6363, -0.3897, 0.0183, -0.1680, -0.3089, 0.0378
0.5220, -0.3865, 0.0739, -0.1694, -0.2593, 0.0380
0.4034, -0.3808, 0.1443, -0.1699, -0.2075, 0.0381
0.2825, -0.3758, 0.2260, -0.1709, -0.1543, 0.0382
0.1581, -0.3746, 0.3089, -0.1733, -0.0997, 0.0383
0.0313, -0.3765, 0.3855, -0.1768, -0.0442, 0.0384
-0.0952, -0.3777, 0.4588, -0.1798, 0.0111, 0.0385
-0.2195, -0.3758, 0.5345, -0.1815, 0.0655, 0.0385
-0.3380, -0.3692, 0.6151, -0.1814, 0.1176, 0.0383
-0.4464, -0.3612, 0.7002, -0.1805, 0.1657, 0.0381
-0.5393, -0.3547, 0.7892, -0.1799, 0.2077, 0.0378
-0.6155, -0.3475, 0.8822, -0.1789, 0.2430, 0.0374
-0.6781, -0.3398, 0.9756, -0.1776, 0.2730, 0.0370
-0.7352, -0.3331, 1.0604, -0.1765, 0.3004, 0.0367
-0.7891, -0.3254, 1.1306, -0.1748, 0.3263, 0.0365
-0.8346, -0.3153, 1.1882, -0.1720, 0.3482, 0.0364
-0.8699, -0.3040, 1.2365, -0.1685, 0.3657, 0.0363
-0.8924, -0.2935, 1.2796, -0.1650, 0.3776, 0.0363
-0.8994, -0.2836, 1.3234, -0.1616, 0.3831, 0.0362
-0.8938, -0.2744, 1.3672, -0.1583, 0.3835, 0.0361
-0.8793, -0.2677, 1.4029, -0.1558, 0.3800, 0.0360
-0.8565, -0.2648, 1.4250, -0.1545, 0.3729, 0.0358
-0.8282, -0.2660, 1.4287, -0.1545, 0.3631, 0.0356
-0.7981, -0.2710, 1.4062, -0.1558, 0.3521, 0.0355
-0.7635, -0.2782, 1.3597, -0.1575, 0.3387, 0.0355
-0.7215, -0.2858, 1.2978, -0.1592, 0.3219, 0.0356
-0.6726, -0.2940, 1.2272, -0.1609, 0.3020, 0.0357
-0.6146, -0.3020, 1.1547, -0.1625, 0.2782, 0.0359
-0.5451, -0.3076, 1.0838, -0.1629, 0.2497, 0.0360
-0.4685, -0.3117, 1.0132, -0.1625, 0.2182, 0.0361
-0.3894, -0.3163, 0.9416, -0.1622, 0.1856, 0.0361
-0.3093, -0.3229, 0.8697, -0.1627, 0.1525, 0.0360
-0.2299, -0.3317, 0.7953, -0.1638, 0.1197, 0.0359
-0.1556, -0.3401, 0.7115, -0.1647, 0.0887, 0.0357
-0.0885, -0.3479, 0.6172, -0.1652, 0.0604, 0.0354
-0.0263, -0.3574, 0.5160, -0.1662, 0.0340, 0.0350
0.0300, -0.3675, 0.4138, -0.1675, 0.0099, 0.0346
0.0837, -0.3755, 0.3175, -0.1679, -0.0129, 0.0340
0.1409, -0.3835, 0.2293, -0.1684, -0.0370, 0.0335
0.1974, -0.3947, 0.1465, -0.1700, -0.0607, 0.0329
0.2451, -0.4077, 0.0654, -0.1726, -0.0808, 0.0323
0.2810, -0.4222, -0.0148, -0.1759, -0.0961, 0.0318
0.3040, -0.4372, -0.0954, -0.1795, -0.1062, 0.0314
0.3105, -0.4521, -0.1810, -0.1834, -0.1098, 0.0311
0.3007, -0.4682, -0.2683, -0.1879, -0.1067, 0.0309
0.2855, -0.4801, -0.3468, -0.1910, -0.1013, 0.0306
0.2756, -0.4833, -0.4059, -0.1908, -0.0975, 0.0302
0.2711, -0.4808, -0.4403, -0.1886, -0.0952, 0.0297
0.2646, -0.4764, -0.4552, -0.1860, -0.0915, 0.0291
0.2452, -0.4728, -0.4633, -0.1840, -0.0823, 0.0286
0.2098, -0.4715, -0.4748, -0.1833, -0.0664, 0.0281
0.1625, -0.4728, -0.4913, -0.1838, -0.0458, 0.0278
0.1049, -0.4748, -0.5046, -0.1849, -0.0209, 0.0276
0.0414, -0.4745, -0.5009, -0.1856, 0.0069, 0.0274
-0.0199, -0.4697, -0.4695, -0.1851, 0.0346, 0.0273
-0.0724, -0.4591, -0.4061, -0.1828, 0.0595, 0.0271
-0.1164, -0.4431, -0.3100, -0.1788, 0.0818, 0.0269
-0.1547, -0.4214, -0.1864, -0.1728, 0.1026, 0.0266
-0.1904, -0.3951, -0.0460, -0.1653, 0.1225, 0.0263
-0.2289, -0.3689, 0.0988, -0.1579, 0.1433, 0.0259
-0.2741, -0.3439, 0.2419, -0.1510, 0.1665, 0.0257
-0.3219, -0.3168, 0.3897, -0.1433, 0.1902, 0.0255
-0.3640, -0.2864, 0.5536, -0.1342, 0.2111, 0.0254
-0.3926, -0.2527, 0.7409, -0.1238, 0.2265, 0.0254
-0.4016, -0.2146, 0.9513, -0.1115, 0.2338, 0.0254
-0.3898, -0.1734, 1.1803, -0.0978, 0.2326, 0.0255
-0.3643, -0.1326, 1.4247, -0.0841, 0.2259, 0.0257
-0.3350, -0.0933, 1.6759, -0.0710, 0.2178, 0.0260
-0.3054, -0.0534, 1.9224, -0.0577, 0.2095, 0.0263
-0.2724, -0.0123, 2.1631, -0.0439, 0.2001, 0.0267
-0.2298, 0.0299, 2.4026, -0.0295, 0.1873, 0.0271
-0.1712, 0.0761, 2.6407, -0.0134, 0.1686, 0.0273
-0.0931, 0.1266, 2.8745, 0.0048, 0.1427, 0.0273
0.0019, 0.1781, 3.1066, 0.0236, 0.1106, 0.0271
0.1087, 0.2275, 3.3389, 0.0417, 0.0745, 0.0267
0.2243, 0.2720, 3.5646, 0.0582, 0.0351, 0.0262
0.3484, 0.3109, 3.7757, 0.0730, -0.0076, 0.0257
0.4805, 0.3452, 3.9679, 0.0867, -0.0540, 0.0251
0.6222, 0.3749, 4.1386, 0.0994, -0.1047, 0.0245
0.7775, 0.4007, 4.2874, 0.1116, -0.1619, 0.0241
0.9439, 0.4241, 4.4164, 0.1240, -0.2246, 0.0237
1.1158, 0.4470, 4.5332, 0.1372, -0.2905, 0.0234
1.2930, 0.4713, 4.6480, 0.1517, -0.3593, 0.0232
1.4707, 0.4948, 4.7660, 0.1666, -0.4286, 0.0230
1.6418, 0.5152, 4.8869, 0.1807, -0.4956, 0.0228
1.8043, 0.5313, 5.0043, 0.1936, -0.5593, 0.0227
1.9547, 0.5395, 5.1103, 0.2038, -0.6184, 0.0225
2.0877, 0.5355, 5.1973, 0.2096, -0.6709, 0.0225
2.2027, 0.5218, 5.2638, 0.2120, -0.7163, 0.0225
2.3027, 0.5040, 5.3138, 0.2130, -0.7558, 0.0225
2.3876, 0.4825, 5.3483, 0.2128, -0.7894, 0.0225
2.4522, 0.4568, 5.3712, 0.2109, -0.8147, 0.0224
2.4928, 0.4295, 5.3927, 0.2082, -0.8301, 0.0224
2.5126, 0.4045, 5.4213, 0.2060, -0.8366, 0.0222
2.5155, 0.3826, 5.4599, 0.2047, -0.8360, 0.0220
2.5009, 0.3611, 5.5040, 0.2033, -0.8282, 0.0217
2.4673, 0.3397, 5.5475, 0.2017, -0.8128, 0.0214
2.4157, 0.3199, 5.5873, 0.2005, -0.7902, 0.0211
2.3448, 0.3010, 5.6233, 0.1995, -0.7599, 0.0208
2.2515, 0.2812, 5.6567, 0.1977, -0.7207, 0.0205
2.1402, 0.2601, 5.6898, 0.1949, -0.6742, 0.0203
2.0164, 0.2392, 5.7265, 0.1919, -0.6225, 0.0201
1.8841, 0.2218, 5.7717, 0.1897, -0.5674, 0.0199
1.7521, 0.2088, 5.8330, 0.1888, -0.5120, 0.0196
1.6241, 0.1979, 5.9141, 0.1883, -0.4577, 0.0192
1.4973, 0.1859, 6.0112, 0.1869, -0.4035, 0.0187
1.3741, 0.1737, 6.1185, 0.1851, -0.3504, 0.0184
1.2551, 0.1655, 6.2316, 0.1846, -0.2989, 0.0181
1.1364, 0.1610, 6.3496, 0.1853, -0.2475, 0.0179
1.0155, 0.1590, 6.4685, 0.1867, -0.1951, 0.0179
0.8936, 0.1586, 6.5829, 0.1886, -0.1425, 0.0181
0.7725, 0.1589, 6.6975, 0.1906, -0.0901, 0.0182
0.6479, 0.1600, 6.8206, 0.1925, -0.0360, 0.0185
0.5204, 0.1636, 6.9597, 0.1949, 0.0200, 0.0186
0.3981, 0.1715, 7.1195, 0.1986, 0.0745, 0.0187
0.2848, 0.1815, 7.2983, 0.2029, 0.1261, 0.0187
0.1826, 0.1919, 7.4947, 0.2071, 0.1739, 0.0186
0.0938, 0.2045, 7.7056, 0.2120, 0.2165, 0.0184
0.0180, 0.2201, 7.9265, 0.2181, 0.2542, 0.0182
-0.0489, 0.2379, 8.1519, 0.2251, 0.2883, 0.0181
-0.1117, 0.2569, 8.3756, 0.2325, 0.3206, 0.0181
-0.1665, 0.2731, 8.5994, 0.2389, 0.3495, 0.0182
-0.2049, 0.2862, 8.8256, 0.2443, 0.3717, 0.0184
-0.2272, 0.2997, 9.0496, 0.2502, 0.3870, 0.0186
-0.2379, 0.3140, 9.2680, 0.2567, 0.3972, 0.0189
-0.2361, 0.3281, 9.4833, 0.2633, 0.4020, 0.0192
-0.2219, 0.3438, 9.6980, 0.2706, 0.4017, 0.0196
-0.1974, 0.3613, 9.9123, 0.2787, 0.3970, 0.0200
-0.1645, 0.3779, 10.1296, 0.2864, 0.3888, 0.0204
-0.1275, 0.3914, 10.3497, 0.2928, 0.3789, 0.0209
-0.0927, 0.4024, 10.5646, 0.2983, 0.3696, 0.0213
-0.0598, 0.4136, 10.7714, 0.3041, 0.3605, 0.0216
-0.0275, 0.4272, 10.9727, 0.3111, 0.3511, 0.0220
-0.0002, 0.4409, 11.1680, 0.3183, 0.3434, 0.0224
0.0212, 0.4521, 11.3541, 0.3247, 0.3376, 0.0230
0.0363, 0.4593, 11.5284, 0.3297, 0.3337, 0.0237
0.0453, 0.4606, 11.6898, 0.3327, 0.3318, 0.0246
0.0467, 0.4560, 11.8402, 0.3335, 0.3324, 0.0255
0.0370, 0.4469, 11.9819, 0.3327, 0.3370, 0.0266
0.0160, 0.4345, 12.1113, 0.3305, 0.3456, 0.0276
-0.0146, 0.4194, 12.2264, 0.3273, 0.3577, 0.0286
-0.0520, 0.4031, 12.3325, 0.3237, 0.3721, 0.0294
-0.0924, 0.3862, 12.4333, 0.3199, 0.3877, 0.0301
-0.1332, 0.3685, 12.5288, 0.3158, 0.4032, 0.0306
-0.1746, 0.3524, 12.6206, 0.3122, 0.4188, 0.0311
-0.2168, 0.3406, 12.7112, 0.3104, 0.4345, 0.0315
-0.2587, 0.3330, 12.8012, 0.3102, 0.4500, 0.0320
-0.2993, 0.3296, 12.8885, 0.3116, 0.4645, 0.0325
-0.3412, 0.3290, 12.9721, 0.3141, 0.4794, 0.0330
-0.3899, 0.3274, 13.0497, 0.3159, 0.4969, 0.0335
-0.4469, 0.3229, 13.1179, 0.3165, 0.5175, 0.0341
-0.5108, 0.3165, 13.1759, 0.3161, 0.5407, 0.0348
-0.5800, 0.3097, 13.2260, 0.3154, 0.5659, 0.0354
-0.6523, 0.3029, 13.2696, 0.3144, 0.5922, 0.0361
-0.7214, 0.2988, 13.3071, 0.3142, 0.6171, 0.0368
-0.7807, 0.2986, 13.3379, 0.3155, 0.6379, 0.0374
-0.8288, 0.3010, 13.3634, 0.3176, 0.6540, 0.0380
-0.8678, 0.3051, 13.3875, 0.3202, 0.6664, 0.0386
-0.8978, 0.3109, 13.4125, 0.3230, 0.6752, 0.0392
-0.9148, 0.3181, 13.4382, 0.3263, 0.6789, 0.0398
-0.9183, 0.3283, 13.4693, 0.3304, 0.6772, 0.0404
-0.9103, 0.3438, 13.5089, 0.3362, 0.6712, 0.0411
-0.8938, 0.3630, 13.5541, 0.3429, 0.6619, 0.0418
-0.8693, 0.3849, 13.6050, 0.3502, 0.6497, 0.0427
-0.8388, 0.4108, 13.6646, 0.3584, 0.6353, 0.0438
-0.8081, 0.4383, 13.7313, 0.3666, 0.6212, 0.0451
-0.7862, 0.4626, 13.7970, 0.3729, 0.6108, 0.0467
-0.7758, 0.4825, 13.8579, 0.3768, 0.6051, 0.0486
-0.7690, 0.5005, 13.9193, 0.3794, 0.6011, 0.0506
-0.7584, 0.5199, 13.9855, 0.3820, 0.5956, 0.0528
-0.7429, 0.5434, 14.0586, 0.3856, 0.5884, 0.0549
-0.7239, 0.5711, 14.1417, 0.3902, 0.5802, 0.0571
-0.7028, 0.6004, 14.2324, 0.3947, 0.5715, 0.0593
-0.6794, 0.6316, 14.3268, 0.3994, 0.5624, 0.0616
-0.6533, 0.6669, 14.4272, 0.4052, 0.5525, 0.0641
-0.6263, 0.7043, 14.5328, 0.4112, 0.5427, 0.0666
-0.6034, 0.7400, 14.6396, 0.4161, 0.5349, 0.0694
-0.5858, 0.7755, 14.7475, 0.4204, 0.5295, 0.0722
-0.5733, 0.8116, 14.8555, 0.4246, 0.5265, 0.0751
-0.5629, 0.8462, 14.9619, 0.4280, 0.5245, 0.0781
-0.5493, 0.8816, 15.0642, 0.4317, 0.5211, 0.0812
-0.5279, 0.9218, 15.1626, 0.4373, 0.5146, 0.0842
-0.5002, 0.9649, 15.2625, 0.4441, 0.5058, 0.0872
-0.4737, 1.0075, 15.3627, 0.4504, 0.4976, 0.0901
-0.4509, 1.0500, 15.4585, 0.4568, 0.4911, 0.0929
-0.4288, 1.0963, 15.5497, 0.4647, 0.4849, 0.0956
-0.4045, 1.1490, 15.6424, 0.4751, 0.4780, 0.0981
-0.3725, 1.2066, 15.7454, 0.4876, 0.4683, 0.1003
-0.3311, 1.2673, 15.8593, 0.5014, 0.4553, 0.1024
-0.2858, 1.3317, 15.9776, 0.5169, 0.4408, 0.1043
-0.2395, 1.4027, 16.0964, 0.5352, 0.4261, 0.1060
-0.1955, 1.4791, 16.2156, 0.5559, 0.4125, 0.1075
-0.1599, 1.5558, 16.3325, 0.5767, 0.4022, 0.1091
-0.1337, 1.6291, 16.4434, 0.5964, 0.3958, 0.1107
-0.1114, 1.6988, 16.5518, 0.6148, 0.3910, 0.1123
-0.0875, 1.7671, 16.6646, 0.6330, 0.3857, 0.1140
-0.0641, 1.8341, 16.7821, 0.6507, 0.3807, 0.1156
-0.0457, 1.8982, 16.9006, 0.6675, 0.3777, 0.1172
-0.0305, 1.9593, 17.0200, 0.6832, 0.3760, 0.1188
-0.0168, 2.0165, 17.1420, 0.6974, 0.3750, 0.1203
-0.0046, 2.0692, 17.2623, 0.7101, 0.3744, 0.1219
0.0116, 2.1211, 17.3769, 0.7228, 0.3719, 0.1236
0.0365, 2.1739, 17.4907, 0.7360, 0.3657, 0.1252
0.0649, 2.2238, 17.6076, 0.7482, 0.3579, 0.1269
0.0872, 2.2686, 17.7211, 0.7584, 0.3522, 0.1286
0.1037, 2.3105, 17.8289, 0.7674, 0.3485, 0.1304
0.1215, 2.3523, 17.9406, 0.7765, 0.3441, 0.1323
0.1440, 2.3951, 18.0604, 0.7860, 0.3378, 0.1343
0.1696, 2.4372, 18.1840, 0.7953, 0.3301, 0.1363
0.1951, 2.4760, 18.3074, 0.8036, 0.3224, 0.1385
0.2207, 2.5133, 18.4313, 0.8115, 0.3144, 0.1407
0.2460, 2.5508, 18.5549, 0.8198, 0.3063, 0.1429
0.2693, 2.5880, 18.6741, 0.8284, 0.2988, 0.1451
0.2914, 2.6240, 18.7874, 0.8368, 0.2914, 0.1474
0.3122, 2.6592, 18.8956, 0.8452, 0.2842, 0.1497
0.3316, 2.6931, 19.0021, 0.8535, 0.2773, 0.1519
0.3494, 2.7247, 19.1135, 0.8612, 0.2712, 0.1540
0.3696, 2.7538, 19.2315, 0.8683, 0.2641, 0.1560
0.3961, 2.7808, 19.3525, 0.8751, 0.2544, 0.1579
