-0.5234, 0.1910, 0.0851
-0.5234, 0.1910, 0.0851
-0.5234, 0.1910, 0.0851
-0.5234, 0.1910, 0.0851
-0.5234, 0.1910, 0.0851
-0.5234, 0.1910, 0.0851
-0.5234, 0.1910, 0.0851
-0.5234, 0.1910, 0.0851
-0.5234, 0.1910, 0.0851
-0.5234, 0.1910, 0.0851
-0.5234, 0.1910, 0.0851
-0.5234, 0.1910, 0.0851
-0.5234, 0.1910, 0.0851
-0.5234, 0.1910, 0.0851
-0.5234, 0.1910, 0.0851
-0.5234, 0.1910, 0.0851
-0.5234, 0.1910, 0.0851
-0.5234, 0.1910, 0.0851
-0.5234, 0.1910, 0.0851
-0.5234, 0.1910, 0.0851
-0.5234, 0.1910, 0.0851
-0.5234, 0.1910, 0.0851
-0.5234, 0.1910, 0.0851
-0.5234, 0.1910, 0.0851
-0.5234, 0.1910, 0.0851
-0.5234, 0.1910, 0.0851
-0.5234, 0.1909, 0.0851
-0.5235, 0.1909, 0.0851
-0.5234, 0.1909, 0.0851
-0.5235, 0.1909, 0.0851
-0.5235, 0.1909, 0.0851
-0.5235, 0.1909, 0.0851
-0.5235, 0.1909, 0.0851
-0.5235, 0.1909, 0.0851
-0.5235, 0.1909, 0.0851
-0.5235, 0.1909, 0.0851
-0.5235, 0.1909, 0.0851
-0.5235, 0.1909, 0.0851
-0.5235, 0.1909, 0.0851
-0.5235, 0.1909, 0.0851
-0.5235, 0.1908, 0.0851
-0.5235, 0.1908, 0.0851
-0.5235, 0.1908, 0.0851
-0.5235, 0.1908, 0.0851
-0.5235, 0.1908, 0.0851
-0.5235, 0.1908, 0.0851
-0.5235, 0.1908, 0.0851
-0.5235, 0.1908, 0.0851
-0.5235, 0.1908, 0.0851
-0.5235, 0.1908, 0.0851
-0.5235, 0.1908, 0.0851
-0.5235, 0.1907, 0.0851
-0.5235, 0.1907, 0.0851
-0.5235, 0.1907, 0.0851
-0.5235, 0.1907, 0.0851
-0.5235, 0.1907, 0.0851
-0.5235, 0.1907, 0.0851
-0.5235, 0.1907, 0.0851
-0.5235, 0.1907, 0.0851
-0.5235, 0.1906, 0.0851
-0.5236, 0.1906, 0.0851
-0.5236, 0.1906, 0.0851
-0.5236, 0.1906, 0.0851
-0.5236, 0.1906, 0.0851
-0.5236, 0.1906, 0.0851
-0.5236, 0.1906, 0.0851
-0.5236, 0.1906, 0.0851
-0.5236, 0.1905, 0.0851
-0.5236, 0.1905, 0.0851
-0.5236, 0.1905, 0.0851
-0.5236, 0.1905, 0.0851
-0.5236, 0.1905, 0.0851
-0.5236, 0.1905, 0.0851
-0.5236, 0.1905, 0.0851
-0.5236, 0.1904, 0.0851
-0.5236, 0.1904, 0.0851
-0.5236, 0.1904, 0.0851
-0.5237, 0.1904, 0.0851
-0.5237, 0.1904, 0.0851
-0.5237, 0.1904, 0.0851
-0.5237, 0.1903, 0.0851
-0.5237, 0.1903, 0.0851
-0.5237, 0.1903, 0.0851
-0.5237, 0.1903, 0.0851
-0.5237, 0.1903, 0.0851
-0.5237, 0.1903, 0.0851
-0.5237, 0.1902, 0.0851
-0.5237, 0.1902, 0.0851
-0.5237, 0.1902, 0.0851
-0.5237, 0.1902, 0.0851
-0.5237, 0.1902, 0.0851
-0.5237, 0.1901, 0.0851
-0.5238, 0.1901, 0.0851
-0.5238, 0.1901, 0.0851
-0.5238, 0.1901, 0.0851
-0.5238, 0.1901, 0.0851
-0.5238, 0.1900, 0.0851
-0.5238, 0.1900, 0.0851
-0.5238, 0.1900, 0.0851
-0.5238, 0.1900, 0.0851
-0.5238, 0.1900, 0.0851
-0.5238, 0.1899, 0.0851
-0.5238, 0.1899, 0.0851
-0.5238, 0.1899, 0.0851
-0.5238, 0.1899, 0.0851
-0.5238, 0.1898, 0.0851
-0.5239, 0.1898, 0.0851
-0.5239, 0.1898, 0.0851
-0.5239, 0.1898, 0.0851
-0.5239, 0.1898, 0.0851
-0.5239, 0.1897, 0.0851
-0.5239, 0.1897, 0.0851
-0.5239, 0.1897, 0.0851
-0.5239, 0.1897, 0.0851
-0.5239, 0.1896, 0.0851
-0.5239, 0.1896, 0.0851
-0.5239, 0.1896, 0.0851
-0.5240, 0.1896, 0.0851
-0.5240, 0.1895, 0.0851
-0.5240, 0.1895, 0.0851
-0.5240, 0.1895, 0.0851
-0.5240, 0.1895, 0.0851
-0.5240, 0.1894, 0.0851
-0.5240, 0.1894, 0.0851
-0.5240, 0.1894, 0.0851
-0.5240, 0.1894, 0.0851
-0.5240, 0.1893, 0.0851
-0.5240, 0.1893, 0.0851
-0.5241, 0.1893, 0.0851
-0.5241, 0.1892, 0.0851
-0.5241, 0.1892, 0.0851
-0.5241, 0.1892, 0.0851
-0.5241, 0.1892, 0.0851
-0.5241, 0.1891, 0.0851
-0.5241, 0.1891, 0.0851
-0.5241, 0.1891, 0.0851
-0.5241, 0.1891, 0.0851
-0.5241, 0.1890, 0.0851
-0.5242, 0.1890, 0.0851
-0.5242, 0.1890, 0.0851
-0.5242, 0.1889, 0.0851
-0.5242, 0.1889, 0.0851
-0.5242, 0.1889, 0.0851
-0.5242, 0.1889, 0.0851
-0.5242, 0.1888, 0.0851
-0.5242, 0.1888, 0.0851
-0.5242, 0.1888, 0.0851
-0.5242, 0.1887, 0.0851
-0.5243, 0.1887, 0.0851
-0.5243, 0.1887, 0.0851
-0.5243, 0.1887, 0.0851
-0.5243, 0.1886, 0.0851
-0.5243, 0.1886, 0.0851
-0.5243, 0.1886, 0.0851
-0.5243, 0.1886, 0.0851
-0.5243, 0.1885, 0.0851
-0.5243, 0.1885, 0.0851
-0.5243, 0.1885, 0.0851
-0.5244, 0.1884, 0.0851
-0.5244, 0.1884, 0.0851
-0.5244, 0.1884, 0.0851
-0.5244, 0.1884, 0.0851
-0.5244, 0.1883, 0.0851
-0.5244, 0.1883, 0.0851
-0.5244, 0.1883, 0.0851
-0.5244, 0.1882, 0.0851
-0.5244, 0.1882, 0.0851
-0.5245, 0.1882, 0.0851
-0.5245, 0.1882, 0.0851
-0.5245, 0.1881, 0.0851
-0.5245, 0.1881, 0.0851
-0.5245, 0.1881, 0.0851
-0.5245, 0.1880, 0.0851
-0.5245, 0.1880, 0.0851
-0.5245, 0.1880, 0.0851
-0.5245, 0.1879, 0.0851
-0.5246, 0.1879, 0.0851
-0.5246, 0.1879, 0.0851
-0.5246, 0.1878, 0.0851
-0.5246, 0.1878, 0.0851
-0.5246, 0.1878, 0.0851
-0.5246, 0.1877, 0.0851
-0.5246, 0.1877, 0.0851
-0.5246, 0.1877, 0.0851
-0.5246, 0.1877, 0.0851
-0.5247, 0.1876, 0.0851
-0.5247, 0.1876, 0.0851
-0.5247, 0.1876, 0.0851
-0.5247, 0.1875, 0.0851
-0.5247, 0.1875, 0.0851
-0.5247, 0.1875, 0.0851
-0.5247, 0.1874, 0.0851
-0.5247, 0.1874, 0.0851
-0.5247, 0.1874, 0.0851
-0.5248, 0.1873, 0.0851
-0.5248, 0.1873, 0.0851
-0.5248, 0.1873, 0.0851
-0.5248, 0.1872, 0.0851
-0.5248, 0.1872, 0.0851
-0.5248, 0.1871, 0.0851
-0.5248, 0.1871, 0.0851
-0.5248, 0.1871, 0.0851
-0.5249, 0.1870, 0.0851
-0.5249, 0.1870, 0.0851
-0.5249, 0.1870, 0.0851
-0.5249, 0.1869, 0.0851
-0.5249, 0.1869, 0.0851
-0.5249, 0.1869, 0.0851
-0.5249, 0.1868, 0.0851
-0.5250, 0.1868, 0.0851
-0.5250, 0.1867, 0.0851
-0.5250, 0.1867, 0.0851
-0.5250, 0.1867, 0.0851
-0.5250, 0.1866, 0.0851
-0.5250, 0.1866, 0.0851
-0.5250, 0.1866, 0.0851
-0.5250, 0.1865, 0.0851
-0.5251, 0.1865, 0.0851
-0.5251, 0.1865, 0.0851
-0.5251, 0.1864, 0.0851
-0.5251, 0.1864, 0.0851
-0.5251, 0.1863, 0.0851
-0.5251, 0.1863, 0.0851
-0.5251, 0.1863, 0.0851
-0.5251, 0.1862, 0.0851
-0.5252, 0.1862, 0.0851
-0.5252, 0.1862, 0.0851
-0.5252, 0.1861, 0.0851
-0.5252, 0.1861, 0.0851
-0.5252, 0.1860, 0.0851
-0.5252, 0.1860, 0.0851
-0.5252, 0.1860, 0.0851
-0.5252, 0.1859, 0.0851
-0.5253, 0.1859, 0.0851
-0.5253, 0.1858, 0.0851
-0.5253, 0.1858, 0.0851
-0.5253, 0.1858, 0.0851
-0.5253, 0.1857, 0.0851
-0.5253, 0.1857, 0.0851
-0.5253, 0.1857, 0.0851
-0.5254, 0.1856, 0.0851
-0.5254, 0.1856, 0.0851
-0.5254, 0.1855, 0.0851
-0.5254, 0.1855, 0.0851
-0.5254, 0.1854, 0.0851
-0.5254, 0.1854, 0.0851
-0.5255, 0.1854, 0.0851
-0.5255, 0.1853, 0.0851
-0.5255, 0.1853, 0.0851
-0.5255, 0.1852, 0.0851
-0.5255, 0.1852, 0.0851
-0.5255, 0.1852, 0.0851
-0.5255, 0.1851, 0.0851
-0.5256, 0.1851, 0.0851
-0.5256, 0.1850, 0.0851
-0.5256, 0.1850, 0.0851
-0.5256, 0.1849, 0.0851
-0.5256, 0.1849, 0.0851
-0.5256, 0.1849, 0.0851
-0.5256, 0.1848, 0.0851
-0.5257, 0.1848, 0.0851
-0.5257, 0.1847, 0.0851
-0.5257, 0.1847, 0.0851
-0.5257, 0.1846, 0.0851
-0.5257, 0.1846, 0.0851
-0.5257, 0.1846, 0.0851
-0.5258, 0.1845, 0.0851
-0.5258, 0.1845, 0.0851
-0.5258, 0.1844, 0.0851
-0.5258, 0.1844, 0.0851
-0.5258, 0.1843, 0.0851
-0.5258, 0.1843, 0.0851
-0.5259, 0.1842, 0.0851
-0.5259, 0.1842, 0.0851
-0.5259, 0.1842, 0.0851
-0.5259, 0.1841, 0.0851
-0.5259, 0.1841, 0.0851
-0.5259, 0.1840, 0.0851
-0.5260, 0.1840, 0.0851
-0.5260, 0.1839, 0.0851
-0.5260, 0.1839, 0.0851
-0.5260, 0.1838, 0.0851
-0.5260, 0.1838, 0.0851
-0.5260, 0.1837, 0.0851
-0.5260, 0.1837, 0.0851
-0.5261, 0.1837, 0.0851
-0.5261, 0.1836, 0.0851
-0.5261, 0.1836, 0.0851
-0.5261, 0.1835, 0.0851
-0.5261, 0.1835, 0.0851
-0.5261, 0.1834, 0.0851
-0.5262, 0.1834, 0.0851
-0.5262, 0.1833, 0.0851
-0.5262, 0.1833, 0.0851
-0.5262, 0.1832, 0.0851
-0.5262, 0.1832, 0.0851
-0.5262, 0.1831, 0.0851
-0.5263, 0.1831, 0.0851
-0.5263, 0.1830, 0.0851
-0.5263, 0.1830, 0.0851
-0.5263, 0.1830, 0.0851
-0.5263, 0.1829, 0.0851
-0.5263, 0.1829, 0.0851
-0.5264, 0.1828, 0.0851
-0.5264, 0.1828, 0.0851
-0.5264, 0.1827, 0.0851
-0.5264, 0.1827, 0.0851
-0.5264, 0.1826, 0.0851
-0.5264, 0.1826, 0.0851
-0.5265, 0.1825, 0.0851
-0.5265, 0.1825, 0.0851
-0.5265, 0.1824, 0.0851
-0.5265, 0.1824, 0.0851
-0.5265, 0.1823, 0.0851
-0.5265, 0.1823, 0.0851
-0.5266, 0.1822, 0.0851
-0.5266, 0.1822, 0.0851
-0.5266, 0.1821, 0.0851
-0.5266, 0.1821, 0.0851
-0.5266, 0.1820, 0.0851
-0.5267, 0.1820, 0.0851
-0.5267, 0.1819, 0.0851
-0.5267, 0.1819, 0.0851
-0.5267, 0.1818, 0.0851
-0.5267, 0.1818, 0.0851
-0.5267, 0.1817, 0.0851
-0.5268, 0.1816, 0.0851
-0.5268, 0.1816, 0.0851
-0.5268, 0.1815, 0.0851
-0.5268, 0.1815, 0.0851
-0.5268, 0.1814, 0.0851
-0.5268, 0.1814, 0.0851
-0.5269, 0.1813, 0.0851
-0.5269, 0.1813, 0.0851
-0.5269, 0.1812, 0.0851
-0.5269, 0.1812, 0.0851
-0.5269, 0.1811, 0.0851
-0.5270, 0.1811, 0.0851
-0.5270, 0.1810, 0.0851
-0.5270, 0.1810, 0.0851
-0.5270, 0.1809, 0.0851
-0.5270, 0.1809, 0.0851
-0.5270, 0.1808, 0.0851
-0.5271, 0.1808, 0.0851
-0.5271, 0.1807, 0.0851
-0.5271, 0.1807, 0.0851
-0.5271, 0.1806, 0.0851
-0.5271, 0.1806, 0.0851
-0.5272, 0.1805, 0.0851
-0.5272, 0.1804, 0.0851
-0.5272, 0.1804, 0.0851
-0.5272, 0.1803, 0.0851
-0.5272, 0.1803, 0.0851
-0.5272, 0.1802, 0.0851
-0.5273, 0.1802, 0.0851
-0.5273, 0.1801, 0.0851
-0.5273, 0.1801, 0.0851
-0.5273, 0.1800, 0.0851
-0.5273, 0.1800, 0.0851
-0.5274, 0.1799, 0.0851
-0.5274, 0.1799, 0.0851
-0.5274, 0.1798, 0.0851
-0.5274, 0.1798, 0.0851
-0.5274, 0.1797, 0.0851
-0.5275, 0.1797, 0.0851
-0.5275, 0.1796, 0.0851
-0.5275, 0.1795, 0.0851
-0.5275, 0.1795, 0.0851
-0.5275, 0.1794, 0.0851
-0.5275, 0.1794, 0.0851
-0.5276, 0.1793, 0.0851
-0.5276, 0.1793, 0.0851
-0.5276, 0.1792, 0.0851
-0.5276, 0.1792, 0.0851
-0.5276, 0.1791, 0.0851
-0.5277, 0.1791, 0.0851
-0.5277, 0.1790, 0.0851
-0.5277, 0.1789, 0.0851
-0.5277, 0.1789, 0.0851
-0.5277, 0.1788, 0.0851
-0.5278, 0.1788, 0.0851
-0.5278, 0.1787, 0.0851
-0.5278, 0.1787, 0.0851
-0.5278, 0.1786, 0.0851
-0.5278, 0.1786, 0.0851
-0.5278, 0.1785, 0.0851
-0.5279, 0.1785, 0.0851
-0.5279, 0.1784, 0.0851
-0.5279, 0.1783, 0.0851
-0.5279, 0.1783, 0.0851
-0.5279, 0.1782, 0.0851
-0.5280, 0.1782, 0.0851
-0.5280, 0.1781, 0.0851
-0.5280, 0.1781, 0.0851
-0.5280, 0.1780, 0.0851
-0.5280, 0.1780, 0.0851
-0.5280, 0.1779, 0.0851
-0.5281, 0.1778, 0.0851
-0.5281, 0.1778, 0.0851
-0.5281, 0.1777, 0.0851
-0.5281, 0.1777, 0.0851
-0.5281, 0.1776, 0.0851
-0.5282, 0.1776, 0.0851
-0.5282, 0.1775, 0.0851
-0.5282, 0.1775, 0.0851
-0.5282, 0.1774, 0.0851
-0.5282, 0.1774, 0.0851
-0.5282, 0.1773, 0.0851
-0.5283, 0.1772, 0.0851
-0.5283, 0.1772, 0.0851
-0.5283, 0.1771, 0.0851
-0.5283, 0.1771, 0.0851
-0.5283, 0.1770, 0.0851
-0.5284, 0.1770, 0.0851
-0.5284, 0.1769, 0.0851
-0.5284, 0.1768, 0.0851
-0.5284, 0.1768, 0.0851
-0.5284, 0.1767, 0.0851
-0.5285, 0.1767, 0.0851
-0.5285, 0.1766, 0.0851
-0.5285, 0.1766, 0.0851
-0.5285, 0.1765, 0.0851
-0.5285, 0.1765, 0.0851
-0.5286, 0.1764, 0.0851
-0.5286, 0.1763, 0.0851
-0.5286, 0.1763, 0.0851
-0.5286, 0.1762, 0.0851
-0.5286, 0.1762, 0.0851
-0.5286, 0.1761, 0.0851
-0.5287, 0.1760, 0.0851
-0.5287, 0.1760, 0.0851
-0.5287, 0.1759, 0.0851
-0.5287, 0.1759, 0.0851
-0.5287, 0.1758, 0.0851
-0.5288, 0.1758, 0.0851
-0.5288, 0.1757, 0.0851
-0.5288, 0.1756, 0.0851
-0.5288, 0.1756, 0.0851
-0.5288, 0.1755, 0.0851
-0.5289, 0.1755, 0.0851
-0.5289, 0.1754, 0.0851
-0.5289, 0.1754, 0.0851
-0.5289, 0.1753, 0.0851
-0.5289, 0.1752, 0.0851
-0.5290, 0.1752, 0.0851
-0.5290, 0.1751, 0.0851
-0.5290, 0.1751, 0.0851
-0.5290, 0.1750, 0.0851
-0.5290, 0.1750, 0.0851
-0.5291, 0.1749, 0.0851
-0.5291, 0.1748, 0.0851
-0.5291, 0.1748, 0.0851
-0.5291, 0.1747, 0.0851
-0.5291, 0.1747, 0.0851
-0.5291, 0.1746, 0.0851
-0.5292, 0.1745, 0.0851
-0.5292, 0.1745, 0.0851
-0.5292, 0.1744, 0.0851
-0.5292, 0.1744, 0.0851
-0.5292, 0.1743, 0.0851
-0.5293, 0.1742, 0.0851
-0.5293, 0.1742, 0.0851
-0.5293, 0.1741, 0.0851
-0.5293, 0.1741, 0.0851
-0.5293, 0.1740, 0.0851
-0.5294, 0.1739, 0.0851
-0.5294, 0.1739, 0.0851
-0.5294, 0.1738, 0.0851
-0.5294, 0.1738, 0.0851
-0.5294, 0.1737, 0.0851
-0.5295, 0.1736, 0.0851
-0.5295, 0.1736, 0.0851
-0.5295, 0.1735, 0.0851
-0.5295, 0.1735, 0.0851
-0.5295, 0.1734, 0.0851
-0.5296, 0.1733, 0.0851
-0.5296, 0.1733, 0.0851
-0.5296, 0.1732, 0.0851
-0.5296, 0.1732, 0.0851
-0.5296, 0.1731, 0.0851
-0.5297, 0.1730, 0.0851
-0.5297, 0.1730, 0.0851
-0.5297, 0.1729, 0.0851
-0.5297, 0.1729, 0.0851
-0.5297, 0.1728, 0.0851
-0.5298, 0.1727, 0.0851
-0.5298, 0.1727, 0.0851
-0.5298, 0.1726, 0.0851
-0.5298, 0.1726, 0.0851
-0.5298, 0.1725, 0.0851
-0.5299, 0.1724, 0.0851
-0.5299, 0.1724, 0.0851
-0.5299, 0.1723, 0.0851
-0.5299, 0.1723, 0.0851
-0.5299, 0.1722, 0.0851
-0.5300, 0.1721, 0.0851
-0.5300, 0.1721, 0.0851
-0.5300, 0.1720, 0.0851
-0.5300, 0.1719, 0.0851
-0.5300, 0.1719, 0.0851
-0.5301, 0.1718, 0.0851
-0.5301, 0.1718, 0.0851
-0.5301, 0.1717, 0.0851
-0.5301, 0.1716, 0.0851
-0.5301, 0.1716, 0.0851
-0.5302, 0.1715, 0.0851
-0.5302, 0.1714, 0.0851
-0.5302, 0.1714, 0.0851
-0.5302, 0.1713, 0.0851
-0.5302, 0.1712, 0.0851
-0.5303, 0.1712, 0.0851
-0.5303, 0.1711, 0.0851
-0.5303, 0.1710, 0.0851
-0.5303, 0.1710, 0.0851
-0.5304, 0.1709, 0.0851
-0.5304, 0.1708, 0.0851
-0.5304, 0.1708, 0.0851
-0.5304, 0.1707, 0.0851
-0.5304, 0.1707, 0.0851
-0.5305, 0.1706, 0.0851
-0.5305, 0.1705, 0.0851
-0.5305, 0.1705, 0.0851
-0.5305, 0.1704, 0.0851
-0.5305, 0.1703, 0.0851
-0.5306, 0.1703, 0.0851
-0.5306, 0.1702, 0.0851
-0.5306, 0.1701, 0.0851
-0.5306, 0.1701, 0.0851
-0.5306, 0.1700, 0.0851
-0.5307, 0.1699, 0.0851
-0.5307, 0.1699, 0.0851
-0.5307, 0.1698, 0.0851
-0.5307, 0.1697, 0.0851
-0.5308, 0.1697, 0.0851
-0.5308, 0.1696, 0.0851
-0.5308, 0.1695, 0.0851
-0.5308, 0.1695, 0.0851
-0.5308, 0.1694, 0.0851
-0.5309, 0.1693, 0.0851
-0.5309, 0.1692, 0.0851
-0.5309, 0.1692, 0.0851
-0.5309, 0.1691, 0.0851
-0.5309, 0.1690, 0.0851
-0.5310, 0.1690, 0.0851
-0.5310, 0.1689, 0.0851
-0.5310, 0.1688, 0.0851
-0.5310, 0.1688, 0.0851
-0.5311, 0.1687, 0.0851
-0.5311, 0.1686, 0.0851
-0.5311, 0.1686, 0.0851
-0.5311, 0.1685, 0.0851
-0.5311, 0.1684, 0.0851
-0.5312, 0.1683, 0.0851
-0.5312, 0.1683, 0.0851
-0.5312, 0.1682, 0.0851
-0.5312, 0.1681, 0.0851
-0.5313, 0.1681, 0.0851
-0.5313, 0.1680, 0.0851
-0.5313, 0.1679, 0.0851
-0.5313, 0.1678, 0.0851
-0.5313, 0.1678, 0.0851
-0.5314, 0.1677, 0.0851
-0.5314, 0.1676, 0.0851
-0.5314, 0.1676, 0.0851
-0.5314, 0.1675, 0.0851
-0.5315, 0.1674, 0.0851
-0.5315, 0.1673, 0.0851
-0.5315, 0.1673, 0.0851
-0.5315, 0.1672, 0.0851
-0.5316, 0.1671, 0.0851
-0.5316, 0.1671, 0.0851
-0.5316, 0.1670, 0.0851
-0.5316, 0.1669, 0.0851
-0.5316, 0.1668, 0.0851
-0.5317, 0.1668, 0.0851
-0.5317, 0.1667, 0.0851
-0.5317, 0.1666, 0.0851
-0.5317, 0.1665, 0.0851
-0.5318, 0.1665, 0.0851
-0.5318, 0.1664, 0.0851
-0.5318, 0.1663, 0.0851
-0.5318, 0.1662, 0.0851
-0.5319, 0.1662, 0.0851
-0.5319, 0.1661, 0.0851
-0.5319, 0.1660, 0.0851
-0.5319, 0.1660, 0.0851
-0.5319, 0.1659, 0.0851
-0.5320, 0.1658, 0.0851
-0.5320, 0.1657, 0.0851
-0.5320, 0.1657, 0.0851
-0.5320, 0.1656, 0.0851
-0.5321, 0.1655, 0.0851
-0.5321, 0.1654, 0.0851
-0.5321, 0.1654, 0.0851
-0.5321, 0.1653, 0.0851
-0.5322, 0.1652, 0.0851
-0.5322, 0.1651, 0.0851
-0.5322, 0.1651, 0.0851
-0.5322, 0.1650, 0.0851
-0.5322, 0.1649, 0.0851
-0.5323, 0.1648, 0.0851
-0.5323, 0.1648, 0.0851
-0.5323, 0.1647, 0.0851
-0.5323, 0.1646, 0.0851
-0.5324, 0.1645, 0.0851
-0.5324, 0.1645, 0.0851
-0.5324, 0.1644, 0.0851
-0.5324, 0.1643, 0.0851
-0.5325, 0.1642, 0.0851
-0.5325, 0.1642, 0.0851
-0.5325, 0.1641, 0.0851
-0.5325, 0.1640, 0.0851
-0.5326, 0.1639, 0.0851
-0.5326, 0.1639, 0.0851
-0.5326, 0.1638, 0.0851
-0.5326, 0.1637, 0.0851
-0.5326, 0.1636, 0.0851
-0.5327, 0.1636, 0.0851
-0.5327, 0.1635, 0.0851
-0.5327, 0.1634, 0.0851
-0.5327, 0.1633, 0.0851
-0.5328, 0.1633, 0.0851
-0.5328, 0.1632, 0.0851
-0.5328, 0.1631, 0.0851
-0.5328, 0.1630, 0.0851
-0.5328, 0.1630, 0.0851
-0.5329, 0.1629, 0.0851
-0.5329, 0.1628, 0.0851
-0.5329, 0.1628, 0.0851
-0.5329, 0.1627, 0.0851
-0.5330, 0.1626, 0.0851
-0.5330, 0.1625, 0.0851
-0.5330, 0.1624, 0.0851
-0.5330, 0.1624, 0.0851
-0.5331, 0.1623, 0.0851
-0.5331, 0.1622, 0.0851
-0.5331, 0.1621, 0.0851
-0.5331, 0.1621, 0.0851
-0.5332, 0.1620, 0.0851
-0.5332, 0.1619, 0.0851
-0.5332, 0.1618, 0.0851
-0.5332, 0.1618, 0.0851
-0.5332, 0.1617, 0.0851
-0.5333, 0.1616, 0.0851
-0.5333, 0.1615, 0.0851
-0.5333, 0.1615, 0.0851
-0.5333, 0.1614, 0.0851
-0.5334, 0.1613, 0.0851
-0.5334, 0.1612, 0.0851
-0.5334, 0.1612, 0.0851
-0.5334, 0.1611, 0.0851
-0.5334, 0.1610, 0.0851
-0.5335, 0.1609, 0.0851
-0.5335, 0.1609, 0.0851
-0.5335, 0.1608, 0.0851
-0.5335, 0.1607, 0.0851
-0.5336, 0.1606, 0.0851
-0.5336, 0.1606, 0.0851
-0.5336, 0.1605, 0.0851
-0.5336, 0.1604, 0.0851
-0.5336, 0.1603, 0.0851
-0.5337, 0.1603, 0.0851
-0.5337, 0.1602, 0.0851
-0.5337, 0.1601, 0.0851
-0.5337, 0.1600, 0.0851
-0.5338, 0.1600, 0.0851
-0.5338, 0.1599, 0.0851
-0.5338, 0.1598, 0.0851
-0.5338, 0.1597, 0.0851
-0.5339, 0.1596, 0.0851
-0.5339, 0.1596, 0.0851
-0.5339, 0.1595, 0.0851
-0.5339, 0.1594, 0.0851
-0.5339, 0.1593, 0.0851
-0.5340, 0.1593, 0.0851
-0.5340, 0.1592, 0.0851
-0.5340, 0.1591, 0.0851
-0.5340, 0.1590, 0.0851
-0.5341, 0.1590, 0.0851
-0.5341, 0.1589, 0.0851
-0.5341, 0.1588, 0.0851
-0.5341, 0.1587, 0.0851
-0.5341, 0.1587, 0.0851
-0.5342, 0.1586, 0.0851
-0.5342, 0.1585, 0.0851
-0.5342, 0.1584, 0.0851
-0.5342, 0.1584, 0.0851
-0.5343, 0.1583, 0.0851
-0.5343, 0.1582, 0.0851
-0.5343, 0.1582, 0.0851
-0.5343, 0.1581, 0.0851
-0.5343, 0.1580, 0.0851
-0.5344, 0.1579, 0.0851
-0.5344, 0.1579, 0.0851
-0.5344, 0.1578, 0.0851
-0.5344, 0.1577, 0.0851
-0.5345, 0.1576, 0.0851
-0.5345, 0.1576, 0.0851
-0.5345, 0.1575, 0.0851
-0.5345, 0.1574, 0.0851
-0.5345, 0.1573, 0.0851
-0.5346, 0.1572, 0.0851
-0.5346, 0.1572, 0.0851
-0.5346, 0.1571, 0.0851
-0.5346, 0.1570, 0.0851
-0.5347, 0.1569, 0.0851
-0.5347, 0.1569, 0.0851
-0.5347, 0.1568, 0.0851
-0.5347, 0.1567, 0.0851
-0.5348, 0.1566, 0.0851
-0.5348, 0.1565, 0.0851
-0.5348, 0.1565, 0.0851
-0.5348, 0.1564, 0.0851
-0.5348, 0.1563, 0.0851
-0.5349, 0.1562, 0.0851
-0.5349, 0.1562, 0.0851
-0.5349, 0.1561, 0.0851
-0.5349, 0.1560, 0.0851
-0.5350, 0.1559, 0.0851
-0.5350, 0.1559, 0.0851
-0.5350, 0.1558, 0.0851
-0.5350, 0.1557, 0.0851
-0.5351, 0.1556, 0.0851
-0.5351, 0.1555, 0.0851
-0.5351, 0.1555, 0.0851
-0.5351, 0.1554, 0.0851
-0.5351, 0.1553, 0.0851
-0.5352, 0.1552, 0.0851
-0.5352, 0.1551, 0.0851
-0.5352, 0.1551, 0.0851
-0.5352, 0.1550, 0.0851
-0.5353, 0.1549, 0.0851
-0.5353, 0.1548, 0.0851
-0.5353, 0.1547, 0.0851
-0.5353, 0.1547, 0.0851
-0.5353, 0.1546, 0.0851
-0.5354, 0.1545, 0.0851
-0.5354, 0.1544, 0.0851
-0.5354, 0.1543, 0.0851
-0.5354, 0.1542, 0.0851
-0.5355, 0.1542, 0.0851
-0.5355, 0.1541, 0.0851
-0.5355, 0.1540, 0.0851
-0.5355, 0.1539, 0.0851
-0.5356, 0.1538, 0.0851
-0.5356, 0.1537, 0.0851
-0.5356, 0.1537, 0.0851
-0.5356, 0.1536, 0.0851
-0.5357, 0.1535, 0.0851
-0.5357, 0.1534, 0.0851
-0.5357, 0.1533, 0.0851
-0.5357, 0.1533, 0.0851
-0.5358, 0.1532, 0.0851
-0.5358, 0.1531, 0.0851
-0.5358, 0.1530, 0.0851
-0.5358, 0.1529, 0.0851
-0.5358, 0.1528, 0.0851
-0.5359, 0.1527, 0.0851
-0.5359, 0.1527, 0.0851
-0.5359, 0.1526, 0.0851
-0.5359, 0.1525, 0.0851
-0.5360, 0.1524, 0.0851
-0.5360, 0.1523, 0.0851
-0.5360, 0.1522, 0.0851
-0.5360, 0.1522, 0.0851
-0.5361, 0.1521, 0.0851
-0.5361, 0.1520, 0.0851
-0.5361, 0.1519, 0.0851
-0.5361, 0.1518, 0.0851
-0.5362, 0.1517, 0.0851
-0.5362, 0.1516, 0.0851
-0.5362, 0.1516, 0.0851
-0.5362, 0.1515, 0.0851
-0.5363, 0.1514, 0.0851
-0.5363, 0.1513, 0.0851
-0.5363, 0.1512, 0.0851
-0.5363, 0.1511, 0.0851
-0.5364, 0.1510, 0.0851
-0.5364, 0.1510, 0.0851
-0.5364, 0.1509, 0.0851
-0.5364, 0.1508, 0.0851
-0.5364, 0.1507, 0.0851
-0.5365, 0.1506, 0.0851
-0.5365, 0.1505, 0.0851
-0.5365, 0.1504, 0.0851
-0.5365, 0.1504, 0.0851
-0.5366, 0.1503, 0.0851
-0.5366, 0.1502, 0.0851
-0.5366, 0.1501, 0.0851
-0.5366, 0.1500, 0.0851
-0.5367, 0.1499, 0.0851
-0.5367, 0.1498, 0.0851
-0.5367, 0.1498, 0.0851
-0.5367, 0.1497, 0.0851
-0.5368, 0.1496, 0.0851
-0.5368, 0.1495, 0.0851
-0.5368, 0.1494, 0.0851
-0.5368, 0.1493, 0.0851
-0.5369, 0.1492, 0.0851
-0.5369, 0.1492, 0.0851
-0.5369, 0.1491, 0.0851
-0.5369, 0.1490, 0.0851
-0.5370, 0.1489, 0.0851
-0.5370, 0.1488, 0.0851
-0.5370, 0.1487, 0.0851
-0.5370, 0.1486, 0.0851
-0.5371, 0.1486, 0.0851
-0.5371, 0.1485, 0.0851
-0.5371, 0.1484, 0.0852
-0.5371, 0.1483, 0.0851
-0.5372, 0.1482, 0.0852
-0.5372, 0.1481, 0.0852
-0.5372, 0.1480, 0.0852
-0.5372, 0.1480, 0.0852
-0.5372, 0.1479, 0.0852
-0.5373, 0.1478, 0.0852
-0.5373, 0.1477, 0.0852
-0.5373, 0.1476, 0.0852
-0.5373, 0.1475, 0.0852
-0.5374, 0.1474, 0.0852
-0.5374, 0.1474, 0.0852
-0.5374, 0.1473, 0.0852
-0.5374, 0.1472, 0.0852
-0.5375, 0.1471, 0.0852
-0.5375, 0.1470, 0.0852
-0.5375, 0.1469, 0.0852
-0.5375, 0.1468, 0.0852
-0.5376, 0.1468, 0.0852
-0.5376, 0.1467, 0.0852
-0.5376, 0.1466, 0.0852
-0.5376, 0.1465, 0.0852
-0.5376, 0.1464, 0.0852
-0.5377, 0.1463, 0.0852
-0.5377, 0.1463, 0.0852
-0.5377, 0.1462, 0.0852
-0.5377, 0.1461, 0.0851
-0.5378, 0.1460, 0.0852
-0.5378, 0.1459, 0.0851
-0.5378, 0.1458, 0.0851
-0.5378, 0.1458, 0.0851
-0.5378, 0.1457, 0.0851
-0.5379, 0.1456, 0.0851
-0.5379, 0.1455, 0.0851
-0.5379, 0.1454, 0.0851
-0.5379, 0.1453, 0.0851
-0.5380, 0.1453, 0.0851
-0.5380, 0.1452, 0.0851
-0.5380, 0.1451, 0.0851
-0.5380, 0.1450, 0.0851
-0.5380, 0.1449, 0.0851
-0.5381, 0.1448, 0.0851
-0.5381, 0.1448, 0.0851
-0.5381, 0.1447, 0.0851
-0.5381, 0.1446, 0.0851
-0.5382, 0.1445, 0.0851
-0.5382, 0.1444, 0.0851
-0.5382, 0.1443, 0.0851
-0.5382, 0.1443, 0.0851
-0.5382, 0.1442, 0.0851
-0.5383, 0.1441, 0.0851
-0.5383, 0.1440, 0.0851
-0.5383, 0.1439, 0.0851
-0.5383, 0.1438, 0.0851
-0.5384, 0.1438, 0.0851
-0.5384, 0.1437, 0.0851
-0.5384, 0.1436, 0.0851
-0.5384, 0.1435, 0.0851
-0.5384, 0.1434, 0.0851
-0.5385, 0.1434, 0.0851
-0.5385, 0.1433, 0.0851
-0.5385, 0.1432, 0.0851
-0.5385, 0.1431, 0.0851
-0.5386, 0.1430, 0.0851
-0.5386, 0.1429, 0.0851
-0.5386, 0.1429, 0.0851
-0.5386, 0.1428, 0.0851
-0.5386, 0.1427, 0.0851
-0.5387, 0.1426, 0.0851
-0.5387, 0.1425, 0.0851
-0.5387, 0.1424, 0.0851
-0.5387, 0.1423, 0.0851
-0.5388, 0.1422, 0.0851
-0.5388, 0.1422, 0.0851
-0.5388, 0.1421, 0.0851
-0.5388, 0.1420, 0.0851
-0.5388, 0.1419, 0.0851
-0.5389, 0.1418, 0.0851
-0.5389, 0.1417, 0.0851
-0.5389, 0.1417, 0.0851
-0.5389, 0.1416, 0.0851
-0.5390, 0.1415, 0.0851
-0.5390, 0.1414, 0.0851
-0.5390, 0.1413, 0.0851
-0.5390, 0.1412, 0.0851
-0.5391, 0.1411, 0.0851
-0.5391, 0.1411, 0.0852
-0.5391, 0.1410, 0.0852
-0.5391, 0.1409, 0.0852
-0.5391, 0.1408, 0.0852
-0.5392, 0.1407, 0.0852
-0.5392, 0.1406, 0.0852
-0.5392, 0.1405, 0.0852
-0.5392, 0.1404, 0.0852
-0.5393, 0.1404, 0.0852
-0.5393, 0.1403, 0.0852
-0.5393, 0.1402, 0.0852
-0.5393, 0.1401, 0.0852
-0.5394, 0.1400, 0.0852
-0.5394, 0.1399, 0.0852
-0.5394, 0.1398, 0.0852
-0.5394, 0.1397, 0.0852
-0.5395, 0.1396, 0.0852
-0.5395, 0.1396, 0.0852
-0.5395, 0.1395, 0.0852
-0.5395, 0.1394, 0.0852
-0.5395, 0.1393, 0.0852
-0.5396, 0.1392, 0.0852
-0.5396, 0.1391, 0.0852
-0.5396, 0.1390, 0.0852
-0.5396, 0.1389, 0.0852
-0.5397, 0.1388, 0.0852
-0.5397, 0.1387, 0.0852
-0.5397, 0.1386, 0.0852
-0.5397, 0.1385, 0.0852
-0.5398, 0.1385, 0.0852
-0.5398, 0.1384, 0.0852
-0.5398, 0.1383, 0.0852
-0.5398, 0.1382, 0.0852
-0.5399, 0.1381, 0.0852
-0.5399, 0.1380, 0.0852
-0.5399, 0.1379, 0.0852
-0.5399, 0.1378, 0.0852
-0.5400, 0.1377, 0.0852
-0.5400, 0.1376, 0.0852
-0.5400, 0.1375, 0.0852
-0.5400, 0.1374, 0.0852
-0.5400, 0.1373, 0.0852
-0.5401, 0.1372, 0.0852
-0.5401, 0.1371, 0.0852
-0.5401, 0.1370, 0.0852
-0.5401, 0.1369, 0.0852
-0.5402, 0.1368, 0.0852
-0.5402, 0.1367, 0.0852
-0.5402, 0.1367, 0.0852
-0.5402, 0.1366, 0.0852
-0.5403, 0.1365, 0.0852
-0.5403, 0.1364, 0.0852
-0.5403, 0.1363, 0.0852
-0.5403, 0.1362, 0.0852
-0.5403, 0.1361, 0.0851
-0.5404, 0.1360, 0.0852
-0.5404, 0.1359, 0.0852
-0.5404, 0.1358, 0.0852
-0.5404, 0.1357, 0.0852
-0.5405, 0.1356, 0.0852
-0.5405, 0.1355, 0.0852
-0.5405, 0.1354, 0.0852
-0.5405, 0.1353, 0.0852
-0.5406, 0.1352, 0.0852
-0.5406, 0.1351, 0.0852
-0.5406, 0.1350, 0.0852
-0.5406, 0.1349, 0.0852
-0.5407, 0.1349, 0.0852
-0.5407, 0.1348, 0.0852
-0.5407, 0.1347, 0.0852
-0.5407, 0.1346, 0.0852
-0.5408, 0.1345, 0.0852
-0.5408, 0.1344, 0.0852
-0.5408, 0.1343, 0.0852
-0.5408, 0.1342, 0.0852
-0.5409, 0.1341, 0.0852
-0.5409, 0.1340, 0.0852
-0.5409, 0.1339, 0.0852
-0.5409, 0.1338, 0.0852
-0.5410, 0.1337, 0.0852
-0.5410, 0.1336, 0.0852
-0.5410, 0.1335, 0.0852
-0.5410, 0.1334, 0.0852
-0.5411, 0.1333, 0.0852
-0.5411, 0.1332, 0.0852
-0.5411, 0.1331, 0.0852
-0.5411, 0.1330, 0.0852
-0.5411, 0.1329, 0.0852
-0.5412, 0.1329, 0.0852
-0.5412, 0.1328, 0.0852
-0.5412, 0.1327, 0.0852
-0.5412, 0.1326, 0.0852
-0.5413, 0.1325, 0.0852
-0.5413, 0.1324, 0.0852
-0.5413, 0.1323, 0.0852
-0.5413, 0.1322, 0.0852
-0.5414, 0.1321, 0.0852
-0.5414, 0.1320, 0.0852
-0.5414, 0.1319, 0.0852
-0.5414, 0.1318, 0.0852
-0.5415, 0.1317, 0.0852
-0.5415, 0.1316, 0.0852
-0.5415, 0.1315, 0.0852
-0.5415, 0.1314, 0.0852
-0.5416, 0.1313, 0.0852
-0.5416, 0.1312, 0.0852
-0.5416, 0.1311, 0.0852
-0.5416, 0.1310, 0.0852
-0.5416, 0.1309, 0.0852
-0.5417, 0.1308, 0.0852
-0.5417, 0.1307, 0.0852
-0.5417, 0.1307, 0.0852
-0.5417, 0.1306, 0.0852
-0.5418, 0.1305, 0.0852
-0.5418, 0.1304, 0.0852
-0.5418, 0.1303, 0.0852
-0.5418, 0.1302, 0.0852
-0.5419, 0.1301, 0.0852
-0.5419, 0.1300, 0.0852
-0.5419, 0.1299, 0.0852
-0.5419, 0.1298, 0.0852
-0.5419, 0.1297, 0.0852
-0.5420, 0.1296, 0.0852
-0.5420, 0.1295, 0.0852
-0.5420, 0.1294, 0.0852
-0.5420, 0.1293, 0.0852
-0.5421, 0.1292, 0.0852
-0.5421, 0.1291, 0.0852
-0.5421, 0.1291, 0.0852
-0.5421, 0.1290, 0.0852
-0.5421, 0.1289, 0.0852
-0.5422, 0.1288, 0.0852
-0.5422, 0.1287, 0.0852
-0.5422, 0.1286, 0.0852
-0.5422, 0.1285, 0.0852
-0.5423, 0.1284, 0.0852
-0.5423, 0.1283, 0.0852
-0.5423, 0.1282, 0.0852
-0.5423, 0.1281, 0.0852
-0.5423, 0.1280, 0.0852
-0.5424, 0.1279, 0.0852
-0.5424, 0.1278, 0.0852
-0.5424, 0.1277, 0.0852
-0.5424, 0.1276, 0.0852
-0.5425, 0.1276, 0.0852
-0.5425, 0.1275, 0.0852
-0.5425, 0.1274, 0.0852
-0.5425, 0.1273, 0.0852
-0.5425, 0.1272, 0.0852
-0.5426, 0.1271, 0.0852
-0.5426, 0.1270, 0.0852
-0.5426, 0.1269, 0.0852
-0.5426, 0.1268, 0.0852
-0.5426, 0.1267, 0.0852
-0.5427, 0.1266, 0.0852
-0.5427, 0.1265, 0.0852
-0.5427, 0.1264, 0.0852
-0.5427, 0.1263, 0.0852
-0.5428, 0.1263, 0.0852
-0.5428, 0.1262, 0.0852
-0.5428, 0.1261, 0.0852
-0.5428, 0.1260, 0.0852
-0.5428, 0.1259, 0.0852
-0.5429, 0.1258, 0.0852
-0.5429, 0.1257, 0.0852
-0.5429, 0.1256, 0.0852
-0.5429, 0.1255, 0.0852
-0.5430, 0.1254, 0.0852
-0.5430, 0.1253, 0.0852
-0.5430, 0.1252, 0.0852
-0.5430, 0.1251, 0.0852
-0.5431, 0.1250, 0.0852
-0.5431, 0.1249, 0.0852
-0.5431, 0.1248, 0.0852
-0.5431, 0.1247, 0.0852
-0.5431, 0.1246, 0.0852
-0.5432, 0.1245, 0.0852
-0.5432, 0.1244, 0.0852
-0.5432, 0.1243, 0.0852
-0.5432, 0.1242, 0.0852
-0.5433, 0.1241, 0.0852
-0.5433, 0.1240, 0.0852
-0.5433, 0.1240, 0.0852
-0.5433, 0.1238, 0.0852
-0.5433, 0.1238, 0.0852
-0.5434, 0.1237, 0.0852
-0.5434, 0.1236, 0.0852
-0.5434, 0.1235, 0.0852
-0.5434, 0.1234, 0.0852
-0.5435, 0.1233, 0.0852
-0.5435, 0.1232, 0.0852
-0.5435, 0.1231, 0.0852
-0.5435, 0.1230, 0.0852
-0.5436, 0.1229, 0.0852
-0.5436, 0.1228, 0.0852
-0.5436, 0.1227, 0.0852
-0.5436, 0.1226, 0.0852
-0.5436, 0.1225, 0.0852
-0.5437, 0.1224, 0.0852
-0.5437, 0.1223, 0.0852
-0.5437, 0.1222, 0.0852
-0.5437, 0.1221, 0.0852
-0.5438, 0.1220, 0.0852
-0.5438, 0.1219, 0.0852
-0.5438, 0.1218, 0.0852
-0.5438, 0.1217, 0.0852
-0.5438, 0.1216, 0.0852
-0.5439, 0.1215, 0.0852
-0.5439, 0.1214, 0.0852
-0.5439, 0.1213, 0.0852
-0.5439, 0.1212, 0.0852
-0.5440, 0.1211, 0.0852
-0.5440, 0.1210, 0.0852
-0.5440, 0.1209, 0.0853
-0.5440, 0.1208, 0.0852
-0.5440, 0.1207, 0.0852
-0.5441, 0.1206, 0.0853
-0.5441, 0.1205, 0.0853
-0.5441, 0.1204, 0.0852
-0.5441, 0.1203, 0.0853
-0.5442, 0.1202, 0.0853
-0.5442, 0.1201, 0.0853
-0.5442, 0.1200, 0.0853
-0.5442, 0.1199, 0.0853
-0.5443, 0.1198, 0.0853
-0.5443, 0.1197, 0.0853
-0.5443, 0.1195, 0.0853
-0.5443, 0.1194, 0.0853
-0.5443, 0.1193, 0.0853
-0.5444, 0.1192, 0.0853
-0.5444, 0.1191, 0.0853
-0.5444, 0.1190, 0.0853
-0.5444, 0.1189, 0.0853
-0.5445, 0.1188, 0.0853
-0.5445, 0.1187, 0.0853
-0.5445, 0.1186, 0.0853
-0.5445, 0.1185, 0.0853
-0.5445, 0.1184, 0.0853
-0.5446, 0.1183, 0.0853
-0.5446, 0.1182, 0.0853
-0.5446, 0.1181, 0.0853
-0.5446, 0.1180, 0.0853
-0.5447, 0.1179, 0.0853
-0.5447, 0.1178, 0.0853
-0.5447, 0.1177, 0.0853
-0.5447, 0.1176, 0.0853
-0.5447, 0.1175, 0.0853
-0.5448, 0.1174, 0.0853
-0.5448, 0.1173, 0.0853
-0.5448, 0.1172, 0.0853
-0.5448, 0.1171, 0.0853
-0.5449, 0.1170, 0.0853
-0.5449, 0.1169, 0.0853
-0.5449, 0.1168, 0.0853
-0.5449, 0.1167, 0.0853
-0.5450, 0.1166, 0.0853
-0.5450, 0.1165, 0.0853
-0.5450, 0.1164, 0.0853
-0.5450, 0.1163, 0.0853
-0.5450, 0.1162, 0.0853
-0.5451, 0.1161, 0.0853
-0.5451, 0.1160, 0.0853
-0.5451, 0.1159, 0.0853
-0.5451, 0.1158, 0.0853
-0.5452, 0.1157, 0.0853
-0.5452, 0.1156, 0.0853
-0.5452, 0.1155, 0.0853
-0.5452, 0.1154, 0.0853
-0.5452, 0.1153, 0.0853
-0.5453, 0.1152, 0.0853
-0.5453, 0.1151, 0.0853
-0.5453, 0.1150, 0.0853
-0.5453, 0.1149, 0.0853
-0.5453, 0.1148, 0.0853
-0.5454, 0.1147, 0.0853
-0.5454, 0.1146, 0.0853
-0.5454, 0.1145, 0.0853
-0.5454, 0.1144, 0.0853
-0.5455, 0.1143, 0.0853
-0.5455, 0.1142, 0.0853
-0.5455, 0.1141, 0.0853
-0.5455, 0.1140, 0.0853
-0.5455, 0.1139, 0.0853
-0.5456, 0.1138, 0.0853
-0.5456, 0.1137, 0.0853
-0.5456, 0.1136, 0.0853
-0.5456, 0.1135, 0.0853
-0.5457, 0.1134, 0.0853
-0.5457, 0.1133, 0.0853
-0.5457, 0.1132, 0.0853
-0.5457, 0.1131, 0.0853
-0.5457, 0.1130, 0.0853
-0.5458, 0.1129, 0.0853
-0.5458, 0.1128, 0.0853
-0.5458, 0.1127, 0.0853
-0.5458, 0.1126, 0.0853
-0.5459, 0.1125, 0.0853
-0.5459, 0.1123, 0.0853
-0.5459, 0.1122, 0.0853
-0.5459, 0.1121, 0.0853
-0.5459, 0.1120, 0.0853
-0.5460, 0.1119, 0.0853
-0.5460, 0.1118, 0.0853
-0.5460, 0.1117, 0.0853
-0.5460, 0.1116, 0.0853
-0.5460, 0.1115, 0.0853
-0.5461, 0.1114, 0.0853
-0.5461, 0.1113, 0.0853
-0.5461, 0.1112, 0.0853
-0.5461, 0.1111, 0.0853
-0.5461, 0.1110, 0.0853
-0.5462, 0.1109, 0.0853
-0.5462, 0.1108, 0.0853
-0.5462, 0.1107, 0.0853
-0.5462, 0.1106, 0.0853
-0.5462, 0.1105, 0.0853
-0.5463, 0.1104, 0.0853
-0.5463, 0.1103, 0.0853
-0.5463, 0.1102, 0.0853
-0.5463, 0.1101, 0.0853
-0.5463, 0.1100, 0.0853
-0.5464, 0.1099, 0.0853
-0.5464, 0.1098, 0.0853
-0.5464, 0.1097, 0.0853
-0.5464, 0.1096, 0.0853
-0.5464, 0.1095, 0.0853
-0.5465, 0.1094, 0.0854
-0.5465, 0.1094, 0.0853
-0.5465, 0.1093, 0.0853
-0.5465, 0.1092, 0.0854
-0.5465, 0.1091, 0.0853
-0.5466, 0.1090, 0.0854
-0.5466, 0.1089, 0.0853
-0.5466, 0.1088, 0.0854
-0.5466, 0.1087, 0.0854
-0.5466, 0.1086, 0.0854
-0.5467, 0.1085, 0.0854
-0.5467, 0.1084, 0.0853
-0.5467, 0.1083, 0.0854
-0.5467, 0.1082, 0.0854
-0.5467, 0.1081, 0.0853
-0.5468, 0.1080, 0.0854
-0.5468, 0.1079, 0.0853
-0.5468, 0.1078, 0.0854
-0.5468, 0.1077, 0.0854
-0.5468, 0.1076, 0.0854
-0.5468, 0.1075, 0.0854
-0.5469, 0.1074, 0.0854
-0.5469, 0.1073, 0.0854
-0.5469, 0.1072, 0.0854
-0.5469, 0.1071, 0.0854
-0.5469, 0.1070, 0.0854
-0.5470, 0.1070, 0.0854
-0.5470, 0.1069, 0.0854
-0.5470, 0.1068, 0.0854
-0.5470, 0.1067, 0.0854
-0.5470, 0.1066, 0.0854
-0.5471, 0.1065, 0.0854
-0.5471, 0.1064, 0.0854
-0.5471, 0.1063, 0.0854
-0.5471, 0.1062, 0.0854
-0.5471, 0.1061, 0.0854
-0.5471, 0.1060, 0.0854
-0.5472, 0.1059, 0.0854
-0.5472, 0.1058, 0.0854
-0.5472, 0.1057, 0.0854
-0.5472, 0.1057, 0.0854
-0.5472, 0.1056, 0.0854
-0.5473, 0.1055, 0.0854
-0.5473, 0.1054, 0.0854
-0.5473, 0.1053, 0.0854
-0.5473, 0.1052, 0.0854
-0.5473, 0.1051, 0.0854
-0.5474, 0.1050, 0.0854
-0.5474, 0.1049, 0.0854
-0.5474, 0.1048, 0.0854
-0.5474, 0.1047, 0.0854
-0.5474, 0.1046, 0.0854
-0.5474, 0.1045, 0.0854
-0.5475, 0.1044, 0.0854
-0.5475, 0.1043, 0.0854
-0.5475, 0.1042, 0.0854
-0.5475, 0.1041, 0.0854
-0.5475, 0.1040, 0.0854
-0.5476, 0.1040, 0.0854
-0.5476, 0.1039, 0.0854
-0.5476, 0.1038, 0.0854
-0.5476, 0.1037, 0.0854
-0.5476, 0.1036, 0.0854
-0.5476, 0.1035, 0.0854
-0.5477, 0.1034, 0.0854
-0.5477, 0.1033, 0.0854
-0.5477, 0.1032, 0.0854
-0.5477, 0.1031, 0.0854
-0.5477, 0.1030, 0.0854
-0.5477, 0.1029, 0.0854
-0.5478, 0.1028, 0.0854
-0.5478, 0.1027, 0.0854
-0.5478, 0.1026, 0.0854
-0.5478, 0.1026, 0.0854
-0.5478, 0.1025, 0.0854
-0.5479, 0.1024, 0.0854
-0.5479, 0.1023, 0.0854
-0.5479, 0.1022, 0.0854
-0.5479, 0.1021, 0.0854
-0.5479, 0.1020, 0.0854
-0.5479, 0.1019, 0.0854
-0.5480, 0.1018, 0.0854
-0.5480, 0.1017, 0.0854
-0.5480, 0.1016, 0.0854
-0.5480, 0.1015, 0.0854
-0.5480, 0.1014, 0.0854
-0.5481, 0.1013, 0.0854
-0.5481, 0.1012, 0.0854
-0.5481, 0.1011, 0.0854
-0.5481, 0.1010, 0.0854
-0.5481, 0.1009, 0.0854
-0.5481, 0.1008, 0.0854
-0.5482, 0.1007, 0.0854
-0.5482, 0.1006, 0.0854
-0.5482, 0.1006, 0.0854
-0.5482, 0.1005, 0.0854
-0.5482, 0.1004, 0.0854
-0.5482, 0.1003, 0.0854
-0.5483, 0.1002, 0.0854
-0.5483, 0.1001, 0.0854
-0.5483, 0.1000, 0.0854
-0.5483, 0.0999, 0.0854
-0.5483, 0.0998, 0.0854
-0.5483, 0.0997, 0.0854
-0.5484, 0.0996, 0.0854
-0.5484, 0.0995, 0.0854
-0.5484, 0.0994, 0.0854
-0.5484, 0.0993, 0.0854
-0.5484, 0.0992, 0.0854
-0.5485, 0.0991, 0.0854
-0.5485, 0.0990, 0.0854
-0.5485, 0.0990, 0.0854
-0.5485, 0.0989, 0.0854
-0.5485, 0.0988, 0.0854
-0.5485, 0.0987, 0.0854
-0.5486, 0.0986, 0.0854
-0.5486, 0.0985, 0.0854
-0.5486, 0.0984, 0.0854
-0.5486, 0.0983, 0.0854
-0.5486, 0.0982, 0.0854
-0.5486, 0.0981, 0.0854
-0.5487, 0.0980, 0.0854
-0.5487, 0.0979, 0.0854
-0.5487, 0.0978, 0.0854
-0.5487, 0.0977, 0.0854
-0.5487, 0.0976, 0.0854
-0.5487, 0.0975, 0.0854
-0.5488, 0.0974, 0.0854
-0.5488, 0.0974, 0.0854
-0.5488, 0.0973, 0.0854
-0.5488, 0.0972, 0.0854
-0.5488, 0.0971, 0.0854
-0.5488, 0.0970, 0.0854
-0.5489, 0.0969, 0.0854
-0.5489, 0.0968, 0.0854
-0.5489, 0.0967, 0.0854
-0.5489, 0.0966, 0.0854
-0.5489, 0.0966, 0.0854
-0.5489, 0.0965, 0.0854
-0.5490, 0.0964, 0.0854
-0.5490, 0.0963, 0.0854
-0.5490, 0.0962, 0.0854
-0.5490, 0.0961, 0.0854
-0.5490, 0.0960, 0.0854
-0.5490, 0.0959, 0.0854
-0.5491, 0.0958, 0.0855
-0.5491, 0.0958, 0.0855
-0.5491, 0.0957, 0.0855
-0.5491, 0.0956, 0.0855
-0.5491, 0.0955, 0.0855
-0.5491, 0.0954, 0.0855
-0.5492, 0.0953, 0.0855
-0.5492, 0.0952, 0.0855
-0.5492, 0.0952, 0.0855
-0.5492, 0.0951, 0.0855
-0.5492, 0.0950, 0.0855
-0.5492, 0.0949, 0.0855
-0.5492, 0.0948, 0.0855
-0.5493, 0.0947, 0.0855
-0.5493, 0.0946, 0.0855
-0.5493, 0.0946, 0.0855
-0.5493, 0.0945, 0.0855
-0.5493, 0.0944, 0.0855
-0.5493, 0.0943, 0.0855
-0.5493, 0.0943, 0.0855
-0.5494, 0.0942, 0.0855
-0.5494, 0.0941, 0.0855
-0.5494, 0.0940, 0.0855
-0.5494, 0.0939, 0.0855
-0.5494, 0.0939, 0.0855
-0.5494, 0.0938, 0.0855
-0.5494, 0.0937, 0.0855
-0.5495, 0.0936, 0.0855
-0.5495, 0.0936, 0.0855
-0.5495, 0.0935, 0.0855
-0.5495, 0.0934, 0.0855
-0.5495, 0.0933, 0.0855
-0.5495, 0.0933, 0.0855
-0.5495, 0.0932, 0.0855
-0.5495, 0.0931, 0.0855
-0.5496, 0.0931, 0.0855
-0.5496, 0.0930, 0.0855
-0.5496, 0.0929, 0.0855
-0.5496, 0.0928, 0.0855
-0.5496, 0.0928, 0.0855
-0.5496, 0.0927, 0.0855
-0.5496, 0.0926, 0.0855
-0.5496, 0.0926, 0.0855
-0.5497, 0.0925, 0.0855
-0.5497, 0.0924, 0.0855
-0.5497, 0.0923, 0.0855
-0.5497, 0.0923, 0.0855
-0.5497, 0.0922, 0.0855
-0.5497, 0.0921, 0.0855
-0.5497, 0.0921, 0.0855
-0.5497, 0.0920, 0.0855
-0.5497, 0.0919, 0.0855
-0.5498, 0.0919, 0.0855
-0.5498, 0.0918, 0.0855
-0.5498, 0.0917, 0.0855
-0.5498, 0.0917, 0.0855
-0.5498, 0.0916, 0.0855
-0.5498, 0.0916, 0.0855
-0.5498, 0.0915, 0.0855
-0.5498, 0.0914, 0.0855
-0.5498, 0.0914, 0.0855
-0.5498, 0.0913, 0.0855
-0.5499, 0.0913, 0.0855
-0.5499, 0.0912, 0.0855
-0.5499, 0.0911, 0.0855
-0.5499, 0.0911, 0.0855
-0.5499, 0.0910, 0.0855
-0.5499, 0.0910, 0.0855
-0.5499, 0.0909, 0.0855
-0.5499, 0.0909, 0.0855
-0.5499, 0.0908, 0.0855
-0.5499, 0.0907, 0.0855
-0.5500, 0.0907, 0.0855
-0.5500, 0.0906, 0.0855
-0.5500, 0.0906, 0.0855
-0.5500, 0.0905, 0.0855
-0.5500, 0.0905, 0.0855
-0.5500, 0.0904, 0.0855
-0.5500, 0.0904, 0.0855
-0.5500, 0.0903, 0.0855
-0.5500, 0.0903, 0.0855
-0.5500, 0.0902, 0.0855
-0.5500, 0.0901, 0.0855
-0.5501, 0.0901, 0.0855
-0.5501, 0.0900, 0.0855
-0.5501, 0.0900, 0.0855
-0.5501, 0.0899, 0.0855
-0.5501, 0.0899, 0.0855
-0.5501, 0.0898, 0.0855
-0.5501, 0.0898, 0.0855
-0.5501, 0.0898, 0.0855
-0.5501, 0.0897, 0.0855
-0.5501, 0.0897, 0.0855
-0.5501, 0.0896, 0.0855
-0.5501, 0.0896, 0.0855
-0.5502, 0.0895, 0.0855
-0.5502, 0.0895, 0.0855
-0.5502, 0.0894, 0.0855
-0.5502, 0.0894, 0.0855
-0.5502, 0.0894, 0.0855
-0.5502, 0.0893, 0.0855
-0.5502, 0.0893, 0.0855
-0.5502, 0.0892, 0.0855
-0.5502, 0.0892, 0.0855
-0.5502, 0.0892, 0.0855
-0.5502, 0.0891, 0.0855
-0.5502, 0.0891, 0.0855
-0.5502, 0.0890, 0.0855
-0.5502, 0.0890, 0.0855
-0.5502, 0.0890, 0.0855
-0.5503, 0.0889, 0.0855
-0.5503, 0.0889, 0.0855
-0.5503, 0.0889, 0.0855
-0.5503, 0.0888, 0.0855
-0.5503, 0.0888, 0.0855
-0.5503, 0.0888, 0.0855
-0.5503, 0.0887, 0.0855
-0.5503, 0.0887, 0.0855
-0.5503, 0.0887, 0.0855
-0.5503, 0.0886, 0.0855
-0.5503, 0.0886, 0.0855
-0.5503, 0.0886, 0.0855
-0.5503, 0.0886, 0.0855
-0.5503, 0.0885, 0.0855
-0.5503, 0.0885, 0.0855
-0.5503, 0.0885, 0.0855
-0.5504, 0.0885, 0.0855
-0.5504, 0.0884, 0.0855
-0.5504, 0.0884, 0.0855
-0.5504, 0.0884, 0.0855
-0.5504, 0.0884, 0.0855
-0.5504, 0.0883, 0.0855
-0.5504, 0.0883, 0.0855
-0.5504, 0.0883, 0.0855
-0.5504, 0.0883, 0.0855
-0.5504, 0.0882, 0.0855
-0.5504, 0.0882, 0.0855
-0.5504, 0.0882, 0.0855
-0.5504, 0.0882, 0.0855
-0.5504, 0.0882, 0.0855
-0.5504, 0.0881, 0.0855
-0.5504, 0.0881, 0.0855
-0.5504, 0.0881, 0.0855
-0.5504, 0.0881, 0.0855
-0.5504, 0.0881, 0.0855
-0.5504, 0.0880, 0.0855
-0.5504, 0.0880, 0.0855
-0.5504, 0.0880, 0.0855
-0.5504, 0.0880, 0.0855
-0.5505, 0.0880, 0.0855
-0.5505, 0.0879, 0.0855
-0.5505, 0.0879, 0.0855
-0.5505, 0.0879, 0.0855
-0.5505, 0.0879, 0.0855
-0.5505, 0.0879, 0.0855
-0.5505, 0.0879, 0.0855
-0.5505, 0.0879, 0.0855
-0.5505, 0.0878, 0.0855
-0.5505, 0.0878, 0.0856
-0.5505, 0.0878, 0.0856
-0.5505, 0.0878, 0.0856
-0.5505, 0.0878, 0.0856
-0.5505, 0.0878, 0.0856
-0.5505, 0.0878, 0.0856
-0.5505, 0.0878, 0.0856
-0.5505, 0.0878, 0.0856
-0.5505, 0.0878, 0.0856
-0.5505, 0.0878, 0.0856
-0.5505, 0.0878, 0.0856
-0.5505, 0.0878, 0.0856
-0.5505, 0.0878, 0.0856
-0.5505, 0.0878, 0.0856
-0.5505, 0.0877, 0.0856
-0.5505, 0.0877, 0.0856
-0.5505, 0.0877, 0.0856
-0.5505, 0.0877, 0.0856
-0.5505, 0.0877, 0.0856
-0.5505, 0.0877, 0.0856
-0.5505, 0.0877, 0.0856
-0.5505, 0.0877, 0.0856
-0.5505, 0.0877, 0.0856
-0.5505, 0.0878, 0.0856
-0.5505, 0.0878, 0.0856
-0.5505, 0.0878, 0.0856
-0.5505, 0.0878, 0.0856
-0.5505, 0.0878, 0.0856
-0.5505, 0.0878, 0.0856
-0.5505, 0.0878, 0.0856
-0.5505, 0.0878, 0.0856
-0.5505, 0.0878, 0.0856
-0.5505, 0.0878, 0.0856
-0.5505, 0.0878, 0.0856
-0.5505, 0.0878, 0.0856
-0.5505, 0.0878, 0.0856
-0.5505, 0.0878, 0.0857
-0.5505, 0.0878, 0.0857
-0.5505, 0.0878, 0.0857
-0.5505, 0.0879, 0.0857
-0.5505, 0.0879, 0.0857
-0.5505, 0.0879, 0.0857
-0.5505, 0.0879, 0.0857
-0.5505, 0.0879, 0.0857
-0.5505, 0.0879, 0.0857
-0.5505, 0.0879, 0.0857
-0.5505, 0.0879, 0.0857
-0.5505, 0.0879, 0.0857
-0.5505, 0.0880, 0.0857
-0.5505, 0.0880, 0.0857
-0.5505, 0.0880, 0.0857
-0.5505, 0.0880, 0.0857
-0.5505, 0.0880, 0.0857
-0.5505, 0.0880, 0.0857
-0.5505, 0.0881, 0.0857
-0.5505, 0.0881, 0.0857
-0.5505, 0.0881, 0.0857
-0.5505, 0.0881, 0.0857
-0.5505, 0.0881, 0.0857
-0.5505, 0.0882, 0.0857
-0.5505, 0.0882, 0.0857
-0.5505, 0.0882, 0.0857
-0.5505, 0.0882, 0.0857
-0.5505, 0.0883, 0.0857
-0.5505, 0.0883, 0.0857
-0.5505, 0.0883, 0.0857
-0.5505, 0.0883, 0.0857
-0.5505, 0.0884, 0.0857
-0.5505, 0.0884, 0.0858
-0.5505, 0.0884, 0.0858
-0.5505, 0.0884, 0.0858
-0.5505, 0.0885, 0.0858
-0.5505, 0.0885, 0.0858
-0.5505, 0.0885, 0.0858
-0.5505, 0.0886, 0.0858
-0.5505, 0.0886, 0.0858
-0.5505, 0.0886, 0.0858
-0.5505, 0.0886, 0.0858
-0.5505, 0.0887, 0.0858
-0.5505, 0.0887, 0.0858
-0.5505, 0.0887, 0.0858
-0.5505, 0.0888, 0.0858
-0.5505, 0.0888, 0.0858
-0.5505, 0.0889, 0.0858
-0.5505, 0.0889, 0.0858
-0.5505, 0.0889, 0.0858
-0.5504, 0.0890, 0.0858
-0.5504, 0.0890, 0.0858
-0.5504, 0.0890, 0.0858
-0.5504, 0.0891, 0.0858
-0.5504, 0.0891, 0.0858
-0.5504, 0.0892, 0.0858
-0.5504, 0.0892, 0.0858
-0.5504, 0.0892, 0.0858
-0.5504, 0.0893, 0.0858
-0.5504, 0.0893, 0.0858
-0.5504, 0.0894, 0.0858
-0.5504, 0.0894, 0.0858
-0.5504, 0.0895, 0.0858
-0.5504, 0.0895, 0.0858
-0.5504, 0.0895, 0.0858
-0.5504, 0.0896, 0.0858
-0.5504, 0.0896, 0.0859
-0.5504, 0.0897, 0.0859
-0.5504, 0.0897, 0.0859
-0.5504, 0.0898, 0.0859
-0.5503, 0.0898, 0.0859
-0.5503, 0.0899, 0.0859
-0.5503, 0.0899, 0.0859
-0.5503, 0.0900, 0.0859
-0.5503, 0.0900, 0.0859
-0.5503, 0.0901, 0.0859
-0.5503, 0.0901, 0.0859
-0.5503, 0.0902, 0.0859
-0.5503, 0.0902, 0.0859
-0.5503, 0.0903, 0.0859
-0.5503, 0.0903, 0.0859
-0.5503, 0.0904, 0.0859
-0.5503, 0.0904, 0.0859
-0.5503, 0.0905, 0.0859
-0.5503, 0.0905, 0.0859
-0.5502, 0.0906, 0.0859
-0.5502, 0.0906, 0.0859
-0.5502, 0.0907, 0.0859
-0.5502, 0.0907, 0.0859
-0.5502, 0.0908, 0.0859
-0.5502, 0.0908, 0.0859
-0.5502, 0.0909, 0.0859
-0.5502, 0.0909, 0.0859
-0.5502, 0.0910, 0.0859
-0.5502, 0.0911, 0.0859
-0.5502, 0.0911, 0.0859
-0.5502, 0.0912, 0.0859
-0.5502, 0.0912, 0.0859
-0.5501, 0.0913, 0.0859
-0.5501, 0.0913, 0.0859
-0.5501, 0.0914, 0.0859
-0.5501, 0.0914, 0.0859
-0.5501, 0.0915, 0.0859
-0.5501, 0.0916, 0.0859
-0.5501, 0.0916, 0.0860
-0.5501, 0.0917, 0.0860
-0.5501, 0.0917, 0.0860
-0.5501, 0.0918, 0.0860
-0.5501, 0.0919, 0.0860
-0.5500, 0.0919, 0.0860
-0.5500, 0.0920, 0.0860
-0.5500, 0.0920, 0.0860
-0.5500, 0.0921, 0.0860
-0.5500, 0.0922, 0.0860
-0.5500, 0.0922, 0.0860
-0.5500, 0.0923, 0.0860
-0.5500, 0.0924, 0.0860
-0.5500, 0.0924, 0.0860
-0.5500, 0.0925, 0.0860
-0.5500, 0.0926, 0.0860
-0.5499, 0.0926, 0.0860
-0.5499, 0.0927, 0.0860
-0.5499, 0.0928, 0.0860
-0.5499, 0.0928, 0.0860
-0.5499, 0.0929, 0.0860
-0.5499, 0.0930, 0.0860
-0.5499, 0.0930, 0.0860
-0.5499, 0.0931, 0.0860
-0.5499, 0.0932, 0.0860
-0.5499, 0.0932, 0.0860
-0.5498, 0.0933, 0.0860
-0.5498, 0.0934, 0.0860
-0.5498, 0.0934, 0.0860
-0.5498, 0.0935, 0.0860
-0.5498, 0.0936, 0.0860
-0.5498, 0.0937, 0.0860
-0.5498, 0.0937, 0.0860
-0.5498, 0.0938, 0.0860
-0.5498, 0.0939, 0.0860
-0.5497, 0.0939, 0.0860
-0.5497, 0.0940, 0.0860
-0.5497, 0.0941, 0.0860
-0.5497, 0.0942, 0.0860
-0.5497, 0.0942, 0.0860
-0.5497, 0.0943, 0.0860
-0.5497, 0.0944, 0.0860
-0.5497, 0.0945, 0.0860
-0.5496, 0.0945, 0.0860
-0.5496, 0.0946, 0.0861
-0.5496, 0.0947, 0.0861
-0.5496, 0.0948, 0.0861
-0.5496, 0.0949, 0.0861
-0.5496, 0.0949, 0.0861
-0.5496, 0.0950, 0.0861
-0.5496, 0.0951, 0.0861
-0.5495, 0.0952, 0.0861
-0.5495, 0.0952, 0.0861
-0.5495, 0.0953, 0.0861
-0.5495, 0.0954, 0.0861
-0.5495, 0.0955, 0.0861
-0.5495, 0.0956, 0.0861
-0.5495, 0.0957, 0.0861
-0.5494, 0.0957, 0.0861
-0.5494, 0.0958, 0.0861
-0.5494, 0.0959, 0.0861
-0.5494, 0.0960, 0.0861
-0.5494, 0.0961, 0.0861
-0.5494, 0.0961, 0.0861
-0.5494, 0.0962, 0.0861
-0.5494, 0.0963, 0.0861
-0.5493, 0.0964, 0.0861
-0.5493, 0.0965, 0.0861
-0.5493, 0.0966, 0.0861
-0.5493, 0.0966, 0.0861
-0.5493, 0.0967, 0.0861
-0.5493, 0.0968, 0.0861
-0.5492, 0.0969, 0.0861
-0.5492, 0.0970, 0.0861
-0.5492, 0.0971, 0.0861
-0.5492, 0.0971, 0.0861
-0.5492, 0.0972, 0.0861
-0.5492, 0.0973, 0.0861
-0.5492, 0.0974, 0.0861
-0.5491, 0.0975, 0.0861
-0.5491, 0.0976, 0.0861
-0.5491, 0.0976, 0.0861
-0.5491, 0.0977, 0.0861
-0.5491, 0.0978, 0.0861
-0.5491, 0.0979, 0.0861
-0.5490, 0.0980, 0.0861
-0.5490, 0.0981, 0.0861
-0.5490, 0.0981, 0.0861
-0.5490, 0.0982, 0.0861
-0.5490, 0.0983, 0.0861
-0.5490, 0.0984, 0.0861
-0.5490, 0.0985, 0.0861
-0.5489, 0.0986, 0.0861
-0.5489, 0.0987, 0.0861
-0.5489, 0.0987, 0.0861
-0.5489, 0.0988, 0.0860
-0.5489, 0.0989, 0.0860
-0.5489, 0.0990, 0.0860
-0.5488, 0.0991, 0.0860
-0.5488, 0.0992, 0.0860
-0.5488, 0.0993, 0.0860
-0.5488, 0.0993, 0.0860
-0.5488, 0.0994, 0.0860
-0.5488, 0.0995, 0.0860
-0.5487, 0.0996, 0.0860
-0.5487, 0.0997, 0.0860
-0.5487, 0.0998, 0.0860
-0.5487, 0.0999, 0.0860
-0.5487, 0.1000, 0.0860
-0.5487, 0.1000, 0.0860
-0.5486, 0.1001, 0.0860
-0.5486, 0.1002, 0.0860
-0.5486, 0.1003, 0.0860
-0.5486, 0.1004, 0.0860
-0.5486, 0.1005, 0.0860
-0.5485, 0.1006, 0.0860
-0.5485, 0.1006, 0.0860
-0.5485, 0.1007, 0.0860
-0.5485, 0.1008, 0.0860
-0.5485, 0.1009, 0.0860
-0.5485, 0.1010, 0.0860
-0.5484, 0.1011, 0.0860
-0.5484, 0.1012, 0.0860
-0.5484, 0.1013, 0.0860
-0.5484, 0.1014, 0.0860
-0.5484, 0.1014, 0.0860
-0.5484, 0.1015, 0.0860
-0.5483, 0.1016, 0.0860
-0.5483, 0.1017, 0.0860
-0.5483, 0.1018, 0.0859
-0.5483, 0.1019, 0.0859
-0.5483, 0.1020, 0.0859
-0.5482, 0.1021, 0.0859
-0.5482, 0.1022, 0.0859
-0.5482, 0.1022, 0.0859
-0.5482, 0.1023, 0.0859
-0.5482, 0.1024, 0.0859
-0.5482, 0.1025, 0.0859
-0.5481, 0.1026, 0.0859
-0.5481, 0.1027, 0.0859
-0.5481, 0.1028, 0.0859
-0.5481, 0.1029, 0.0859
-0.5481, 0.1030, 0.0859
-0.5480, 0.1031, 0.0859
-0.5480, 0.1031, 0.0859
-0.5480, 0.1032, 0.0859
-0.5480, 0.1033, 0.0859
-0.5480, 0.1034, 0.0859
-0.5480, 0.1035, 0.0859
-0.5479, 0.1036, 0.0859
-0.5479, 0.1037, 0.0859
-0.5479, 0.1038, 0.0859
-0.5479, 0.1039, 0.0859
-0.5479, 0.1040, 0.0859
-0.5478, 0.1041, 0.0859
-0.5478, 0.1041, 0.0859
-0.5478, 0.1042, 0.0859
-0.5478, 0.1043, 0.0859
-0.5478, 0.1044, 0.0859
-0.5478, 0.1045, 0.0859
-0.5477, 0.1046, 0.0859
-0.5477, 0.1047, 0.0859
-0.5477, 0.1048, 0.0859
-0.5477, 0.1049, 0.0859
-0.5477, 0.1050, 0.0859
-0.5476, 0.1051, 0.0859
-0.5476, 0.1051, 0.0859
-0.5476, 0.1052, 0.0859
-0.5476, 0.1053, 0.0859
-0.5476, 0.1054, 0.0859
-0.5476, 0.1055, 0.0859
-0.5475, 0.1056, 0.0859
-0.5475, 0.1057, 0.0859
-0.5475, 0.1058, 0.0859
-0.5475, 0.1059, 0.0859
-0.5475, 0.1060, 0.0859
-0.5474, 0.1061, 0.0859
-0.5474, 0.1062, 0.0859
-0.5474, 0.1063, 0.0859
-0.5474, 0.1063, 0.0859
-0.5474, 0.1064, 0.0859
-0.5474, 0.1065, 0.0859
-0.5473, 0.1066, 0.0859
-0.5473, 0.1067, 0.0858
-0.5473, 0.1068, 0.0859
-0.5473, 0.1069, 0.0858
-0.5473, 0.1070, 0.0858
-0.5472, 0.1071, 0.0858
-0.5472, 0.1072, 0.0858
-0.5472, 0.1073, 0.0858
-0.5472, 0.1074, 0.0858
-0.5472, 0.1074, 0.0858
-0.5471, 0.1075, 0.0858
-0.5471, 0.1076, 0.0858
-0.5471, 0.1077, 0.0858
-0.5471, 0.1078, 0.0858
-0.5471, 0.1079, 0.0858
-0.5471, 0.1080, 0.0858
-0.5470, 0.1081, 0.0858
-0.5470, 0.1082, 0.0858
-0.5470, 0.1083, 0.0858
-0.5470, 0.1084, 0.0858
-0.5470, 0.1084, 0.0858
-0.5469, 0.1085, 0.0858
-0.5469, 0.1086, 0.0858
-0.5469, 0.1087, 0.0858
-0.5469, 0.1088, 0.0858
-0.5469, 0.1089, 0.0858
-0.5469, 0.1090, 0.0858
-0.5468, 0.1091, 0.0858
-0.5468, 0.1092, 0.0858
-0.5468, 0.1092, 0.0858
-0.5468, 0.1093, 0.0858
-0.5468, 0.1094, 0.0858
-0.5467, 0.1095, 0.0858
-0.5467, 0.1096, 0.0858
-0.5467, 0.1097, 0.0858
-0.5467, 0.1098, 0.0858
-0.5467, 0.1099, 0.0858
-0.5466, 0.1099, 0.0858
-0.5466, 0.1100, 0.0858
-0.5466, 0.1101, 0.0858
-0.5466, 0.1102, 0.0858
-0.5466, 0.1103, 0.0858
-0.5465, 0.1104, 0.0858
-0.5465, 0.1105, 0.0858
-0.5465, 0.1106, 0.0858
-0.5465, 0.1106, 0.0858
-0.5465, 0.1107, 0.0858
-0.5465, 0.1108, 0.0858
-0.5464, 0.1109, 0.0858
-0.5464, 0.1110, 0.0857
-0.5464, 0.1111, 0.0857
-0.5464, 0.1112, 0.0857
-0.5464, 0.1113, 0.0857
-0.5463, 0.1113, 0.0857
-0.5463, 0.1114, 0.0857
-0.5463, 0.1115, 0.0857
-0.5463, 0.1116, 0.0857
-0.5463, 0.1117, 0.0857
-0.5463, 0.1118, 0.0857
-0.5462, 0.1119, 0.0857
-0.5462, 0.1119, 0.0857
-0.5462, 0.1120, 0.0857
-0.5462, 0.1121, 0.0857
-0.5462, 0.1122, 0.0857
-0.5461, 0.1123, 0.0857
-0.5461, 0.1124, 0.0857
-0.5461, 0.1125, 0.0857
-0.5461, 0.1126, 0.0857
-0.5461, 0.1127, 0.0857
-0.5461, 0.1127, 0.0857
-0.5460, 0.1128, 0.0857
-0.5460, 0.1129, 0.0857
-0.5460, 0.1130, 0.0857
-0.5460, 0.1131, 0.0857
-0.5460, 0.1132, 0.0857
-0.5459, 0.1133, 0.0857
-0.5459, 0.1133, 0.0857
-0.5459, 0.1134, 0.0857
-0.5459, 0.1135, 0.0857
-0.5459, 0.1136, 0.0857
-0.5458, 0.1137, 0.0857
-0.5458, 0.1138, 0.0857
-0.5458, 0.1139, 0.0857
-0.5458, 0.1139, 0.0857
-0.5458, 0.1140, 0.0857
-0.5458, 0.1141, 0.0857
-0.5457, 0.1142, 0.0857
-0.5457, 0.1143, 0.0857
-0.5457, 0.1144, 0.0857
-0.5457, 0.1145, 0.0857
-0.5457, 0.1145, 0.0857
-0.5456, 0.1146, 0.0857
-0.5456, 0.1147, 0.0857
-0.5456, 0.1148, 0.0857
-0.5456, 0.1149, 0.0857
-0.5456, 0.1150, 0.0857
-0.5455, 0.1151, 0.0857
-0.5455, 0.1151, 0.0857
-0.5455, 0.1152, 0.0857
-0.5455, 0.1153, 0.0857
-0.5455, 0.1154, 0.0857
-0.5454, 0.1155, 0.0857
-0.5454, 0.1156, 0.0857
-0.5454, 0.1157, 0.0857
-0.5454, 0.1157, 0.0857
-0.5454, 0.1158, 0.0857
-0.5454, 0.1159, 0.0857
-0.5453, 0.1160, 0.0856
-0.5453, 0.1161, 0.0856
-0.5453, 0.1162, 0.0856
-0.5453, 0.1163, 0.0856
-0.5453, 0.1163, 0.0856
-0.5452, 0.1164, 0.0856
-0.5452, 0.1165, 0.0856
-0.5452, 0.1166, 0.0856
-0.5452, 0.1167, 0.0856
-0.5452, 0.1168, 0.0856
-0.5451, 0.1169, 0.0856
-0.5451, 0.1169, 0.0856
-0.5451, 0.1170, 0.0856
-0.5451, 0.1171, 0.0856
-0.5451, 0.1172, 0.0856
-0.5450, 0.1173, 0.0856
-0.5450, 0.1174, 0.0856
-0.5450, 0.1175, 0.0856
-0.5450, 0.1175, 0.0856
-0.5450, 0.1176, 0.0856
-0.5449, 0.1177, 0.0856
-0.5449, 0.1178, 0.0856
-0.5449, 0.1179, 0.0856
-0.5449, 0.1180, 0.0856
-0.5449, 0.1181, 0.0856
-0.5448, 0.1182, 0.0856
-0.5448, 0.1182, 0.0856
-0.5448, 0.1183, 0.0856
-0.5448, 0.1184, 0.0856
-0.5448, 0.1185, 0.0856
-0.5447, 0.1186, 0.0856
-0.5447, 0.1187, 0.0856
-0.5447, 0.1188, 0.0856
-0.5447, 0.1189, 0.0856
-0.5447, 0.1189, 0.0856
-0.5447, 0.1190, 0.0856
-0.5446, 0.1191, 0.0856
-0.5446, 0.1192, 0.0856
-0.5446, 0.1193, 0.0856
-0.5446, 0.1194, 0.0856
-0.5445, 0.1195, 0.0856
-0.5445, 0.1195, 0.0856
-0.5445, 0.1196, 0.0856
-0.5445, 0.1197, 0.0856
-0.5445, 0.1198, 0.0856
-0.5444, 0.1199, 0.0856
-0.5444, 0.1200, 0.0856
-0.5444, 0.1201, 0.0856
-0.5444, 0.1202, 0.0856
-0.5444, 0.1203, 0.0856
-0.5443, 0.1203, 0.0856
-0.5443, 0.1204, 0.0856
-0.5443, 0.1205, 0.0856
-0.5443, 0.1206, 0.0856
-0.5443, 0.1207, 0.0856
-0.5443, 0.1208, 0.0856
-0.5442, 0.1209, 0.0855
-0.5442, 0.1210, 0.0856
-0.5442, 0.1210, 0.0855
-0.5442, 0.1211, 0.0855
-0.5441, 0.1212, 0.0855
-0.5441, 0.1213, 0.0855
-0.5441, 0.1214, 0.0855
-0.5441, 0.1215, 0.0855
-0.5441, 0.1216, 0.0855
-0.5440, 0.1217, 0.0855
-0.5440, 0.1217, 0.0855
-0.5440, 0.1218, 0.0855
-0.5440, 0.1219, 0.0855
-0.5440, 0.1220, 0.0855
-0.5439, 0.1221, 0.0855
-0.5439, 0.1222, 0.0855
-0.5439, 0.1223, 0.0855
-0.5439, 0.1224, 0.0855
-0.5439, 0.1224, 0.0855
-0.5438, 0.1225, 0.0855
-0.5438, 0.1226, 0.0855
-0.5438, 0.1227, 0.0855
-0.5438, 0.1228, 0.0855
-0.5438, 0.1229, 0.0855
-0.5437, 0.1230, 0.0855
-0.5437, 0.1231, 0.0855
-0.5437, 0.1232, 0.0855
-0.5437, 0.1232, 0.0855
-0.5437, 0.1233, 0.0855
-0.5436, 0.1234, 0.0855
-0.5436, 0.1235, 0.0855
-0.5436, 0.1236, 0.0855
-0.5436, 0.1237, 0.0855
-0.5436, 0.1237, 0.0855
-0.5435, 0.1238, 0.0855
-0.5435, 0.1239, 0.0855
-0.5435, 0.1240, 0.0855
-0.5435, 0.1241, 0.0855
-0.5435, 0.1242, 0.0855
-0.5434, 0.1243, 0.0855
-0.5434, 0.1243, 0.0855
-0.5434, 0.1244, 0.0855
-0.5434, 0.1245, 0.0855
-0.5434, 0.1246, 0.0855
-0.5433, 0.1247, 0.0855
-0.5433, 0.1248, 0.0855
-0.5433, 0.1248, 0.0855
-0.5433, 0.1249, 0.0855
-0.5433, 0.1250, 0.0855
-0.5432, 0.1251, 0.0855
-0.5432, 0.1252, 0.0855
-0.5432, 0.1253, 0.0855
-0.5432, 0.1253, 0.0855
-0.5432, 0.1254, 0.0855
-0.5431, 0.1255, 0.0855
-0.5431, 0.1256, 0.0855
-0.5431, 0.1257, 0.0854
-0.5431, 0.1258, 0.0854
-0.5431, 0.1258, 0.0854
-0.5430, 0.1259, 0.0854
-0.5430, 0.1260, 0.0854
-0.5430, 0.1261, 0.0854
-0.5430, 0.1262, 0.0854
-0.5430, 0.1263, 0.0854
-0.5429, 0.1263, 0.0854
-0.5429, 0.1264, 0.0854
-0.5429, 0.1265, 0.0854
-0.5429, 0.1266, 0.0854
-0.5429, 0.1267, 0.0854
-0.5428, 0.1268, 0.0854
-0.5428, 0.1268, 0.0854
-0.5428, 0.1269, 0.0854
-0.5428, 0.1270, 0.0854
-0.5428, 0.1271, 0.0854
-0.5427, 0.1272, 0.0854
-0.5427, 0.1273, 0.0854
-0.5427, 0.1273, 0.0854
-0.5427, 0.1274, 0.0854
-0.5426, 0.1275, 0.0854
-0.5426, 0.1276, 0.0854
-0.5426, 0.1277, 0.0854
-0.5426, 0.1278, 0.0854
-0.5426, 0.1278, 0.0854
-0.5425, 0.1279, 0.0854
-0.5425, 0.1280, 0.0854
-0.5425, 0.1281, 0.0854
-0.5425, 0.1282, 0.0854
-0.5425, 0.1283, 0.0854
-0.5424, 0.1283, 0.0854
-0.5424, 0.1284, 0.0854
-0.5424, 0.1285, 0.0854
-0.5424, 0.1286, 0.0854
-0.5424, 0.1287, 0.0854
-0.5423, 0.1287, 0.0854
-0.5423, 0.1288, 0.0854
-0.5423, 0.1289, 0.0854
-0.5423, 0.1290, 0.0854
-0.5423, 0.1291, 0.0854
-0.5423, 0.1292, 0.0854
-0.5422, 0.1292, 0.0854
-0.5422, 0.1293, 0.0854
-0.5422, 0.1294, 0.0854
-0.5422, 0.1295, 0.0854
-0.5421, 0.1296, 0.0854
-0.5421, 0.1296, 0.0854
-0.5421, 0.1297, 0.0854
-0.5421, 0.1298, 0.0854
-0.5421, 0.1299, 0.0854
-0.5420, 0.1300, 0.0854
-0.5420, 0.1301, 0.0854
-0.5420, 0.1301, 0.0854
-0.5420, 0.1302, 0.0854
-0.5420, 0.1303, 0.0854
-0.5419, 0.1304, 0.0854
-0.5419, 0.1305, 0.0854
-0.5419, 0.1306, 0.0854
-0.5419, 0.1306, 0.0854
-0.5419, 0.1307, 0.0854
-0.5418, 0.1308, 0.0854
-0.5418, 0.1309, 0.0854
-0.5418, 0.1310, 0.0854
-0.5418, 0.1310, 0.0854
-0.5418, 0.1311, 0.0854
-0.5417, 0.1312, 0.0854
-0.5417, 0.1313, 0.0854
-0.5417, 0.1314, 0.0854
-0.5417, 0.1314, 0.0854
-0.5417, 0.1315, 0.0853
-0.5416, 0.1316, 0.0853
-0.5416, 0.1317, 0.0853
-0.5416, 0.1318, 0.0853
-0.5416, 0.1319, 0.0853
-0.5416, 0.1319, 0.0853
-0.5415, 0.1320, 0.0853
-0.5415, 0.1321, 0.0853
-0.5415, 0.1322, 0.0853
-0.5415, 0.1323, 0.0853
-0.5415, 0.1323, 0.0853
-0.5414, 0.1324, 0.0853
-0.5414, 0.1325, 0.0853
-0.5414, 0.1326, 0.0853
-0.5414, 0.1327, 0.0853
-0.5414, 0.1327, 0.0853
-0.5413, 0.1328, 0.0853
-0.5413, 0.1329, 0.0853
-0.5413, 0.1330, 0.0853
-0.5413, 0.1331, 0.0853
-0.5412, 0.1332, 0.0853
-0.5412, 0.1332, 0.0853
-0.5412, 0.1333, 0.0853
-0.5412, 0.1334, 0.0853
-0.5412, 0.1335, 0.0853
-0.5411, 0.1336, 0.0853
-0.5411, 0.1336, 0.0853
-0.5411, 0.1337, 0.0853
-0.5411, 0.1338, 0.0853
-0.5411, 0.1339, 0.0853
-0.5410, 0.1340, 0.0853
-0.5410, 0.1340, 0.0853
-0.5410, 0.1341, 0.0853
-0.5410, 0.1342, 0.0853
-0.5410, 0.1343, 0.0853
-0.5409, 0.1344, 0.0853
-0.5409, 0.1344, 0.0853
-0.5409, 0.1345, 0.0853
-0.5409, 0.1346, 0.0853
-0.5409, 0.1347, 0.0853
-0.5408, 0.1348, 0.0853
-0.5408, 0.1348, 0.0853
-0.5408, 0.1349, 0.0853
-0.5408, 0.1350, 0.0853
-0.5408, 0.1351, 0.0853
-0.5407, 0.1352, 0.0853
-0.5407, 0.1353, 0.0853
-0.5407, 0.1353, 0.0853
-0.5407, 0.1354, 0.0853
-0.5406, 0.1355, 0.0853
-0.5406, 0.1356, 0.0853
-0.5406, 0.1357, 0.0853
-0.5406, 0.1357, 0.0853
-0.5406, 0.1358, 0.0853
-0.5405, 0.1359, 0.0853
-0.5405, 0.1360, 0.0853
-0.5405, 0.1361, 0.0853
-0.5405, 0.1361, 0.0853
-0.5405, 0.1362, 0.0853
-0.5404, 0.1363, 0.0853
-0.5404, 0.1364, 0.0852
-0.5404, 0.1365, 0.0852
-0.5404, 0.1365, 0.0853
-0.5404, 0.1366, 0.0852
-0.5403, 0.1367, 0.0852
-0.5403, 0.1368, 0.0852
-0.5403, 0.1368, 0.0852
-0.5403, 0.1369, 0.0852
-0.5403, 0.1370, 0.0852
-0.5402, 0.1371, 0.0852
-0.5402, 0.1372, 0.0852
-0.5402, 0.1372, 0.0852
-0.5402, 0.1373, 0.0852
-0.5401, 0.1374, 0.0852
-0.5401, 0.1375, 0.0852
-0.5401, 0.1376, 0.0852
-0.5401, 0.1376, 0.0852
-0.5401, 0.1377, 0.0852
-0.5400, 0.1378, 0.0852
-0.5400, 0.1379, 0.0852
-0.5400, 0.1379, 0.0852
-0.5400, 0.1380, 0.0852
-0.5400, 0.1381, 0.0852
-0.5399, 0.1382, 0.0852
-0.5399, 0.1383, 0.0852
-0.5399, 0.1383, 0.0852
-0.5399, 0.1384, 0.0852
-0.5399, 0.1385, 0.0852
-0.5398, 0.1386, 0.0852
-0.5398, 0.1386, 0.0852
-0.5398, 0.1387, 0.0852
-0.5398, 0.1388, 0.0852
-0.5398, 0.1389, 0.0852
-0.5397, 0.1389, 0.0852
-0.5397, 0.1390, 0.0852
-0.5397, 0.1391, 0.0852
-0.5397, 0.1392, 0.0852
-0.5397, 0.1392, 0.0852
-0.5396, 0.1393, 0.0852
-0.5396, 0.1394, 0.0852
-0.5396, 0.1395, 0.0852
-0.5396, 0.1395, 0.0852
-0.5396, 0.1396, 0.0852
-0.5395, 0.1397, 0.0852
-0.5395, 0.1398, 0.0852
-0.5395, 0.1398, 0.0852
-0.5395, 0.1399, 0.0852
-0.5395, 0.1400, 0.0852
-0.5394, 0.1401, 0.0852
-0.5394, 0.1401, 0.0852
-0.5394, 0.1402, 0.0852
-0.5394, 0.1403, 0.0852
-0.5394, 0.1403, 0.0852
-0.5393, 0.1404, 0.0852
-0.5393, 0.1405, 0.0852
-0.5393, 0.1406, 0.0852
-0.5393, 0.1406, 0.0852
-0.5393, 0.1407, 0.0852
-0.5392, 0.1408, 0.0852
-0.5392, 0.1409, 0.0852
-0.5392, 0.1409, 0.0852
-0.5392, 0.1410, 0.0852
-0.5392, 0.1411, 0.0852
-0.5392, 0.1411, 0.0852
-0.5391, 0.1412, 0.0852
-0.5391, 0.1413, 0.0852
-0.5391, 0.1414, 0.0852
-0.5391, 0.1414, 0.0852
-0.5391, 0.1415, 0.0852
-0.5390, 0.1416, 0.0852
-0.5390, 0.1416, 0.0852
-0.5390, 0.1417, 0.0852
-0.5390, 0.1418, 0.0852
-0.5390, 0.1419, 0.0852
-0.5389, 0.1419, 0.0852
-0.5389, 0.1420, 0.0852
-0.5389, 0.1421, 0.0852
-0.5389, 0.1421, 0.0852
-0.5389, 0.1422, 0.0852
-0.5388, 0.1423, 0.0852
-0.5388, 0.1424, 0.0852
-0.5388, 0.1424, 0.0851
-0.5388, 0.1425, 0.0851
-0.5388, 0.1426, 0.0851
-0.5388, 0.1426, 0.0851
-0.5387, 0.1427, 0.0851
-0.5387, 0.1428, 0.0851
-0.5387, 0.1429, 0.0851
-0.5387, 0.1429, 0.0851
-0.5387, 0.1430, 0.0851
-0.5386, 0.1431, 0.0851
-0.5386, 0.1431, 0.0851
-0.5386, 0.1432, 0.0851
-0.5386, 0.1433, 0.0851
-0.5386, 0.1433, 0.0851
-0.5385, 0.1434, 0.0851
-0.5385, 0.1435, 0.0851
-0.5385, 0.1435, 0.0851
-0.5385, 0.1436, 0.0851
-0.5385, 0.1437, 0.0851
-0.5384, 0.1438, 0.0851
-0.5384, 0.1438, 0.0851
-0.5384, 0.1439, 0.0851
-0.5384, 0.1440, 0.0851
-0.5384, 0.1440, 0.0851
-0.5384, 0.1441, 0.0851
-0.5383, 0.1442, 0.0851
-0.5383, 0.1442, 0.0851
-0.5383, 0.1443, 0.0851
-0.5383, 0.1444, 0.0851
-0.5383, 0.1444, 0.0851
-0.5382, 0.1445, 0.0851
-0.5382, 0.1446, 0.0851
-0.5382, 0.1446, 0.0851
-0.5382, 0.1447, 0.0851
-0.5382, 0.1448, 0.0851
-0.5381, 0.1448, 0.0851
-0.5381, 0.1449, 0.0851
-0.5381, 0.1450, 0.0851
-0.5381, 0.1450, 0.0851
-0.5381, 0.1451, 0.0851
-0.5380, 0.1452, 0.0851
-0.5380, 0.1452, 0.0851
-0.5380, 0.1453, 0.0851
-0.5380, 0.1454, 0.0851
-0.5380, 0.1454, 0.0851
-0.5380, 0.1455, 0.0851
-0.5379, 0.1456, 0.0851
-0.5379, 0.1456, 0.0851
-0.5379, 0.1457, 0.0851
-0.5379, 0.1458, 0.0851
-0.5379, 0.1458, 0.0851
-0.5378, 0.1459, 0.0851
-0.5378, 0.1460, 0.0851
-0.5378, 0.1460, 0.0851
-0.5378, 0.1461, 0.0851
-0.5378, 0.1462, 0.0851
-0.5378, 0.1462, 0.0851
-0.5377, 0.1463, 0.0851
-0.5377, 0.1463, 0.0851
-0.5377, 0.1464, 0.0851
-0.5377, 0.1465, 0.0851
-0.5377, 0.1465, 0.0851
-0.5376, 0.1466, 0.0851
-0.5376, 0.1467, 0.0851
-0.5376, 0.1467, 0.0851
-0.5376, 0.1468, 0.0850
-0.5376, 0.1468, 0.0851
-0.5376, 0.1469, 0.0850
-0.5375, 0.1470, 0.0850
-0.5375, 0.1470, 0.0850
-0.5375, 0.1471, 0.0850
-0.5375, 0.1471, 0.0850
-0.5375, 0.1472, 0.0850
-0.5375, 0.1473, 0.0850
-0.5374, 0.1473, 0.0850
-0.5374, 0.1474, 0.0850
-0.5374, 0.1474, 0.0850
-0.5374, 0.1475, 0.0850
-0.5374, 0.1475, 0.0850
-0.5374, 0.1476, 0.0850
-0.5373, 0.1477, 0.0850
-0.5373, 0.1477, 0.0850
-0.5373, 0.1478, 0.0850
-0.5373, 0.1478, 0.0850
-0.5373, 0.1479, 0.0850
-0.5373, 0.1480, 0.0850
-0.5372, 0.1480, 0.0850
-0.5372, 0.1481, 0.0850
-0.5372, 0.1481, 0.0850
-0.5372, 0.1482, 0.0850
-0.5372, 0.1482, 0.0850
-0.5372, 0.1483, 0.0850
-0.5371, 0.1483, 0.0850
-0.5371, 0.1484, 0.0850
-0.5371, 0.1484, 0.0850
-0.5371, 0.1485, 0.0850
-0.5371, 0.1485, 0.0850
-0.5371, 0.1486, 0.0850
-0.5370, 0.1487, 0.0850
-0.5370, 0.1487, 0.0850
-0.5370, 0.1488, 0.0850
-0.5370, 0.1488, 0.0850
-0.5370, 0.1489, 0.0850
-0.5370, 0.1489, 0.0850
-0.5370, 0.1490, 0.0850
-0.5369, 0.1490, 0.0850
-0.5369, 0.1491, 0.0850
-0.5369, 0.1491, 0.0850
-0.5369, 0.1491, 0.0850
-0.5369, 0.1492, 0.0850
-0.5369, 0.1492, 0.0850
-0.5369, 0.1493, 0.0850
-0.5368, 0.1493, 0.0850
-0.5368, 0.1494, 0.0850
-0.5368, 0.1494, 0.0850
-0.5368, 0.1495, 0.0850
-0.5368, 0.1495, 0.0850
-0.5368, 0.1496, 0.0850
-0.5368, 0.1496, 0.0850
-0.5368, 0.1497, 0.0850
-0.5367, 0.1497, 0.0850
-0.5367, 0.1497, 0.0850
-0.5367, 0.1498, 0.0850
-0.5367, 0.1498, 0.0850
-0.5367, 0.1499, 0.0850
-0.5367, 0.1499, 0.0850
-0.5367, 0.1500, 0.0850
-0.5367, 0.1500, 0.0850
-0.5366, 0.1500, 0.0850
-0.5366, 0.1501, 0.0850
-0.5366, 0.1501, 0.0850
-0.5366, 0.1502, 0.0850
-0.5366, 0.1502, 0.0850
-0.5366, 0.1502, 0.0850
-0.5366, 0.1503, 0.0850
-0.5366, 0.1503, 0.0850
-0.5366, 0.1504, 0.0850
-0.5365, 0.1504, 0.0850
-0.5365, 0.1504, 0.0850
-0.5365, 0.1505, 0.0850
-0.5365, 0.1505, 0.0850
-0.5365, 0.1506, 0.0850
-0.5365, 0.1506, 0.0850
-0.5365, 0.1506, 0.0850
-0.5365, 0.1507, 0.0850
-0.5365, 0.1507, 0.0850
-0.5365, 0.1507, 0.0850
-0.5364, 0.1508, 0.0850
-0.5364, 0.1508, 0.0850
-0.5364, 0.1508, 0.0850
-0.5364, 0.1509, 0.0850
-0.5364, 0.1509, 0.0850
-0.5364, 0.1509, 0.0850
-0.5364, 0.1510, 0.0850
-0.5364, 0.1510, 0.0850
-0.5364, 0.1510, 0.0850
-0.5364, 0.1511, 0.0850
-0.5364, 0.1511, 0.0850
-0.5363, 0.1511, 0.0850
-0.5363, 0.1511, 0.0850
-0.5363, 0.1512, 0.0850
-0.5363, 0.1512, 0.0850
-0.5363, 0.1512, 0.0850
-0.5363, 0.1513, 0.0850
-0.5363, 0.1513, 0.0850
-0.5363, 0.1513, 0.0850
-0.5363, 0.1513, 0.0850
-0.5363, 0.1514, 0.0850
-0.5363, 0.1514, 0.0850
-0.5362, 0.1514, 0.0850
-0.5362, 0.1514, 0.0850
-0.5362, 0.1515, 0.0850
-0.5362, 0.1515, 0.0850
-0.5362, 0.1515, 0.0850
-0.5362, 0.1515, 0.0850
-0.5362, 0.1516, 0.0850
-0.5362, 0.1516, 0.0850
-0.5362, 0.1516, 0.0850
-0.5362, 0.1516, 0.0850
-0.5362, 0.1517, 0.0850
-0.5362, 0.1517, 0.0850
-0.5362, 0.1517, 0.0850
-0.5362, 0.1517, 0.0849
-0.5362, 0.1517, 0.0849
-0.5361, 0.1518, 0.0849
-0.5361, 0.1518, 0.0849
-0.5361, 0.1518, 0.0849
-0.5361, 0.1518, 0.0849
-0.5361, 0.1518, 0.0849
-0.5361, 0.1519, 0.0849
-0.5361, 0.1519, 0.0849
-0.5361, 0.1519, 0.0849
-0.5361, 0.1519, 0.0849
-0.5361, 0.1519, 0.0849
-0.5361, 0.1520, 0.0849
-0.5361, 0.1520, 0.0849
-0.5361, 0.1520, 0.0849
-0.5361, 0.1520, 0.0849
-0.5361, 0.1520, 0.0849
-0.5361, 0.1520, 0.0849
-0.5361, 0.1520, 0.0849
-0.5361, 0.1521, 0.0849
-0.5361, 0.1521, 0.0849
-0.5360, 0.1521, 0.0849
-0.5360, 0.1521, 0.0849
-0.5360, 0.1521, 0.0849
-0.5360, 0.1521, 0.0849
-0.5360, 0.1521, 0.0849
-0.5360, 0.1522, 0.0849
-0.5360, 0.1522, 0.0849
-0.5360, 0.1522, 0.0849
-0.5360, 0.1522, 0.0849
-0.5360, 0.1522, 0.0849
-0.5360, 0.1522, 0.0849
-0.5360, 0.1522, 0.0849
-0.5360, 0.1523, 0.0849
-0.5360, 0.1523, 0.0849
-0.5360, 0.1523, 0.0849
-0.5360, 0.1523, 0.0849
-0.5360, 0.1523, 0.0849
-0.5360, 0.1523, 0.0849
-0.5360, 0.1523, 0.0849
-0.5360, 0.1523, 0.0849
-0.5360, 0.1523, 0.0849
-0.5360, 0.1523, 0.0849
-0.5360, 0.1523, 0.0849
-0.5360, 0.1524, 0.0849
-0.5360, 0.1524, 0.0849
-0.5360, 0.1524, 0.0849
-0.5360, 0.1524, 0.0849
-0.5360, 0.1524, 0.0849
-0.5360, 0.1524, 0.0849
-0.5360, 0.1524, 0.0849
-0.5360, 0.1524, 0.0849
-0.5360, 0.1524, 0.0849
-0.5360, 0.1524, 0.0849
-0.5360, 0.1524, 0.0849
-0.5360, 0.1524, 0.0849
-0.5360, 0.1524, 0.0849
-0.5360, 0.1524, 0.0849
-0.5360, 0.1524, 0.0849
-0.5360, 0.1524, 0.0849
-0.5360, 0.1524, 0.0849
-0.5360, 0.1524, 0.0849
-0.5360, 0.1524, 0.0849
-0.5360, 0.1524, 0.0849
-0.5360, 0.1524, 0.0849
-0.5360, 0.1524, 0.0849
-0.5360, 0.1524, 0.0849
-0.5360, 0.1524, 0.0849
-0.5360, 0.1524, 0.0849
-0.5360, 0.1524, 0.0849
-0.5360, 0.1524, 0.0849
-0.5360, 0.1524, 0.0849
-0.5360, 0.1524, 0.0849
-0.5360, 0.1524, 0.0849
-0.5360, 0.1524, 0.0849
-0.5360, 0.1524, 0.0849
-0.5360, 0.1524, 0.0849
-0.5360, 0.1524, 0.0849
-0.5360, 0.1524, 0.0849
-0.5360, 0.1524, 0.0849
-0.5360, 0.1524, 0.0849
-0.5360, 0.1524, 0.0849
-0.5360, 0.1524, 0.0849
-0.5360, 0.1524, 0.0849
-0.5360, 0.1524, 0.0849
-0.5360, 0.1524, 0.0849
-0.5360, 0.1524, 0.0849
-0.5360, 0.1524, 0.0849
-0.5360, 0.1524, 0.0849
-0.5360, 0.1524, 0.0849
-0.5360, 0.1524, 0.0849
-0.5360, 0.1524, 0.0849
-0.5360, 0.1524, 0.0849
-0.5360, 0.1524, 0.0849
-0.5360, 0.1524, 0.0849
-0.5360, 0.1524, 0.0849
-0.5360, 0.1524, 0.0849
-0.5360, 0.1523, 0.0849
-0.5360, 0.1523, 0.0849
-0.5360, 0.1523, 0.0849
-0.5360, 0.1523, 0.0849
-0.5360, 0.1523, 0.0849
-0.5360, 0.1523, 0.0849
-0.5360, 0.1523, 0.0849
-0.5360, 0.1523, 0.0849
-0.5360, 0.1523, 0.0849
-0.5360, 0.1523, 0.0849
-0.5360, 0.1523, 0.0849
-0.5360, 0.1523, 0.0849
-0.5360, 0.1523, 0.0849
-0.5360, 0.1523, 0.0849
-0.5360, 0.1523, 0.0849
-0.5360, 0.1523, 0.0849
-0.5360, 0.1523, 0.0849
-0.5360, 0.1523, 0.0849
-0.5360, 0.1523, 0.0849
-0.5360, 0.1522, 0.0849
-0.5360, 0.1522, 0.0849
-0.5360, 0.1522, 0.0849
-0.5360, 0.1522, 0.0849
-0.5360, 0.1522, 0.0849
-0.5360, 0.1522, 0.0849
-0.5360, 0.1522, 0.0849
-0.5360, 0.1522, 0.0849
-0.5360, 0.1522, 0.0849
-0.5360, 0.1522, 0.0849
-0.5360, 0.1522, 0.0849
-0.5360, 0.1522, 0.0849
-0.5360, 0.1522, 0.0849
-0.5360, 0.1522, 0.0849
-0.5360, 0.1522, 0.0849
-0.5360, 0.1522, 0.0849
-0.5360, 0.1521, 0.0849
-0.5360, 0.1521, 0.0849
-0.5360, 0.1521, 0.0849
-0.5360, 0.1521, 0.0849
-0.5360, 0.1521, 0.0849
-0.5360, 0.1521, 0.0849
-0.5360, 0.1521, 0.0849
-0.5361, 0.1521, 0.0849
-0.5361, 0.1521, 0.0849
-0.5361, 0.1521, 0.0849
-0.5361, 0.1521, 0.0849
-0.5361, 0.1521, 0.0849
-0.5361, 0.1521, 0.0849
-0.5361, 0.1521, 0.0849
-0.5361, 0.1521, 0.0849
-0.5361, 0.1520, 0.0849
-0.5361, 0.1520, 0.0850
-0.5361, 0.1520, 0.0850
-0.5361, 0.1520, 0.0849
-0.5361, 0.1520, 0.0849
-0.5361, 0.1520, 0.0849
-0.5361, 0.1520, 0.0849
-0.5361, 0.1520, 0.0849
-0.5361, 0.1520, 0.0849
-0.5361, 0.1520, 0.0849
-0.5361, 0.1520, 0.0850
-0.5361, 0.1520, 0.0849
-0.5361, 0.1520, 0.0849
-0.5361, 0.1520, 0.0849
-0.5361, 0.1520, 0.0849
-0.5361, 0.1519, 0.0849
-0.5361, 0.1519, 0.0849
-0.5361, 0.1519, 0.0849
-0.5361, 0.1519, 0.0849
-0.5361, 0.1519, 0.0849
-0.5361, 0.1519, 0.0849
-0.5361, 0.1519, 0.0849
-0.5361, 0.1519, 0.0849
-0.5361, 0.1519, 0.0849
-0.5361, 0.1519, 0.0849
-0.5361, 0.1519, 0.0849
-0.5361, 0.1519, 0.0849
-0.5361, 0.1519, 0.0849
-0.5361, 0.1519, 0.0849
-0.5361, 0.1518, 0.0849
-0.5361, 0.1518, 0.0849
-0.5361, 0.1518, 0.0849
-0.5361, 0.1518, 0.0849
-0.5361, 0.1518, 0.0849
-0.5361, 0.1518, 0.0849
-0.5361, 0.1518, 0.0849
-0.5361, 0.1518, 0.0849
-0.5361, 0.1518, 0.0849
-0.5361, 0.1518, 0.0849
-0.5361, 0.1518, 0.0849
-0.5361, 0.1518, 0.0849
-0.5361, 0.1518, 0.0849
-0.5361, 0.1518, 0.0849
-0.5361, 0.1518, 0.0849
-0.5361, 0.1518, 0.0849
-0.5361, 0.1518, 0.0849
-0.5362, 0.1517, 0.0849
-0.5362, 0.1517, 0.0849
-0.5362, 0.1517, 0.0849
-0.5362, 0.1517, 0.0849
-0.5362, 0.1517, 0.0849
-0.5362, 0.1517, 0.0849
-0.5362, 0.1517, 0.0849
-0.5362, 0.1517, 0.0849
-0.5362, 0.1517, 0.0849
-0.5362, 0.1517, 0.0849
-0.5362, 0.1517, 0.0849
-0.5362, 0.1517, 0.0849
-0.5362, 0.1517, 0.0849
-0.5362, 0.1517, 0.0849
-0.5362, 0.1517, 0.0849
-0.5362, 0.1517, 0.0849
-0.5362, 0.1516, 0.0849
-0.5362, 0.1516, 0.0849
-0.5362, 0.1516, 0.0849
-0.5362, 0.1516, 0.0849
-0.5362, 0.1516, 0.0849
-0.5362, 0.1516, 0.0849
-0.5362, 0.1516, 0.0849
-0.5362, 0.1516, 0.0849
-0.5362, 0.1516, 0.0849
-0.5362, 0.1516, 0.0849
-0.5362, 0.1516, 0.0849
-0.5362, 0.1516, 0.0849
-0.5362, 0.1516, 0.0849
-0.5362, 0.1516, 0.0849
-0.5362, 0.1516, 0.0849
-0.5362, 0.1516, 0.0849
-0.5362, 0.1516, 0.0849
-0.5362, 0.1516, 0.0849
-0.5362, 0.1516, 0.0849
-0.5362, 0.1516, 0.0849
-0.5362, 0.1515, 0.0849
-0.5362, 0.1515, 0.0849
-0.5362, 0.1515, 0.0850
-0.5362, 0.1515, 0.0849
-0.5362, 0.1515, 0.0849
-0.5362, 0.1515, 0.0850
-0.5362, 0.1515, 0.0849
-0.5362, 0.1515, 0.0849
-0.5362, 0.1515, 0.0849
-0.5362, 0.1515, 0.0849
-0.5362, 0.1515, 0.0849
-0.5362, 0.1515, 0.0849
-0.5362, 0.1515, 0.0849
-0.5362, 0.1515, 0.0849
-0.5362, 0.1515, 0.0849
-0.5362, 0.1515, 0.0849
-0.5362, 0.1515, 0.0849
-0.5362, 0.1515, 0.0849
-0.5362, 0.1515, 0.0849
-0.5362, 0.1514, 0.0849
-0.5362, 0.1514, 0.0849
-0.5362, 0.1514, 0.0849
-0.5362, 0.1514, 0.0849
-0.5362, 0.1514, 0.0849
-0.5362, 0.1514, 0.0849
-0.5362, 0.1514, 0.0849
-0.5362, 0.1514, 0.0849
-0.5362, 0.1514, 0.0849
-0.5362, 0.1514, 0.0849
-0.5363, 0.1514, 0.0849
-0.5363, 0.1514, 0.0849
-0.5363, 0.1514, 0.0849
-0.5363, 0.1514, 0.0849
-0.5363, 0.1514, 0.0849
-0.5363, 0.1514, 0.0849
-0.5363, 0.1514, 0.0849
-0.5363, 0.1514, 0.0849
-0.5363, 0.1514, 0.0849
-0.5363, 0.1514, 0.0849
-0.5363, 0.1513, 0.0849
-0.5363, 0.1513, 0.0849
-0.5363, 0.1513, 0.0849
-0.5363, 0.1513, 0.0849
-0.5363, 0.1513, 0.0849
-0.5363, 0.1513, 0.0849
-0.5363, 0.1513, 0.0849
-0.5363, 0.1513, 0.0849
-0.5363, 0.1513, 0.0849
-0.5363, 0.1513, 0.0849
-0.5363, 0.1513, 0.0849
-0.5363, 0.1513, 0.0849
-0.5363, 0.1513, 0.0849
-0.5363, 0.1513, 0.0849
-0.5363, 0.1513, 0.0849
-0.5363, 0.1513, 0.0849
-0.5363, 0.1513, 0.0849
-0.5363, 0.1513, 0.0849
-0.5363, 0.1513, 0.0849
-0.5363, 0.1513, 0.0849
-0.5363, 0.1513, 0.0849
-0.5363, 0.1512, 0.0849
-0.5363, 0.1512, 0.0849
-0.5363, 0.1512, 0.0849
-0.5363, 0.1512, 0.0849
-0.5363, 0.1512, 0.0849
-0.5363, 0.1512, 0.0849
-0.5363, 0.1512, 0.0849
-0.5363, 0.1512, 0.0849
-0.5363, 0.1512, 0.0849
-0.5363, 0.1512, 0.0849
-0.5363, 0.1512, 0.0849
-0.5363, 0.1512, 0.0849
-0.5363, 0.1512, 0.0849
-0.5363, 0.1512, 0.0849
-0.5363, 0.1512, 0.0849
-0.5363, 0.1512, 0.0849
-0.5363, 0.1512, 0.0849
-0.5363, 0.1512, 0.0849
-0.5363, 0.1512, 0.0849
-0.5363, 0.1512, 0.0849
-0.5363, 0.1511, 0.0849
-0.5363, 0.1511, 0.0849
-0.5363, 0.1511, 0.0849
-0.5363, 0.1511, 0.0849
-0.5363, 0.1511, 0.0849
-0.5363, 0.1511, 0.0849
-0.5363, 0.1511, 0.0849
-0.5363, 0.1511, 0.0849
-0.5363, 0.1511, 0.0849
-0.5363, 0.1511, 0.0849
-0.5363, 0.1511, 0.0849
-0.5363, 0.1511, 0.0849
-0.5363, 0.1511, 0.0849
-0.5363, 0.1511, 0.0849
-0.5363, 0.1511, 0.0849
-0.5363, 0.1511, 0.0849
-0.5363, 0.1511, 0.0849
-0.5363, 0.1511, 0.0849
-0.5363, 0.1511, 0.0849
-0.5363, 0.1511, 0.0849
-0.5363, 0.1511, 0.0849
-0.5363, 0.1510, 0.0849
-0.5363, 0.1510, 0.0849
-0.5363, 0.1510, 0.0849
-0.5364, 0.1510, 0.0849
-0.5364, 0.1510, 0.0849
-0.5364, 0.1510, 0.0849
-0.5364, 0.1510, 0.0849
-0.5364, 0.1510, 0.0849
-0.5364, 0.1510, 0.0849
-0.5364, 0.1510, 0.0849
-0.5364, 0.1510, 0.0849
-0.5364, 0.1510, 0.0849
-0.5364, 0.1510, 0.0849
-0.5364, 0.1510, 0.0849
-0.5364, 0.1510, 0.0849
-0.5364, 0.1510, 0.0849
-0.5364, 0.1510, 0.0849
-0.5364, 0.1510, 0.0849
-0.5364, 0.1510, 0.0849
-0.5364, 0.1510, 0.0849
-0.5364, 0.1510, 0.0850
-0.5364, 0.1510, 0.0849
-0.5364, 0.1510, 0.0849
-0.5364, 0.1509, 0.0849
-0.5364, 0.1509, 0.0849
-0.5364, 0.1509, 0.0849
-0.5364, 0.1509, 0.0849
-0.5364, 0.1509, 0.0849
-0.5364, 0.1509, 0.0849
-0.5364, 0.1509, 0.0849
-0.5364, 0.1509, 0.0849
-0.5364, 0.1509, 0.0849
-0.5364, 0.1509, 0.0849
-0.5364, 0.1509, 0.0849
-0.5364, 0.1509, 0.0849
-0.5364, 0.1509, 0.0849
-0.5364, 0.1509, 0.0849
-0.5364, 0.1509, 0.0849
-0.5364, 0.1509, 0.0849
-0.5364, 0.1509, 0.0849
-0.5364, 0.1509, 0.0849
-0.5364, 0.1509, 0.0849
-0.5364, 0.1509, 0.0849
-0.5364, 0.1509, 0.0849
-0.5364, 0.1509, 0.0849
-0.5364, 0.1509, 0.0849
-0.5364, 0.1509, 0.0849
-0.5364, 0.1509, 0.0849
-0.5364, 0.1509, 0.0849
-0.5364, 0.1508, 0.0849
-0.5364, 0.1508, 0.0849
-0.5364, 0.1508, 0.0849
-0.5364, 0.1508, 0.0849
-0.5364, 0.1508, 0.0849
-0.5364, 0.1508, 0.0849
-0.5364, 0.1508, 0.0849
-0.5364, 0.1508, 0.0849
-0.5364, 0.1508, 0.0849
-0.5364, 0.1508, 0.0849
-0.5364, 0.1508, 0.0849
-0.5364, 0.1508, 0.0849
-0.5364, 0.1508, 0.0849
-0.5364, 0.1508, 0.0849
-0.5364, 0.1508, 0.0849
-0.5364, 0.1508, 0.0849
-0.5364, 0.1508, 0.0849
-0.5364, 0.1508, 0.0849
-0.5364, 0.1508, 0.0849
-0.5364, 0.1508, 0.0849
-0.5364, 0.1508, 0.0849
-0.5364, 0.1508, 0.0849
-0.5364, 0.1508, 0.0849
-0.5364, 0.1508, 0.0849
-0.5364, 0.1508, 0.0849
-0.5364, 0.1508, 0.0849
-0.5364, 0.1508, 0.0849
-0.5364, 0.1508, 0.0849
-0.5364, 0.1508, 0.0849
-0.5364, 0.1508, 0.0849
-0.5364, 0.1508, 0.0849
-0.5364, 0.1508, 0.0849
-0.5364, 0.1508, 0.0849
-0.5364, 0.1508, 0.0849
-0.5364, 0.1508, 0.0849
-0.5364, 0.1507, 0.0849
-0.5364, 0.1507, 0.0849
-0.5364, 0.1507, 0.0849
-0.5364, 0.1507, 0.0849
-0.5364, 0.1507, 0.0849
-0.5364, 0.1507, 0.0849
-0.5364, 0.1507, 0.0849
-0.5364, 0.1507, 0.0849
-0.5364, 0.1507, 0.0849
-0.5364, 0.1507, 0.0849
-0.5364, 0.1507, 0.0849
-0.5364, 0.1507, 0.0849
-0.5364, 0.1507, 0.0849
-0.5364, 0.1507, 0.0849
-0.5364, 0.1507, 0.0849
-0.5364, 0.1507, 0.0849
-0.5364, 0.1507, 0.0849
-0.5364, 0.1507, 0.0849
-0.5364, 0.1507, 0.0849
-0.5364, 0.1507, 0.0849
-0.5364, 0.1507, 0.0849
-0.5364, 0.1507, 0.0849
-0.5364, 0.1507, 0.0849
-0.5364, 0.1507, 0.0849
-0.5364, 0.1507, 0.0849
-0.5364, 0.1507, 0.0849
-0.5364, 0.1507, 0.0849
-0.5364, 0.1507, 0.0849
-0.5364, 0.1507, 0.0849
-0.5364, 0.1507, 0.0849
-0.5364, 0.1507, 0.0849
-0.5364, 0.1507, 0.0849
-0.5364, 0.1507, 0.0849
-0.5364, 0.1507, 0.0849
-0.5364, 0.1507, 0.0849
-0.5364, 0.1507, 0.0849
-0.5364, 0.1507, 0.0849
-0.5364, 0.1507, 0.0849
-0.5364, 0.1507, 0.0849
-0.5364, 0.1507, 0.0849
-0.5364, 0.1507, 0.0849
-0.5364, 0.1507, 0.0849
-0.5364, 0.1507, 0.0849
-0.5364, 0.1507, 0.0849
-0.5364, 0.1507, 0.0849
-0.5364, 0.1507, 0.0849
-0.5364, 0.1507, 0.0849
-0.5365, 0.1507, 0.0849
-0.5365, 0.1507, 0.0849
-0.5364, 0.1507, 0.0849
-0.5364, 0.1507, 0.0849
-0.5364, 0.1507, 0.0849
-0.5364, 0.1507, 0.0849
-0.5364, 0.1507, 0.0849
-0.5364, 0.1507, 0.0849
-0.5364, 0.1507, 0.0849
-0.5364, 0.1507, 0.0849
-0.5364, 0.1507, 0.0849
-0.5364, 0.1507, 0.0849
-0.5364, 0.1507, 0.0849
-0.5364, 0.1507, 0.0849
-0.5364, 0.1507, 0.0849
-0.5364, 0.1507, 0.0849
-0.5364, 0.1507, 0.0849
-0.5365, 0.1507, 0.0849
-0.5364, 0.1507, 0.0849
-0.5364, 0.1507, 0.0849
-0.5364, 0.1507, 0.0849
-0.5364, 0.1507, 0.0849
-0.5364, 0.1507, 0.0849
-0.5364, 0.1507, 0.0849
-0.5364, 0.1507, 0.0849
-0.5364, 0.1507, 0.0849
-0.5364, 0.1507, 0.0849
-0.5364, 0.1507, 0.0849
-0.5364, 0.1507, 0.0849
-0.5364, 0.1507, 0.0849
-0.5364, 0.1507, 0.0849
-0.5364, 0.1507, 0.0849
-0.5364, 0.1507, 0.0849
-0.5364, 0.1507, 0.0849
-0.5364, 0.1507, 0.0849
-0.5364, 0.1507, 0.0849
-0.5364, 0.1507, 0.0849
-0.5364, 0.1507, 0.0849
-0.5364, 0.1507, 0.0849
-0.5364, 0.1507, 0.0849
-0.5364, 0.1507, 0.0849
-0.5364, 0.1507, 0.0849
-0.5364, 0.1507, 0.0849
-0.5364, 0.1507, 0.0849
-0.5364, 0.1507, 0.0849
-0.5364, 0.1507, 0.0849
-0.5364, 0.1507, 0.0849
-0.5364, 0.1507, 0.0849
-0.5364, 0.1507, 0.0849
-0.5364, 0.1507, 0.0849
-0.5364, 0.1507, 0.0849
-0.5364, 0.1507, 0.0849
-0.5364, 0.1507, 0.0849
-0.5364, 0.1507, 0.0849
-0.5364, 0.1507, 0.0849
-0.5364, 0.1507, 0.0849
-0.5364, 0.1507, 0.0849
-0.5364, 0.1507, 0.0849
-0.5364, 0.1507, 0.0849
-0.5364, 0.1507, 0.0849
-0.5364, 0.1507, 0.0849
-0.5364, 0.1507, 0.0849
-0.5364, 0.1507, 0.0849
-0.5364, 0.1507, 0.0849
-0.5364, 0.1507, 0.0849
-0.5364, 0.1507, 0.0849
-0.5364, 0.1507, 0.0849
-0.5364, 0.1507, 0.0849
-0.5364, 0.1507, 0.0849
-0.5364, 0.1507, 0.0849
-0.5364, 0.1507, 0.0849
-0.5364, 0.1507, 0.0849
-0.5364, 0.1507, 0.0849
-0.5364, 0.1507, 0.0849
-0.5364, 0.1507, 0.0849
-0.5364, 0.1507, 0.0849
-0.5364, 0.1507, 0.0849
-0.5364, 0.1507, 0.0849
-0.5364, 0.1507, 0.0849
-0.5364, 0.1507, 0.0849
-0.5364, 0.1507, 0.0849
