-0.0000, 0.0001, -0.0001
-0.0000, -0.0003, 0.0000
0.0001, 0.0001, -0.0002
-0.0001, -0.0004, -0.0003
-0.0002, -0.0002, 0.0001
-0.0001, -0.0002, 0.0003
-0.0000, -0.0003, -0.0002
0.0001, -0.0002, 0.0005
0.0001, -0.0001, 0.0003
0.0000, -0.0002, 0.0002
0.0002, -0.0000, -0.0000
-0.0001, -0.0001, 0.0000
-0.0002, -0.0001, -0.0002
0.0001, 0.0001, 0.0002
0.0001, -0.0003, 0.0005
-0.0000, -0.0003, 0.0003
0.0002, -0.0002, 0.0002
0.0000, 0.0002, 0.0004
-0.0000, 0.0000, 0.0006
-0.0001, 0.0001, 0.0009
-0.0000, 0.0004, 0.0007
-0.0000, 0.0003, 0.0006
-0.0000, -0.0001, 0.0003
0.0000, -0.0001, 0.0007
0.0001, -0.0001, 0.0010
-0.0002, -0.0001, 0.0007
-0.0001, -0.0002, 0.0004
-0.0002, 0.0004, 0.0009
-0.0003, -0.0000, 0.0009
-0.0003, 0.0004, 0.0011
-0.0003, 0.0003, 0.0004
-0.0000, 0.0004, 0.0010
0.0001, 0.0001, 0.0013
0.0000, 0.0002, 0.0015
-0.0001, 0.0003, 0.0012
-0.0001, 0.0005, 0.0014
-0.0002, -0.0000, 0.0011
-0.0001, 0.0004, 0.0011
0.0002, 0.0002, 0.0013
0.0001, -0.0001, 0.0014
-0.0000, 0.0001, 0.0013
-0.0000, 0.0001, 0.0011
0.0000, 0.0001, 0.0015
0.0000, -0.0000, 0.0014
-0.0000, 0.0004, 0.0012
0.0000, 0.0004, 0.0015
0.0001, 0.0004, 0.0015
-0.0001, 0.0001, 0.0015
-0.0001, 0.0003, 0.0016
-0.0002, 0.0002, 0.0016
0.0001, -0.0000, 0.0018
0.0001, 0.0000, 0.0015
0.0001, 0.0002, 0.0018
0.0001, 0.0002, 0.0016
0.0002, 0.0001, 0.0021
0.0001, 0.0002, 0.0018
0.0001, -0.0001, 0.0015
-0.0002, 0.0006, 0.0016
0.0001, -0.0000, 0.0018
-0.0000, 0.0006, 0.0018
0.0000, 0.0002, 0.0014
-0.0000, 0.0005, 0.0018
-0.0001, 0.0001, 0.0016
0.0002, 0.0001, 0.0020
0.0000, 0.0004, 0.0015
0.0000, -0.0000, 0.0016
0.0001, 0.0004, 0.0016
-0.0000, 0.0003, 0.0014
0.0000, 0.0004, 0.0019
-0.0001, 0.0003, 0.0018
-0.0002, 0.0007, 0.0016
0.0001, 0.0001, 0.0016
-0.0000, 0.0001, 0.0020
0.0001, 0.0006, 0.0020
-0.0000, 0.0004, 0.0014
-0.0002, 0.0006, 0.0014
-0.0001, 0.0006, 0.0016
0.0000, 0.0000, 0.0014
-0.0000, 0.0003, 0.0016
0.0002, 0.0002, 0.0019
-0.0000, 0.0003, 0.0017
0.0002, 0.0006, 0.0021
0.0001, 0.0001, 0.0020
0.0001, 0.0006, 0.0019
0.0001, 0.0002, 0.0018
0.0001, 0.0002, 0.0017
0.0001, -0.0001, 0.0019
-0.0000, 0.0002, 0.0013
-0.0000, 0.0001, 0.0015
0.0000, 0.0007, 0.0018
-0.0002, 0.0004, 0.0013
-0.0000, 0.0004, 0.0014
-0.0001, 0.0004, 0.0017
-0.0001, 0.0005, 0.0015
-0.0001, 0.0004, 0.0017
-0.0000, 0.0007, 0.0017
-0.0000, 0.0006, 0.0018
0.0003, 0.0005, 0.0020
0.0003, 0.0003, 0.0018
0.0001, 0.0002, 0.0017
0.0000, 0.0005, 0.0018
-0.0001, 0.0004, 0.0017
-0.0001, 0.0004, 0.0018
0.0000, 0.0004, 0.0017
-0.0001, 0.0005, 0.0017
-0.0000, 0.0005, 0.0017
-0.0001, 0.0008, 0.0020
0.0000, 0.0003, 0.0018
0.0003, 0.0003, 0.0020
0.0002, 0.0006, 0.0020
0.0000, 0.0006, 0.0022
-0.0002, 0.0005, 0.0020
-0.0001, 0.0004, 0.0018
-0.0000, 0.0006, 0.0020
-0.0000, 0.0003, 0.0018
-0.0002, 0.0006, 0.0017
-0.0002, 0.0007, 0.0016
0.0000, 0.0002, 0.0022
-0.0000, 0.0003, 0.0017
-0.0001, 0.0004, 0.0019
0.0001, 0.0004, 0.0021
0.0000, 0.0001, 0.0021
-0.0000, 0.0005, 0.0016
0.0000, 0.0004, 0.0020
0.0002, 0.0001, 0.0019
0.0003, 0.0003, 0.0018
0.0001, 0.0001, 0.0018
-0.0000, 0.0001, 0.0020
0.0001, 0.0002, 0.0020
-0.0002, 0.0002, 0.0017
-0.0002, 0.0005, 0.0019
-0.0000, 0.0005, 0.0020
0.0000, 0.0003, 0.0018
-0.0001, 0.0003, 0.0019
0.0001, 0.0004, 0.0021
0.0001, 0.0004, 0.0022
0.0002, 0.0002, 0.0022
0.0000, 0.0003, 0.0020
-0.0000, 0.0005, 0.0019
-0.0001, 0.0003, 0.0020
-0.0001, 0.0008, 0.0021
0.0002, 0.0007, 0.0023
-0.0000, 0.0005, 0.0017
0.0000, 0.0005, 0.0022
-0.0001, 0.0006, 0.0021
0.0000, 0.0003, 0.0023
-0.0000, 0.0002, 0.0021
-0.0001, 0.0005, 0.0018
0.0001, 0.0007, 0.0023
-0.0001, 0.0007, 0.0019
-0.0000, 0.0007, 0.0018
-0.0000, 0.0003, 0.0021
0.0000, 0.0005, 0.0021
-0.0001, 0.0007, 0.0024
-0.0001, 0.0008, 0.0022
0.0001, 0.0004, 0.0017
0.0000, 0.0004, 0.0019
0.0001, 0.0008, 0.0022
0.0001, 0.0005, 0.0024
0.0001, 0.0004, 0.0021
0.0002, 0.0008, 0.0021
-0.0001, 0.0003, 0.0018
-0.0000, 0.0005, 0.0020
-0.0001, 0.0004, 0.0020
-0.0001, 0.0007, 0.0019
-0.0000, 0.0007, 0.0020
-0.0001, 0.0006, 0.0023
-0.0000, 0.0007, 0.0023
-0.0001, 0.0003, 0.0022
-0.0001, 0.0007, 0.0019
0.0002, 0.0005, 0.0021
-0.0000, 0.0006, 0.0019
-0.0000, 0.0008, 0.0022
0.0002, 0.0004, 0.0023
-0.0000, 0.0007, 0.0019
-0.0000, 0.0005, 0.0020
0.0000, 0.0010, 0.0025
0.0001, 0.0005, 0.0019
-0.0000, 0.0003, 0.0018
-0.0001, 0.0005, 0.0019
-0.0002, 0.0003, 0.0021
-0.0001, 0.0004, 0.0024
0.0002, 0.0002, 0.0023
0.0000, 0.0004, 0.0022
-0.0001, 0.0005, 0.0019
0.0002, 0.0003, 0.0020
-0.0001, 0.0010, 0.0021
-0.0001, 0.0006, 0.0020
-0.0001, 0.0003, 0.0018
-0.0001, 0.0006, 0.0019
-0.0001, 0.0006, 0.0022
-0.0002, 0.0009, 0.0021
-0.0001, 0.0006, 0.0023
-0.0001, 0.0007, 0.0019
0.0002, 0.0008, 0.0026
-0.0001, 0.0005, 0.0021
0.0001, 0.0007, 0.0020
-0.0001, 0.0006, 0.0018
-0.0001, 0.0010, 0.0017
-0.0001, 0.0004, 0.0020
0.0000, 0.0004, 0.0021
0.0001, 0.0005, 0.0022
0.0002, 0.0006, 0.0022
0.0001, 0.0004, 0.0020
0.0003, 0.0007, 0.0022
0.0001, 0.0006, 0.0026
-0.0000, 0.0006, 0.0021
0.0002, 0.0004, 0.0019
-0.0001, 0.0004, 0.0023
0.0000, 0.0005, 0.0023
0.0000, 0.0005, 0.0023
0.0000, 0.0002, 0.0027
0.0001, 0.0003, 0.0023
-0.0001, 0.0007, 0.0021
0.0001, 0.0005, 0.0022
0.0001, 0.0006, 0.0020
-0.0000, 0.0008, 0.0021
-0.0001, 0.0007, 0.0020
0.0000, 0.0004, 0.0017
-0.0001, 0.0010, 0.0022
-0.0002, 0.0006, 0.0020
-0.0001, 0.0007, 0.0019
-0.0000, 0.0009, 0.0019
0.0002, 0.0009, 0.0021
0.0001, 0.0007, 0.0023
0.0002, 0.0007, 0.0026
0.0001, 0.0003, 0.0019
0.0001, 0.0002, 0.0020
-0.0001, 0.0005, 0.0023
-0.0001, 0.0005, 0.0024
0.0002, 0.0006, 0.0023
0.0000, 0.0005, 0.0020
0.0000, 0.0004, 0.0022
-0.0000, 0.0006, 0.0025
0.0000, 0.0005, 0.0021
-0.0002, 0.0008, 0.0018
-0.0001, 0.0006, 0.0020
-0.0001, 0.0003, 0.0023
-0.0001, 0.0005, 0.0022
-0.0001, 0.0006, 0.0023
-0.0001, 0.0009, 0.0023
-0.0001, 0.0005, 0.0022
-0.0002, 0.0009, 0.0024
-0.0001, 0.0007, 0.0025
-0.0001, 0.0008, 0.0023
0.0001, 0.0007, 0.0020
0.0004, 0.0005, 0.0028
0.0001, 0.0005, 0.0022
0.0001, 0.0007, 0.0022
-0.0000, 0.0004, 0.0024
-0.0001, 0.0002, 0.0022
0.0002, 0.0002, 0.0025
-0.0001, 0.0005, 0.0025
-0.0001, 0.0005, 0.0020
0.0000, 0.0006, 0.0021
0.0001, 0.0007, 0.0022
0.0002, 0.0008, 0.0023
0.0002, 0.0008, 0.0024
0.0001, 0.0006, 0.0024
0.0002, 0.0005, 0.0023
-0.0000, 0.0005, 0.0023
0.0000, 0.0012, 0.0021
-0.0000, 0.0007, 0.0026
-0.0001, 0.0004, 0.0023
0.0002, 0.0005, 0.0021
0.0001, 0.0006, 0.0019
0.0002, 0.0007, 0.0027
0.0001, 0.0006, 0.0025
-0.0000, 0.0007, 0.0025
-0.0001, 0.0003, 0.0020
-0.0001, 0.0007, 0.0022
0.0003, 0.0003, 0.0026
-0.0000, 0.0006, 0.0021
0.0002, 0.0005, 0.0021
-0.0002, 0.0008, 0.0021
-0.0002, 0.0010, 0.0021
-0.0001, 0.0007, 0.0023
-0.0001, 0.0006, 0.0020
-0.0001, 0.0004, 0.0020
-0.0001, 0.0008, 0.0021
-0.0000, 0.0006, 0.0025
0.0001, 0.0005, 0.0022
0.0002, 0.0006, 0.0024
0.0002, 0.0010, 0.0025
0.0000, 0.0006, 0.0026
-0.0000, 0.0008, 0.0021
0.0001, 0.0010, 0.0023
0.0001, 0.0009, 0.0026
0.0001, 0.0004, 0.0022
0.0000, 0.0006, 0.0021
0.0003, 0.0004, 0.0028
0.0003, 0.0007, 0.0028
0.0003, 0.0009, 0.0024
0.0003, 0.0007, 0.0023
-0.0001, 0.0009, 0.0024
-0.0000, 0.0010, 0.0025
-0.0000, 0.0006, 0.0020
0.0002, 0.0003, 0.0021
-0.0001, 0.0006, 0.0022
-0.0001, 0.0006, 0.0023
0.0001, 0.0007, 0.0021
-0.0001, 0.0010, 0.0026
-0.0001, 0.0006, 0.0022
0.0001, 0.0007, 0.0023
-0.0001, 0.0005, 0.0024
0.0001, 0.0008, 0.0025
-0.0000, 0.0009, 0.0025
-0.0000, 0.0005, 0.0023
-0.0001, 0.0008, 0.0026
0.0000, 0.0003, 0.0023
-0.0000, 0.0009, 0.0021
0.0000, 0.0006, 0.0020
-0.0002, 0.0007, 0.0024
-0.0001, 0.0009, 0.0026
-0.0001, 0.0005, 0.0026
-0.0001, 0.0008, 0.0027
-0.0000, 0.0007, 0.0023
-0.0000, 0.0006, 0.0025
-0.0001, 0.0007, 0.0023
-0.0001, 0.0007, 0.0026
-0.0000, 0.0006, 0.0022
0.0000, 0.0010, 0.0022
-0.0000, 0.0009, 0.0021
0.0000, 0.0009, 0.0023
0.0002, 0.0007, 0.0024
-0.0000, 0.0008, 0.0025
0.0003, 0.0008, 0.0026
-0.0001, 0.0011, 0.0023
-0.0001, 0.0007, 0.0026
0.0001, 0.0009, 0.0026
-0.0001, 0.0008, 0.0022
-0.0001, 0.0006, 0.0021
0.0000, 0.0004, 0.0027
0.0001, 0.0006, 0.0028
0.0002, 0.0006, 0.0023
-0.0000, 0.0006, 0.0024
0.0001, 0.0002, 0.0025
0.0001, 0.0006, 0.0026
0.0001, 0.0007, 0.0023
-0.0001, 0.0011, 0.0022
-0.0001, 0.0009, 0.0024
-0.0001, 0.0008, 0.0027
0.0000, 0.0007, 0.0028
0.0001, 0.0008, 0.0027
-0.0000, 0.0008, 0.0025
-0.0000, 0.0006, 0.0022
-0.0001, 0.0005, 0.0025
-0.0001, 0.0007, 0.0024
-0.0001, 0.0009, 0.0024
0.0001, 0.0010, 0.0027
-0.0001, 0.0009, 0.0023
-0.0001, 0.0005, 0.0028
-0.0000, 0.0009, 0.0025
0.0001, 0.0011, 0.0029
-0.0001, 0.0009, 0.0026
0.0000, 0.0007, 0.0027
-0.0001, 0.0005, 0.0026
-0.0000, 0.0011, 0.0026
-0.0001, 0.0008, 0.0022
-0.0002, 0.0005, 0.0025
0.0001, 0.0006, 0.0028
-0.0001, 0.0008, 0.0028
-0.0001, 0.0011, 0.0025
0.0001, 0.0006, 0.0024
0.0000, 0.0006, 0.0027
-0.0002, 0.0010, 0.0030
0.0000, 0.0007, 0.0027
0.0001, 0.0007, 0.0027
-0.0000, 0.0007, 0.0026
0.0000, 0.0007, 0.0028
0.0002, 0.0009, 0.0027
0.0002, 0.0010, 0.0029
0.0000, 0.0005, 0.0024
-0.0000, 0.0007, 0.0025
-0.0002, 0.0010, 0.0025
0.0002, 0.0006, 0.0029
-0.0001, 0.0009, 0.0022
0.0000, 0.0006, 0.0025
0.0000, 0.0007, 0.0030
-0.0001, 0.0007, 0.0029
0.0000, 0.0004, 0.0029
0.0001, 0.0008, 0.0028
0.0002, 0.0008, 0.0029
-0.0000, 0.0008, 0.0031
0.0000, 0.0007, 0.0029
-0.0000, 0.0010, 0.0024
0.0001, 0.0011, 0.0027
0.0001, 0.0008, 0.0030
-0.0000, 0.0005, 0.0027
0.0001, 0.0008, 0.0029
0.0001, 0.0012, 0.0028
0.0001, 0.0009, 0.0024
0.0000, 0.0008, 0.0029
0.0002, 0.0007, 0.0030
0.0001, 0.0009, 0.0029
-0.0001, 0.0009, 0.0022
0.0000, 0.0008, 0.0034
-0.0001, 0.0010, 0.0029
-0.0001, 0.0009, 0.0027
-0.0001, 0.0008, 0.0025
-0.0000, 0.0009, 0.0031
-0.0000, 0.0007, 0.0029
-0.0002, 0.0009, 0.0025
0.0001, 0.0005, 0.0027
0.0000, 0.0007, 0.0032
0.0000, 0.0006, 0.0030
-0.0000, 0.0009, 0.0029
-0.0001, 0.0006, 0.0025
0.0001, 0.0009, 0.0028
-0.0001, 0.0009, 0.0028
-0.0002, 0.0009, 0.0026
-0.0002, 0.0010, 0.0029
0.0001, 0.0009, 0.0032
-0.0000, 0.0010, 0.0029
-0.0001, 0.0005, 0.0031
0.0001, 0.0013, 0.0028
-0.0001, 0.0006, 0.0028
0.0001, 0.0008, 0.0031
0.0000, 0.0010, 0.0033
-0.0000, 0.0006, 0.0027
-0.0001, 0.0012, 0.0031
-0.0001, 0.0010, 0.0029
0.0001, 0.0008, 0.0027
0.0000, 0.0011, 0.0027
0.0001, 0.0007, 0.0030
-0.0001, 0.0008, 0.0030
-0.0003, 0.0012, 0.0027
-0.0001, 0.0009, 0.0029
-0.0003, 0.0010, 0.0030
0.0001, 0.0008, 0.0033
0.0001, 0.0008, 0.0033
0.0001, 0.0010, 0.0030
-0.0001, 0.0009, 0.0027
-0.0000, 0.0010, 0.0027
-0.0001, 0.0007, 0.0031
-0.0001, 0.0010, 0.0032
-0.0002, 0.0010, 0.0029
0.0000, 0.0011, 0.0030
0.0002, 0.0007, 0.0034
-0.0000, 0.0012, 0.0030
-0.0001, 0.0007, 0.0027
0.0002, 0.0008, 0.0029
0.0002, 0.0009, 0.0032
0.0003, 0.0006, 0.0029
0.0000, 0.0008, 0.0030
-0.0001, 0.0011, 0.0028
0.0001, 0.0008, 0.0030
-0.0000, 0.0011, 0.0030
0.0000, 0.0009, 0.0034
-0.0000, 0.0005, 0.0031
-0.0001, 0.0009, 0.0030
-0.0001, 0.0007, 0.0026
0.0002, 0.0008, 0.0032
0.0001, 0.0010, 0.0032
0.0002, 0.0012, 0.0033
0.0002, 0.0010, 0.0031
-0.0001, 0.0006, 0.0030
0.0001, 0.0008, 0.0031
0.0000, 0.0010, 0.0030
0.0000, 0.0007, 0.0032
0.0001, 0.0010, 0.0031
0.0000, 0.0007, 0.0030
-0.0001, 0.0010, 0.0035
-0.0002, 0.0010, 0.0032
0.0001, 0.0012, 0.0032
-0.0000, 0.0009, 0.0030
-0.0001, 0.0008, 0.0035
-0.0000, 0.0008, 0.0035
0.0000, 0.0008, 0.0031
-0.0000, 0.0010, 0.0031
0.0001, 0.0009, 0.0034
0.0002, 0.0011, 0.0036
0.0002, 0.0010, 0.0033
0.0001, 0.0011, 0.0034
0.0002, 0.0009, 0.0038
0.0003, 0.0010, 0.0039
0.0001, 0.0009, 0.0033
0.0000, 0.0009, 0.0035
-0.0001, 0.0011, 0.0033
-0.0000, 0.0010, 0.0030
-0.0001, 0.0009, 0.0032
-0.0001, 0.0011, 0.0033
-0.0000, 0.0009, 0.0034
-0.0000, 0.0009, 0.0037
0.0001, 0.0008, 0.0036
0.0002, 0.0007, 0.0037
-0.0000, 0.0011, 0.0033
-0.0002, 0.0012, 0.0033
-0.0001, 0.0010, 0.0034
0.0001, 0.0012, 0.0036
0.0001, 0.0010, 0.0032
0.0000, 0.0011, 0.0034
0.0000, 0.0010, 0.0035
0.0001, 0.0012, 0.0036
-0.0001, 0.0009, 0.0036
0.0001, 0.0009, 0.0038
-0.0000, 0.0009, 0.0035
0.0001, 0.0011, 0.0035
0.0003, 0.0009, 0.0040
0.0000, 0.0008, 0.0037
-0.0000, 0.0008, 0.0035
-0.0001, 0.0010, 0.0036
-0.0001, 0.0012, 0.0036
0.0002, 0.0010, 0.0040
0.0002, 0.0012, 0.0035
-0.0002, 0.0010, 0.0032
0.0002, 0.0007, 0.0037
-0.0001, 0.0012, 0.0034
-0.0000, 0.0010, 0.0037
0.0001, 0.0010, 0.0035
-0.0000, 0.0011, 0.0037
-0.0002, 0.0014, 0.0037
0.0001, 0.0012, 0.0038
-0.0001, 0.0013, 0.0035
-0.0001, 0.0010, 0.0030
-0.0000, 0.0012, 0.0037
-0.0002, 0.0009, 0.0037
0.0003, 0.0010, 0.0042
-0.0001, 0.0009, 0.0035
-0.0000, 0.0010, 0.0040
0.0001, 0.0012, 0.0039
-0.0000, 0.0007, 0.0040
-0.0001, 0.0013, 0.0040
0.0001, 0.0013, 0.0041
-0.0000, 0.0013, 0.0035
0.0000, 0.0008, 0.0036
-0.0001, 0.0011, 0.0043
0.0000, 0.0009, 0.0040
0.0001, 0.0011, 0.0038
0.0002, 0.0010, 0.0040
0.0000, 0.0007, 0.0043
0.0000, 0.0011, 0.0042
-0.0001, 0.0012, 0.0038
-0.0001, 0.0017, 0.0041
-0.0003, 0.0012, 0.0039
0.0001, 0.0013, 0.0043
0.0002, 0.0013, 0.0043
0.0001, 0.0013, 0.0040
0.0000, 0.0012, 0.0043
-0.0001, 0.0012, 0.0042
-0.0001, 0.0012, 0.0043
0.0001, 0.0013, 0.0044
-0.0000, 0.0013, 0.0040
0.0000, 0.0013, 0.0041
-0.0001, 0.0014, 0.0044
0.0000, 0.0012, 0.0045
0.0002, 0.0013, 0.0048
0.0001, 0.0011, 0.0045
-0.0000, 0.0012, 0.0047
0.0000, 0.0011, 0.0044
-0.0000, 0.0012, 0.0045
-0.0001, 0.0011, 0.0046
-0.0000, 0.0016, 0.0042
-0.0000, 0.0017, 0.0042
-0.0001, 0.0010, 0.0044
0.0003, 0.0008, 0.0047
0.0002, 0.0009, 0.0043
0.0000, 0.0009, 0.0043
-0.0000, 0.0013, 0.0044
-0.0000, 0.0010, 0.0048
-0.0002, 0.0016, 0.0045
-0.0000, 0.0013, 0.0045
0.0001, 0.0011, 0.0046
0.0002, 0.0013, 0.0050
-0.0001, 0.0012, 0.0044
-0.0001, 0.0015, 0.0046
-0.0002, 0.0014, 0.0046
-0.0001, 0.0013, 0.0049
-0.0001, 0.0015, 0.0045
-0.0001, 0.0017, 0.0045
0.0001, 0.0012, 0.0046
-0.0001, 0.0016, 0.0044
-0.0002, 0.0015, 0.0045
-0.0002, 0.0015, 0.0050
-0.0001, 0.0014, 0.0045
0.0002, 0.0013, 0.0048
-0.0000, 0.0015, 0.0053
0.0001, 0.0017, 0.0048
0.0000, 0.0014, 0.0049
-0.0000, 0.0013, 0.0052
-0.0002, 0.0015, 0.0047
-0.0001, 0.0015, 0.0045
-0.0000, 0.0010, 0.0052
-0.0001, 0.0013, 0.0051
0.0000, 0.0011, 0.0050
-0.0002, 0.0014, 0.0048
-0.0001, 0.0010, 0.0052
-0.0001, 0.0014, 0.0052
0.0000, 0.0013, 0.0049
0.0000, 0.0015, 0.0050
-0.0001, 0.0015, 0.0050
-0.0001, 0.0015, 0.0054
-0.0001, 0.0014, 0.0049
-0.0001, 0.0015, 0.0051
0.0000, 0.0013, 0.0049
-0.0001, 0.0016, 0.0050
0.0000, 0.0015, 0.0054
0.0000, 0.0015, 0.0053
0.0000, 0.0014, 0.0052
0.0001, 0.0013, 0.0051
-0.0002, 0.0014, 0.0054
0.0001, 0.0012, 0.0058
-0.0001, 0.0016, 0.0052
-0.0001, 0.0015, 0.0054
-0.0001, 0.0018, 0.0055
-0.0002, 0.0019, 0.0054
-0.0001, 0.0015, 0.0053
-0.0003, 0.0015, 0.0052
-0.0001, 0.0016, 0.0053
-0.0001, 0.0018, 0.0057
0.0000, 0.0016, 0.0054
-0.0000, 0.0014, 0.0058
0.0001, 0.0013, 0.0053
-0.0000, 0.0013, 0.0050
-0.0000, 0.0015, 0.0057
-0.0000, 0.0016, 0.0058
-0.0002, 0.0017, 0.0055
0.0001, 0.0014, 0.0057
-0.0000, 0.0014, 0.0056
0.0000, 0.0013, 0.0060
0.0003, 0.0013, 0.0057
-0.0001, 0.0016, 0.0055
-0.0001, 0.0017, 0.0057
0.0001, 0.0017, 0.0061
0.0000, 0.0013, 0.0060
-0.0001, 0.0015, 0.0058
-0.0000, 0.0017, 0.0058
-0.0001, 0.0021, 0.0056
-0.0002, 0.0014, 0.0060
-0.0000, 0.0013, 0.0059
0.0000, 0.0015, 0.0058
0.0003, 0.0014, 0.0059
0.0000, 0.0016, 0.0064
-0.0001, 0.0015, 0.0065
-0.0001, 0.0015, 0.0063
0.0000, 0.0017, 0.0061
-0.0000, 0.0013, 0.0065
-0.0001, 0.0020, 0.0060
-0.0001, 0.0019, 0.0061
-0.0001, 0.0014, 0.0064
0.0000, 0.0014, 0.0061
-0.0001, 0.0013, 0.0064
-0.0001, 0.0016, 0.0064
-0.0002, 0.0017, 0.0068
-0.0001, 0.0016, 0.0062
-0.0002, 0.0014, 0.0064
-0.0002, 0.0015, 0.0065
-0.0002, 0.0013, 0.0067
-0.0002, 0.0015, 0.0065
-0.0002, 0.0013, 0.0068
-0.0001, 0.0013, 0.0066
-0.0001, 0.0015, 0.0066
-0.0002, 0.0020, 0.0070
-0.0003, 0.0014, 0.0069
-0.0001, 0.0015, 0.0069
-0.0000, 0.0017, 0.0067
-0.0001, 0.0018, 0.0072
-0.0001, 0.0017, 0.0075
-0.0002, 0.0020, 0.0070
-0.0000, 0.0016, 0.0071
-0.0000, 0.0013, 0.0078
0.0000, 0.0018, 0.0077
-0.0000, 0.0017, 0.0075
0.0002, 0.0016, 0.0078
-0.0001, 0.0016, 0.0080
-0.0000, 0.0013, 0.0078
-0.0002, 0.0013, 0.0078
-0.0000, 0.0015, 0.0083
-0.0002, 0.0020, 0.0082
-0.0003, 0.0019, 0.0085
-0.0001, 0.0016, 0.0087
-0.0002, 0.0017, 0.0085
-0.0003, 0.0016, 0.0085
-0.0002, 0.0019, 0.0085
-0.0001, 0.0017, 0.0088
-0.0002, 0.0017, 0.0093
-0.0002, 0.0016, 0.0091
-0.0001, 0.0017, 0.0092
-0.0001, 0.0018, 0.0094
0.0001, 0.0015, 0.0101
-0.0001, 0.0014, 0.0097
-0.0002, 0.0015, 0.0098
-0.0001, 0.0019, 0.0102
-0.0002, 0.0017, 0.0102
-0.0003, 0.0019, 0.0107
-0.0002, 0.0017, 0.0105
-0.0002, 0.0015, 0.0105
-0.0000, 0.0014, 0.0111
-0.0001, 0.0012, 0.0116
-0.0001, 0.0016, 0.0118
-0.0002, 0.0018, 0.0115
-0.0002, 0.0019, 0.0119
-0.0001, 0.0018, 0.0121
-0.0001, 0.0018, 0.0124
-0.0001, 0.0015, 0.0120
-0.0000, 0.0017, 0.0121
0.0001, 0.0016, 0.0123
-0.0001, 0.0018, 0.0126
-0.0000, 0.0016, 0.0124
-0.0000, 0.0014, 0.0130
-0.0001, 0.0017, 0.0128
-0.0002, 0.0019, 0.0127
-0.0001, 0.0019, 0.0131
-0.0002, 0.0020, 0.0137
-0.0000, 0.0016, 0.0135
-0.0000, 0.0017, 0.0137
0.0002, 0.0017, 0.0141
-0.0001, 0.0020, 0.0141
-0.0001, 0.0016, 0.0138
0.0001, 0.0018, 0.0141
0.0002, 0.0018, 0.0144
0.0002, 0.0016, 0.0145
-0.0002, 0.0022, 0.0143
0.0002, 0.0016, 0.0146
0.0000, 0.0016, 0.0145
-0.0000, 0.0018, 0.0146
-0.0001, 0.0016, 0.0147
-0.0000, 0.0015, 0.0148
0.0001, 0.0015, 0.0147
0.0000, 0.0018, 0.0150
-0.0000, 0.0016, 0.0154
-0.0001, 0.0016, 0.0153
-0.0001, 0.0015, 0.0150
-0.0000, 0.0014, 0.0151
-0.0001, 0.0019, 0.0157
-0.0001, 0.0018, 0.0156
-0.0002, 0.0018, 0.0153
0.0001, 0.0017, 0.0158
0.0001, 0.0017, 0.0157
-0.0000, 0.0017, 0.0158
-0.0000, 0.0017, 0.0159
-0.0001, 0.0019, 0.0157
-0.0002, 0.0021, 0.0156
-0.0001, 0.0017, 0.0162
-0.0000, 0.0020, 0.0158
-0.0003, 0.0021, 0.0160
-0.0001, 0.0021, 0.0159
-0.0001, 0.0019, 0.0159
-0.0000, 0.0022, 0.0164
-0.0000, 0.0020, 0.0164
-0.0000, 0.0019, 0.0161
-0.0002, 0.0017, 0.0160
-0.0002, 0.0018, 0.0160
-0.0002, 0.0020, 0.0162
-0.0001, 0.0021, 0.0159
0.0001, 0.0020, 0.0161
0.0001, 0.0021, 0.0164
-0.0001, 0.0019, 0.0162
-0.0001, 0.0018, 0.0163
-0.0003, 0.0019, 0.0162
0.0001, 0.0022, 0.0163
0.0002, 0.0017, 0.0163
-0.0002, 0.0023, 0.0164
-0.0002, 0.0018, 0.0164
-0.0002, 0.0020, 0.0163
-0.0003, 0.0023, 0.0162
-0.0000, 0.0017, 0.0166
-0.0002, 0.0015, 0.0166
-0.0002, 0.0021, 0.0164
0.0001, 0.0017, 0.0165
-0.0002, 0.0021, 0.0167
-0.0001, 0.0019, 0.0161
-0.0001, 0.0018, 0.0162
-0.0003, 0.0018, 0.0163
-0.0002, 0.0020, 0.0163
-0.0001, 0.0020, 0.0162
-0.0001, 0.0019, 0.0165
-0.0002, 0.0018, 0.0165
-0.0002, 0.0021, 0.0161
-0.0000, 0.0018, 0.0162
-0.0002, 0.0021, 0.0166
-0.0002, 0.0021, 0.0166
-0.0002, 0.0021, 0.0161
-0.0002, 0.0021, 0.0162
-0.0002, 0.0022, 0.0163
-0.0004, 0.0023, 0.0163
-0.0002, 0.0023, 0.0163
-0.0001, 0.0022, 0.0163
-0.0003, 0.0024, 0.0159
-0.0002, 0.0016, 0.0163
-0.0000, 0.0021, 0.0166
-0.0001, 0.0021, 0.0162
-0.0001, 0.0019, 0.0165
-0.0001, 0.0018, 0.0165
-0.0002, 0.0022, 0.0165
-0.0001, 0.0024, 0.0164
-0.0003, 0.0022, 0.0161
-0.0001, 0.0023, 0.0164
-0.0002, 0.0020, 0.0165
-0.0003, 0.0023, 0.0165
-0.0002, 0.0022, 0.0163
-0.0002, 0.0021, 0.0163
-0.0002, 0.0019, 0.0166
-0.0002, 0.0020, 0.0165
-0.0001, 0.0018, 0.0164
-0.0002, 0.0023, 0.0166
-0.0001, 0.0020, 0.0165
-0.0001, 0.0019, 0.0165
0.0000, 0.0021, 0.0165
-0.0001, 0.0019, 0.0165
0.0000, 0.0018, 0.0166
-0.0000, 0.0020, 0.0163
0.0000, 0.0019, 0.0166
-0.0002, 0.0021, 0.0163
-0.0002, 0.0021, 0.0165
-0.0002, 0.0022, 0.0165
-0.0003, 0.0021, 0.0165
-0.0001, 0.0019, 0.0166
-0.0001, 0.0021, 0.0164
-0.0001, 0.0020, 0.0167
-0.0000, 0.0021, 0.0166
-0.0000, 0.0020, 0.0165
-0.0000, 0.0023, 0.0166
-0.0001, 0.0021, 0.0166
-0.0001, 0.0020, 0.0169
-0.0001, 0.0024, 0.0166
0.0000, 0.0021, 0.0164
0.0001, 0.0019, 0.0168
-0.0003, 0.0021, 0.0168
-0.0001, 0.0021, 0.0170
0.0000, 0.0020, 0.0168
-0.0001, 0.0022, 0.0165
0.0000, 0.0020, 0.0166
0.0001, 0.0021, 0.0168
-0.0001, 0.0020, 0.0164
-0.0000, 0.0023, 0.0167
0.0000, 0.0023, 0.0167
-0.0000, 0.0022, 0.0166
-0.0001, 0.0023, 0.0171
-0.0000, 0.0024, 0.0169
-0.0002, 0.0020, 0.0165
0.0001, 0.0021, 0.0166
-0.0001, 0.0023, 0.0168
0.0000, 0.0023, 0.0170
-0.0002, 0.0022, 0.0169
-0.0001, 0.0019, 0.0168
-0.0001, 0.0022, 0.0170
-0.0003, 0.0022, 0.0171
-0.0002, 0.0023, 0.0169
-0.0003, 0.0025, 0.0167
-0.0002, 0.0018, 0.0173
-0.0001, 0.0019, 0.0168
-0.0001, 0.0024, 0.0171
-0.0002, 0.0021, 0.0173
-0.0001, 0.0020, 0.0169
-0.0001, 0.0025, 0.0168
-0.0000, 0.0023, 0.0166
-0.0005, 0.0022, 0.0167
-0.0001, 0.0025, 0.0167
-0.0003, 0.0022, 0.0167
-0.0002, 0.0024, 0.0172
-0.0001, 0.0024, 0.0171
0.0001, 0.0023, 0.0169
-0.0001, 0.0024, 0.0172
-0.0001, 0.0023, 0.0170
-0.0001, 0.0024, 0.0172
-0.0002, 0.0024, 0.0174
-0.0002, 0.0025, 0.0170
-0.0002, 0.0021, 0.0167
-0.0001, 0.0022, 0.0166
-0.0002, 0.0026, 0.0173
-0.0001, 0.0024, 0.0173
-0.0001, 0.0023, 0.0171
-0.0002, 0.0024, 0.0170
-0.0001, 0.0023, 0.0173
-0.0003, 0.0020, 0.0167
-0.0003, 0.0024, 0.0169
-0.0002, 0.0023, 0.0172
-0.0002, 0.0024, 0.0172
-0.0002, 0.0023, 0.0173
-0.0003, 0.0025, 0.0170
-0.0001, 0.0023, 0.0170
-0.0004, 0.0024, 0.0170
-0.0001, 0.0023, 0.0170
-0.0003, 0.0023, 0.0169
-0.0003, 0.0023, 0.0166
-0.0003, 0.0024, 0.0171
-0.0001, 0.0022, 0.0167
-0.0002, 0.0026, 0.0167
-0.0003, 0.0025, 0.0170
-0.0000, 0.0024, 0.0171
0.0000, 0.0021, 0.0176
-0.0001, 0.0023, 0.0170
-0.0000, 0.0025, 0.0171
0.0000, 0.0023, 0.0171
-0.0002, 0.0027, 0.0173
-0.0001, 0.0024, 0.0169
-0.0000, 0.0021, 0.0174
-0.0001, 0.0022, 0.0170
-0.0003, 0.0027, 0.0170
-0.0001, 0.0025, 0.0168
-0.0001, 0.0022, 0.0171
-0.0000, 0.0024, 0.0173
-0.0000, 0.0025, 0.0176
-0.0001, 0.0021, 0.0170
-0.0001, 0.0026, 0.0172
-0.0002, 0.0025, 0.0174
-0.0001, 0.0025, 0.0178
-0.0001, 0.0026, 0.0174
-0.0004, 0.0026, 0.0170
-0.0001, 0.0023, 0.0177
-0.0003, 0.0024, 0.0172
-0.0001, 0.0023, 0.0170
-0.0001, 0.0022, 0.0169
-0.0001, 0.0027, 0.0177
-0.0002, 0.0024, 0.0169
-0.0001, 0.0024, 0.0173
-0.0001, 0.0023, 0.0171
-0.0002, 0.0028, 0.0170
-0.0002, 0.0026, 0.0177
-0.0001, 0.0026, 0.0171
-0.0003, 0.0026, 0.0171
0.0000, 0.0024, 0.0178
-0.0001, 0.0023, 0.0171
-0.0002, 0.0025, 0.0174
-0.0002, 0.0025, 0.0175
-0.0001, 0.0026, 0.0174
-0.0000, 0.0026, 0.0174
-0.0003, 0.0024, 0.0177
-0.0004, 0.0025, 0.0176
-0.0002, 0.0024, 0.0173
-0.0002, 0.0027, 0.0174
-0.0001, 0.0024, 0.0173
-0.0000, 0.0023, 0.0177
-0.0001, 0.0026, 0.0176
-0.0001, 0.0025, 0.0172
-0.0003, 0.0027, 0.0172
-0.0000, 0.0026, 0.0179
-0.0002, 0.0023, 0.0174
-0.0000, 0.0027, 0.0175
-0.0001, 0.0026, 0.0173
-0.0001, 0.0027, 0.0176
-0.0002, 0.0027, 0.0174
-0.0003, 0.0026, 0.0173
-0.0000, 0.0024, 0.0174
-0.0003, 0.0026, 0.0174
-0.0002, 0.0025, 0.0174
-0.0004, 0.0025, 0.0174
-0.0001, 0.0027, 0.0172
-0.0002, 0.0026, 0.0175
-0.0002, 0.0029, 0.0176
-0.0002, 0.0026, 0.0175
-0.0003, 0.0031, 0.0174
-0.0003, 0.0026, 0.0172
-0.0003, 0.0029, 0.0173
-0.0002, 0.0025, 0.0179
-0.0003, 0.0029, 0.0174
-0.0000, 0.0027, 0.0178
-0.0000, 0.0027, 0.0174
-0.0001, 0.0025, 0.0173
0.0001, 0.0024, 0.0176
-0.0002, 0.0026, 0.0174
-0.0000, 0.0021, 0.0173
-0.0001, 0.0025, 0.0174
-0.0001, 0.0026, 0.0176
-0.0002, 0.0027, 0.0178
-0.0001, 0.0029, 0.0175
-0.0001, 0.0028, 0.0176
0.0001, 0.0026, 0.0176
-0.0000, 0.0025, 0.0180
-0.0001, 0.0027, 0.0178
-0.0002, 0.0026, 0.0177
-0.0001, 0.0026, 0.0177
-0.0002, 0.0029, 0.0180
-0.0004, 0.0026, 0.0178
-0.0001, 0.0025, 0.0176
-0.0002, 0.0026, 0.0176
-0.0002, 0.0028, 0.0179
-0.0002, 0.0026, 0.0179
-0.0002, 0.0025, 0.0176
-0.0002, 0.0027, 0.0179
-0.0002, 0.0026, 0.0178
-0.0002, 0.0028, 0.0179
-0.0002, 0.0028, 0.0184
-0.0002, 0.0031, 0.0177
-0.0002, 0.0029, 0.0180
-0.0002, 0.0027, 0.0180
-0.0001, 0.0027, 0.0182
-0.0002, 0.0026, 0.0179
-0.0001, 0.0028, 0.0184
-0.0002, 0.0029, 0.0178
-0.0001, 0.0027, 0.0180
-0.0000, 0.0028, 0.0181
-0.0001, 0.0031, 0.0183
-0.0001, 0.0030, 0.0179
-0.0003, 0.0030, 0.0180
-0.0003, 0.0028, 0.0179
-0.0002, 0.0026, 0.0184
-0.0002, 0.0026, 0.0179
-0.0002, 0.0028, 0.0181
-0.0002, 0.0026, 0.0180
-0.0005, 0.0026, 0.0181
-0.0004, 0.0030, 0.0179
-0.0002, 0.0028, 0.0182
-0.0002, 0.0027, 0.0181
-0.0003, 0.0028, 0.0184
-0.0001, 0.0027, 0.0186
-0.0001, 0.0030, 0.0184
-0.0002, 0.0029, 0.0183
-0.0004, 0.0029, 0.0184
-0.0005, 0.0030, 0.0184
-0.0004, 0.0027, 0.0183
-0.0001, 0.0029, 0.0183
-0.0003, 0.0031, 0.0180
-0.0003, 0.0030, 0.0182
-0.0002, 0.0031, 0.0184
-0.0002, 0.0033, 0.0185
-0.0003, 0.0028, 0.0181
-0.0001, 0.0027, 0.0182
-0.0003, 0.0029, 0.0186
-0.0004, 0.0029, 0.0183
-0.0003, 0.0028, 0.0181
-0.0004, 0.0029, 0.0181
-0.0003, 0.0028, 0.0185
-0.0003, 0.0032, 0.0186
-0.0004, 0.0032, 0.0182
-0.0004, 0.0031, 0.0179
-0.0003, 0.0030, 0.0183
-0.0002, 0.0033, 0.0185
-0.0004, 0.0030, 0.0181
-0.0002, 0.0031, 0.0183
-0.0002, 0.0031, 0.0180
-0.0002, 0.0029, 0.0185
-0.0005, 0.0032, 0.0185
-0.0002, 0.0029, 0.0182
-0.0003, 0.0029, 0.0181
-0.0005, 0.0029, 0.0183
-0.0003, 0.0031, 0.0191
-0.0005, 0.0031, 0.0184
-0.0005, 0.0027, 0.0188
-0.0005, 0.0029, 0.0182
-0.0002, 0.0029, 0.0188
-0.0002, 0.0028, 0.0185
-0.0002, 0.0027, 0.0189
-0.0002, 0.0031, 0.0189
-0.0003, 0.0029, 0.0188
-0.0002, 0.0026, 0.0192
-0.0001, 0.0024, 0.0191
-0.0002, 0.0029, 0.0190
-0.0001, 0.0029, 0.0189
-0.0003, 0.0032, 0.0192
-0.0004, 0.0026, 0.0190
-0.0003, 0.0028, 0.0193
-0.0003, 0.0029, 0.0190
-0.0002, 0.0029, 0.0189
-0.0004, 0.0029, 0.0196
-0.0001, 0.0032, 0.0196
-0.0003, 0.0027, 0.0192
-0.0002, 0.0027, 0.0192
-0.0002, 0.0026, 0.0192
-0.0001, 0.0028, 0.0194
-0.0002, 0.0030, 0.0192
-0.0003, 0.0030, 0.0190
-0.0002, 0.0028, 0.0195
0.0001, 0.0029, 0.0199
-0.0000, 0.0029, 0.0198
-0.0003, 0.0028, 0.0195
-0.0001, 0.0029, 0.0196
-0.0001, 0.0028, 0.0197
-0.0000, 0.0030, 0.0196
-0.0003, 0.0031, 0.0197
-0.0002, 0.0032, 0.0198
-0.0002, 0.0030, 0.0199
-0.0001, 0.0030, 0.0200
-0.0002, 0.0027, 0.0198
-0.0000, 0.0030, 0.0202
-0.0002, 0.0029, 0.0199
-0.0001, 0.0032, 0.0206
-0.0000, 0.0031, 0.0200
-0.0002, 0.0029, 0.0201
-0.0003, 0.0028, 0.0199
-0.0003, 0.0030, 0.0199
-0.0004, 0.0032, 0.0201
-0.0001, 0.0031, 0.0203
-0.0003, 0.0027, 0.0201
-0.0003, 0.0032, 0.0203
-0.0001, 0.0028, 0.0201
-0.0003, 0.0027, 0.0207
-0.0002, 0.0029, 0.0205
-0.0002, 0.0032, 0.0203
0.0000, 0.0029, 0.0203
-0.0003, 0.0033, 0.0203
-0.0003, 0.0027, 0.0207
-0.0002, 0.0032, 0.0203
-0.0002, 0.0032, 0.0203
-0.0004, 0.0030, 0.0205
-0.0002, 0.0030, 0.0205
-0.0002, 0.0032, 0.0202
-0.0001, 0.0031, 0.0204
-0.0000, 0.0028, 0.0204
-0.0002, 0.0029, 0.0206
-0.0002, 0.0031, 0.0211
-0.0002, 0.0031, 0.0210
-0.0007, 0.0030, 0.0200
-0.0002, 0.0029, 0.0205
-0.0003, 0.0030, 0.0210
-0.0003, 0.0033, 0.0206
-0.0004, 0.0032, 0.0204
-0.0002, 0.0030, 0.0208
-0.0001, 0.0028, 0.0208
-0.0001, 0.0028, 0.0208
-0.0002, 0.0029, 0.0210
0.0000, 0.0027, 0.0207
-0.0003, 0.0030, 0.0211
-0.0003, 0.0032, 0.0204
-0.0001, 0.0031, 0.0207
-0.0001, 0.0030, 0.0211
-0.0001, 0.0030, 0.0208
-0.0001, 0.0030, 0.0208
-0.0002, 0.0029, 0.0209
-0.0003, 0.0030, 0.0211
-0.0004, 0.0031, 0.0207
-0.0003, 0.0031, 0.0208
-0.0002, 0.0031, 0.0210
-0.0001, 0.0028, 0.0210
-0.0002, 0.0029, 0.0209
-0.0004, 0.0034, 0.0209
-0.0003, 0.0032, 0.0210
-0.0002, 0.0033, 0.0213
-0.0002, 0.0026, 0.0213
-0.0004, 0.0031, 0.0210
-0.0002, 0.0033, 0.0212
-0.0002, 0.0029, 0.0211
0.0000, 0.0030, 0.0218
-0.0003, 0.0030, 0.0214
-0.0001, 0.0030, 0.0213
-0.0002, 0.0029, 0.0213
-0.0005, 0.0030, 0.0212
-0.0004, 0.0029, 0.0215
-0.0003, 0.0029, 0.0212
-0.0003, 0.0035, 0.0215
-0.0004, 0.0035, 0.0215
-0.0003, 0.0031, 0.0214
-0.0003, 0.0033, 0.0216
-0.0002, 0.0032, 0.0212
-0.0003, 0.0029, 0.0213
-0.0003, 0.0033, 0.0218
-0.0003, 0.0031, 0.0217
-0.0003, 0.0029, 0.0220
-0.0003, 0.0031, 0.0217
-0.0001, 0.0031, 0.0219
-0.0005, 0.0034, 0.0219
-0.0005, 0.0034, 0.0216
-0.0003, 0.0034, 0.0223
-0.0000, 0.0031, 0.0221
-0.0001, 0.0030, 0.0222
-0.0001, 0.0031, 0.0220
-0.0002, 0.0034, 0.0223
-0.0001, 0.0034, 0.0225
-0.0003, 0.0034, 0.0220
-0.0002, 0.0036, 0.0221
-0.0004, 0.0035, 0.0223
-0.0004, 0.0036, 0.0226
-0.0003, 0.0033, 0.0228
-0.0003, 0.0033, 0.0227
-0.0002, 0.0033, 0.0224
0.0002, 0.0033, 0.0228
-0.0002, 0.0035, 0.0229
-0.0004, 0.0035, 0.0227
-0.0003, 0.0031, 0.0226
-0.0004, 0.0033, 0.0225
-0.0004, 0.0036, 0.0227
-0.0004, 0.0033, 0.0230
-0.0003, 0.0032, 0.0230
-0.0002, 0.0031, 0.0231
-0.0003, 0.0035, 0.0230
-0.0003, 0.0035, 0.0230
-0.0003, 0.0033, 0.0237
-0.0004, 0.0033, 0.0229
-0.0002, 0.0032, 0.0236
-0.0001, 0.0032, 0.0238
-0.0003, 0.0035, 0.0237
-0.0003, 0.0033, 0.0234
-0.0003, 0.0029, 0.0233
-0.0004, 0.0035, 0.0237
-0.0001, 0.0035, 0.0239
-0.0003, 0.0034, 0.0239
-0.0003, 0.0036, 0.0240
-0.0004, 0.0034, 0.0239
-0.0002, 0.0034, 0.0242
-0.0004, 0.0038, 0.0242
-0.0003, 0.0035, 0.0242
-0.0002, 0.0033, 0.0243
-0.0004, 0.0037, 0.0243
-0.0005, 0.0036, 0.0242
-0.0004, 0.0036, 0.0245
-0.0003, 0.0035, 0.0247
-0.0002, 0.0036, 0.0247
-0.0003, 0.0036, 0.0251
-0.0004, 0.0037, 0.0252
-0.0002, 0.0039, 0.0253
-0.0003, 0.0035, 0.0250
-0.0000, 0.0034, 0.0253
-0.0003, 0.0038, 0.0258
-0.0004, 0.0038, 0.0257
-0.0003, 0.0036, 0.0255
-0.0003, 0.0034, 0.0257
-0.0001, 0.0036, 0.0261
-0.0003, 0.0039, 0.0264
-0.0002, 0.0035, 0.0263
-0.0004, 0.0037, 0.0263
-0.0003, 0.0036, 0.0268
-0.0002, 0.0035, 0.0265
-0.0002, 0.0035, 0.0264
-0.0002, 0.0035, 0.0273
-0.0003, 0.0038, 0.0272
-0.0003, 0.0036, 0.0269
-0.0005, 0.0036, 0.0277
-0.0003, 0.0037, 0.0281
-0.0004, 0.0037, 0.0273
-0.0003, 0.0039, 0.0277
-0.0003, 0.0035, 0.0283
-0.0003, 0.0033, 0.0281
-0.0003, 0.0036, 0.0280
-0.0003, 0.0036, 0.0285
-0.0003, 0.0038, 0.0287
-0.0004, 0.0034, 0.0288
-0.0004, 0.0038, 0.0287
-0.0004, 0.0035, 0.0286
-0.0005, 0.0037, 0.0290
-0.0004, 0.0036, 0.0291
-0.0006, 0.0038, 0.0293
-0.0004, 0.0036, 0.0292
-0.0002, 0.0038, 0.0299
-0.0005, 0.0039, 0.0296
-0.0005, 0.0036, 0.0295
-0.0002, 0.0038, 0.0301
-0.0003, 0.0035, 0.0304
-0.0003, 0.0035, 0.0301
-0.0004, 0.0038, 0.0305
-0.0003, 0.0039, 0.0309
-0.0004, 0.0037, 0.0308
-0.0002, 0.0037, 0.0312
-0.0003, 0.0037, 0.0310
-0.0003, 0.0037, 0.0311
-0.0003, 0.0039, 0.0309
-0.0002, 0.0036, 0.0315
-0.0002, 0.0036, 0.0318
-0.0003, 0.0036, 0.0319
-0.0003, 0.0037, 0.0315
-0.0002, 0.0039, 0.0321
-0.0004, 0.0038, 0.0321
-0.0003, 0.0035, 0.0326
-0.0001, 0.0037, 0.0323
-0.0001, 0.0041, 0.0327
-0.0003, 0.0040, 0.0327
-0.0002, 0.0036, 0.0331
-0.0001, 0.0036, 0.0330
-0.0004, 0.0038, 0.0330
-0.0004, 0.0035, 0.0334
-0.0003, 0.0033, 0.0338
-0.0003, 0.0036, 0.0337
-0.0001, 0.0034, 0.0341
-0.0002, 0.0035, 0.0342
-0.0002, 0.0032, 0.0340
-0.0003, 0.0034, 0.0344
-0.0002, 0.0038, 0.0347
-0.0003, 0.0039, 0.0345
-0.0001, 0.0037, 0.0351
-0.0003, 0.0037, 0.0350
-0.0004, 0.0037, 0.0352
-0.0003, 0.0036, 0.0351
-0.0003, 0.0036, 0.0353
-0.0001, 0.0037, 0.0359
-0.0004, 0.0035, 0.0357
-0.0002, 0.0039, 0.0358
-0.0000, 0.0036, 0.0367
-0.0003, 0.0037, 0.0363
-0.0005, 0.0037, 0.0363
-0.0003, 0.0038, 0.0368
-0.0002, 0.0040, 0.0367
-0.0004, 0.0039, 0.0366
-0.0005, 0.0038, 0.0365
-0.0004, 0.0039, 0.0374
-0.0003, 0.0037, 0.0372
-0.0003, 0.0039, 0.0375
-0.0002, 0.0039, 0.0375
-0.0000, 0.0038, 0.0376
-0.0002, 0.0036, 0.0379
-0.0004, 0.0034, 0.0378
-0.0004, 0.0035, 0.0380
-0.0003, 0.0036, 0.0381
-0.0004, 0.0038, 0.0381
-0.0004, 0.0036, 0.0386
-0.0004, 0.0037, 0.0388
-0.0002, 0.0036, 0.0387
-0.0004, 0.0038, 0.0389
-0.0005, 0.0036, 0.0392
-0.0004, 0.0035, 0.0395
-0.0003, 0.0040, 0.0396
-0.0003, 0.0034, 0.0395
-0.0003, 0.0036, 0.0401
-0.0006, 0.0039, 0.0402
-0.0002, 0.0035, 0.0402
-0.0003, 0.0037, 0.0406
-0.0003, 0.0039, 0.0409
-0.0004, 0.0037, 0.0411
-0.0003, 0.0036, 0.0414
-0.0005, 0.0035, 0.0409
-0.0005, 0.0036, 0.0415
-0.0003, 0.0033, 0.0417
-0.0004, 0.0036, 0.0422
-0.0003, 0.0034, 0.0425
-0.0005, 0.0039, 0.0421
-0.0002, 0.0037, 0.0426
-0.0004, 0.0034, 0.0430
-0.0004, 0.0037, 0.0431
-0.0003, 0.0035, 0.0431
-0.0001, 0.0036, 0.0431
-0.0003, 0.0038, 0.0438
-0.0002, 0.0037, 0.0439
-0.0002, 0.0037, 0.0441
-0.0003, 0.0034, 0.0441
-0.0005, 0.0037, 0.0444
-0.0002, 0.0038, 0.0449
-0.0003, 0.0036, 0.0449
-0.0003, 0.0034, 0.0445
-0.0003, 0.0038, 0.0450
-0.0002, 0.0036, 0.0456
-0.0002, 0.0035, 0.0456
-0.0003, 0.0033, 0.0456
-0.0001, 0.0033, 0.0458
-0.0002, 0.0037, 0.0459
-0.0002, 0.0034, 0.0463
-0.0003, 0.0037, 0.0467
-0.0003, 0.0039, 0.0464
-0.0002, 0.0036, 0.0467
-0.0003, 0.0034, 0.0471
-0.0001, 0.0036, 0.0475
-0.0002, 0.0038, 0.0476
-0.0003, 0.0036, 0.0477
-0.0005, 0.0038, 0.0476
-0.0003, 0.0037, 0.0482
-0.0002, 0.0037, 0.0486
-0.0003, 0.0037, 0.0485
-0.0002, 0.0038, 0.0488
-0.0003, 0.0038, 0.0490
-0.0004, 0.0039, 0.0490
-0.0004, 0.0035, 0.0495
-0.0003, 0.0038, 0.0503
-0.0002, 0.0034, 0.0500
-0.0005, 0.0039, 0.0499
-0.0004, 0.0040, 0.0504
-0.0005, 0.0038, 0.0503
-0.0003, 0.0040, 0.0510
-0.0004, 0.0038, 0.0511
-0.0004, 0.0041, 0.0515
-0.0003, 0.0040, 0.0518
-0.0005, 0.0038, 0.0518
-0.0002, 0.0040, 0.0519
-0.0003, 0.0040, 0.0521
-0.0005, 0.0039, 0.0524
-0.0004, 0.0034, 0.0524
-0.0005, 0.0039, 0.0528
-0.0003, 0.0038, 0.0530
-0.0003, 0.0039, 0.0534
-0.0001, 0.0036, 0.0540
-0.0002, 0.0040, 0.0540
-0.0001, 0.0037, 0.0540
-0.0002, 0.0037, 0.0545
-0.0004, 0.0037, 0.0545
-0.0001, 0.0037, 0.0549
-0.0003, 0.0038, 0.0551
-0.0002, 0.0037, 0.0551
-0.0002, 0.0037, 0.0557
-0.0005, 0.0037, 0.0556
-0.0005, 0.0039, 0.0556
-0.0005, 0.0036, 0.0558
-0.0004, 0.0034, 0.0561
-0.0004, 0.0039, 0.0566
-0.0003, 0.0038, 0.0567
-0.0004, 0.0039, 0.0569
-0.0003, 0.0036, 0.0574
-0.0004, 0.0043, 0.0573
-0.0002, 0.0039, 0.0578
-0.0002, 0.0037, 0.0585
-0.0002, 0.0037, 0.0586
-0.0004, 0.0038, 0.0585
-0.0001, 0.0035, 0.0591
-0.0005, 0.0043, 0.0592
-0.0003, 0.0039, 0.0594
-0.0006, 0.0039, 0.0594
-0.0005, 0.0037, 0.0596
-0.0004, 0.0042, 0.0602
-0.0005, 0.0038, 0.0605
-0.0005, 0.0038, 0.0605
-0.0004, 0.0039, 0.0611
-0.0003, 0.0037, 0.0618
-0.0004, 0.0038, 0.0617
-0.0004, 0.0037, 0.0615
-0.0005, 0.0041, 0.0621
-0.0004, 0.0038, 0.0624
-0.0005, 0.0040, 0.0628
-0.0005, 0.0039, 0.0626
-0.0002, 0.0041, 0.0632
-0.0003, 0.0037, 0.0637
-0.0003, 0.0041, 0.0641
-0.0005, 0.0039, 0.0638
-0.0004, 0.0039, 0.0648
-0.0003, 0.0038, 0.0649
-0.0004, 0.0037, 0.0647
-0.0005, 0.0035, 0.0652
-0.0005, 0.0038, 0.0657
-0.0005, 0.0038, 0.0657
-0.0004, 0.0038, 0.0657
-0.0004, 0.0037, 0.0666
-0.0004, 0.0039, 0.0666
-0.0006, 0.0039, 0.0665
-0.0003, 0.0037, 0.0672
-0.0005, 0.0034, 0.0673
-0.0007, 0.0040, 0.0678
-0.0005, 0.0035, 0.0680
-0.0005, 0.0039, 0.0687
-0.0003, 0.0038, 0.0689
-0.0004, 0.0041, 0.0693
-0.0004, 0.0039, 0.0697
-0.0005, 0.0039, 0.0700
-0.0006, 0.0037, 0.0698
-0.0004, 0.0038, 0.0707
-0.0007, 0.0042, 0.0711
-0.0006, 0.0041, 0.0713
-0.0006, 0.0038, 0.0716
-0.0005, 0.0038, 0.0717
-0.0005, 0.0036, 0.0723
-0.0004, 0.0039, 0.0728
-0.0005, 0.0040, 0.0729
-0.0003, 0.0039, 0.0733
-0.0003, 0.0041, 0.0738
-0.0004, 0.0040, 0.0743
-0.0003, 0.0037, 0.0746
-0.0006, 0.0037, 0.0750
-0.0007, 0.0036, 0.0752
-0.0003, 0.0040, 0.0757
-0.0003, 0.0036, 0.0761
-0.0004, 0.0039, 0.0766
-0.0004, 0.0038, 0.0768
-0.0004, 0.0038, 0.0777
-0.0004, 0.0036, 0.0776
-0.0005, 0.0041, 0.0781
-0.0003, 0.0035, 0.0787
-0.0005, 0.0041, 0.0790
-0.0004, 0.0039, 0.0799
-0.0006, 0.0040, 0.0799
-0.0005, 0.0039, 0.0805
-0.0006, 0.0040, 0.0810
-0.0005, 0.0038, 0.0812
-0.0004, 0.0037, 0.0823
-0.0004, 0.0035, 0.0829
-0.0004, 0.0036, 0.0831
-0.0005, 0.0038, 0.0838
-0.0005, 0.0040, 0.0842
-0.0005, 0.0040, 0.0851
-0.0005, 0.0042, 0.0855
-0.0006, 0.0036, 0.0855
-0.0005, 0.0039, 0.0864
-0.0007, 0.0037, 0.0864
-0.0006, 0.0035, 0.0875
-0.0006, 0.0037, 0.0876
-0.0006, 0.0036, 0.0881
-0.0006, 0.0040, 0.0894
-0.0004, 0.0039, 0.0900
-0.0005, 0.0040, 0.0902
-0.0008, 0.0039, 0.0905
-0.0006, 0.0041, 0.0915
-0.0005, 0.0039, 0.0926
-0.0004, 0.0040, 0.0934
-0.0005, 0.0040, 0.0937
-0.0005, 0.0040, 0.0942
-0.0005, 0.0040, 0.0947
-0.0005, 0.0040, 0.0955
-0.0004, 0.0041, 0.0966
-0.0005, 0.0039, 0.0968
-0.0008, 0.0038, 0.0973
-0.0005, 0.0039, 0.0984
-0.0004, 0.0037, 0.0993
-0.0008, 0.0036, 0.0992
-0.0005, 0.0039, 0.1001
-0.0006, 0.0039, 0.1011
-0.0005, 0.0039, 0.1019
-0.0004, 0.0038, 0.1022
-0.0005, 0.0039, 0.1031
-0.0004, 0.0036, 0.1041
-0.0005, 0.0038, 0.1050
-0.0004, 0.0038, 0.1053
-0.0005, 0.0041, 0.1059
-0.0006, 0.0041, 0.1070
-0.0005, 0.0042, 0.1077
-0.0005, 0.0039, 0.1083
-0.0005, 0.0035, 0.1093
-0.0006, 0.0036, 0.1099
-0.0005, 0.0037, 0.1111
-0.0006, 0.0038, 0.1117
-0.0005, 0.0038, 0.1124
-0.0005, 0.0037, 0.1129
-0.0005, 0.0038, 0.1140
-0.0004, 0.0037, 0.1151
-0.0006, 0.0040, 0.1159
-0.0005, 0.0034, 0.1165
-0.0005, 0.0038, 0.1174
-0.0007, 0.0037, 0.1180
-0.0005, 0.0038, 0.1193
-0.0006, 0.0040, 0.1199
-0.0005, 0.0040, 0.1208
-0.0006, 0.0043, 0.1221
-0.0006, 0.0040, 0.1224
-0.0003, 0.0040, 0.1235
-0.0005, 0.0039, 0.1250
-0.0007, 0.0039, 0.1254
-0.0008, 0.0039, 0.1261
-0.0006, 0.0043, 0.1274
-0.0005, 0.0041, 0.1284
-0.0008, 0.0041, 0.1286
-0.0008, 0.0041, 0.1298
-0.0009, 0.0043, 0.1308
-0.0005, 0.0041, 0.1319
-0.0004, 0.0038, 0.1328
-0.0005, 0.0039, 0.1337
-0.0006, 0.0039, 0.1345
-0.0008, 0.0039, 0.1355
-0.0005, 0.0038, 0.1367
-0.0005, 0.0040, 0.1376
-0.0006, 0.0039, 0.1379
-0.0008, 0.0039, 0.1389
-0.0005, 0.0037, 0.1405
-0.0007, 0.0037, 0.1414
-0.0004, 0.0036, 0.1421
-0.0006, 0.0037, 0.1429
-0.0007, 0.0039, 0.1441
-0.0009, 0.0039, 0.1453
-0.0008, 0.0037, 0.1460
-0.0008, 0.0039, 0.1471
-0.0007, 0.0036, 0.1478
-0.0005, 0.0036, 0.1490
-0.0006, 0.0040, 0.1500
-0.0005, 0.0038, 0.1514
-0.0007, 0.0039, 0.1523
-0.0005, 0.0035, 0.1531
-0.0007, 0.0038, 0.1540
-0.0007, 0.0037, 0.1554
-0.0007, 0.0039, 0.1560
-0.0006, 0.0038, 0.1576
-0.0007, 0.0040, 0.1582
-0.0007, 0.0040, 0.1595
-0.0009, 0.0040, 0.1601
-0.0010, 0.0043, 0.1611
-0.0007, 0.0038, 0.1623
-0.0008, 0.0038, 0.1630
-0.0008, 0.0039, 0.1640
-0.0009, 0.0042, 0.1652
-0.0005, 0.0037, 0.1663
-0.0007, 0.0039, 0.1671
-0.0008, 0.0037, 0.1683
-0.0007, 0.0038, 0.1694
-0.0008, 0.0037, 0.1705
-0.0006, 0.0038, 0.1718
-0.0008, 0.0040, 0.1725
-0.0010, 0.0038, 0.1734
-0.0010, 0.0035, 0.1748
-0.0009, 0.0035, 0.1757
-0.0009, 0.0037, 0.1764
-0.0009, 0.0037, 0.1776
-0.0011, 0.0039, 0.1788
-0.0009, 0.0037, 0.1799
-0.0010, 0.0039, 0.1806
-0.0010, 0.0036, 0.1817
-0.0010, 0.0037, 0.1830
-0.0013, 0.0039, 0.1837
-0.0009, 0.0033, 0.1847
-0.0008, 0.0038, 0.1860
-0.0008, 0.0040, 0.1873
-0.0009, 0.0036, 0.1880
-0.0010, 0.0038, 0.1890
-0.0009, 0.0038, 0.1903
-0.0009, 0.0037, 0.1911
-0.0011, 0.0038, 0.1921
-0.0009, 0.0039, 0.1939
-0.0011, 0.0034, 0.1945
-0.0011, 0.0038, 0.1954
-0.0011, 0.0038, 0.1969
-0.0010, 0.0037, 0.1981
-0.0011, 0.0038, 0.1993
-0.0011, 0.0037, 0.2005
-0.0011, 0.0037, 0.2016
-0.0010, 0.0036, 0.2027
-0.0012, 0.0040, 0.2040
-0.0011, 0.0037, 0.2053
-0.0011, 0.0039, 0.2067
-0.0012, 0.0038, 0.2075
-0.0009, 0.0043, 0.2086
-0.0014, 0.0040, 0.2096
-0.0011, 0.0041, 0.2113
-0.0011, 0.0041, 0.2125
-0.0011, 0.0039, 0.2139
-0.0010, 0.0038, 0.2148
-0.0010, 0.0039, 0.2164
-0.0011, 0.0041, 0.2175
-0.0010, 0.0037, 0.2190
-0.0011, 0.0038, 0.2197
-0.0012, 0.0039, 0.2211
-0.0012, 0.0042, 0.2227
-0.0013, 0.0037, 0.2237
-0.0015, 0.0040, 0.2245
-0.0013, 0.0040, 0.2259
-0.0013, 0.0038, 0.2275
-0.0013, 0.0041, 0.2287
-0.0014, 0.0041, 0.2298
-0.0014, 0.0040, 0.2312
-0.0014, 0.0040, 0.2320
-0.0013, 0.0037, 0.2338
-0.0012, 0.0038, 0.2349
-0.0012, 0.0042, 0.2366
-0.0012, 0.0037, 0.2374
-0.0013, 0.0039, 0.2383
-0.0013, 0.0040, 0.2398
-0.0014, 0.0041, 0.2409
-0.0013, 0.0039, 0.2421
-0.0013, 0.0038, 0.2436
-0.0013, 0.0039, 0.2448
-0.0013, 0.0036, 0.2459
-0.0012, 0.0037, 0.2473
-0.0010, 0.0037, 0.2484
-0.0010, 0.0035, 0.2494
-0.0010, 0.0038, 0.2506
-0.0011, 0.0039, 0.2521
-0.0012, 0.0036, 0.2530
-0.0010, 0.0037, 0.2541
-0.0012, 0.0037, 0.2552
-0.0012, 0.0037, 0.2566
-0.0013, 0.0039, 0.2577
-0.0013, 0.0038, 0.2586
-0.0012, 0.0042, 0.2594
-0.0011, 0.0038, 0.2613
-0.0011, 0.0039, 0.2625
-0.0011, 0.0042, 0.2629
-0.0015, 0.0043, 0.2640
-0.0013, 0.0041, 0.2655
-0.0013, 0.0041, 0.2668
-0.0012, 0.0041, 0.2675
-0.0011, 0.0040, 0.2684
-0.0012, 0.0043, 0.2699
-0.0010, 0.0042, 0.2710
-0.0011, 0.0043, 0.2721
-0.0013, 0.0040, 0.2728
-0.0012, 0.0042, 0.2736
-0.0008, 0.0043, 0.2751
-0.0010, 0.0040, 0.2756
-0.0011, 0.0042, 0.2768
-0.0011, 0.0042, 0.2775
-0.0010, 0.0041, 0.2787
-0.0009, 0.0042, 0.2799
-0.0011, 0.0043, 0.2803
-0.0009, 0.0043, 0.2814
-0.0008, 0.0042, 0.2823
-0.0007, 0.0044, 0.2832
-0.0004, 0.0043, 0.2845
-0.0004, 0.0043, 0.2851
-0.0004, 0.0045, 0.2858
-0.0004, 0.0048, 0.2869
-0.0001, 0.0045, 0.2883
-0.0001, 0.0045, 0.2888
0.0003, 0.0046, 0.2898
0.0002, 0.0048, 0.2907
0.0004, 0.0047, 0.2918
0.0004, 0.0050, 0.2927
0.0008, 0.0051, 0.2934
0.0009, 0.0052, 0.2940
0.0010, 0.0055, 0.2950
0.0014, 0.0057, 0.2961
0.0016, 0.0058, 0.2971
0.0018, 0.0058, 0.2975
0.0020, 0.0059, 0.2986
0.0020, 0.0064, 0.2994
0.0024, 0.0062, 0.3005
0.0028, 0.0060, 0.3008
0.0032, 0.0065, 0.3022
0.0033, 0.0065, 0.3029
0.0032, 0.0067, 0.3036
0.0037, 0.0067, 0.3043
0.0039, 0.0070, 0.3050
0.0044, 0.0068, 0.3054
0.0043, 0.0070, 0.3062
0.0045, 0.0074, 0.3068
0.0049, 0.0070, 0.3078
0.0050, 0.0077, 0.3082
0.0053, 0.0075, 0.3087
0.0055, 0.0078, 0.3097
0.0056, 0.0078, 0.3101
0.0058, 0.0078, 0.3106
0.0060, 0.0079, 0.3109
0.0065, 0.0079, 0.3120
0.0067, 0.0078, 0.3126
0.0068, 0.0081, 0.3127
0.0068, 0.0083, 0.3132
0.0071, 0.0083, 0.3142
0.0073, 0.0087, 0.3147
0.0078, 0.0085, 0.3157
0.0076, 0.0089, 0.3157
0.0079, 0.0091, 0.3159
0.0082, 0.0091, 0.3168
0.0083, 0.0095, 0.3173
0.0088, 0.0095, 0.3183
0.0090, 0.0098, 0.3183
0.0092, 0.0098, 0.3188
0.0096, 0.0102, 0.3199
0.0096, 0.0103, 0.3204
0.0098, 0.0105, 0.3210
0.0099, 0.0106, 0.3210
0.0103, 0.0111, 0.3222
0.0105, 0.0110, 0.3223
0.0104, 0.0109, 0.3226
0.0106, 0.0112, 0.3236
0.0110, 0.0115, 0.3239
0.0114, 0.0115, 0.3243
0.0116, 0.0118, 0.3248
0.0117, 0.0119, 0.3254
0.0117, 0.0123, 0.3257
0.0121, 0.0122, 0.3263
0.0125, 0.0121, 0.3272
0.0124, 0.0128, 0.3275
0.0126, 0.0130, 0.3278
0.0128, 0.0131, 0.3280
0.0131, 0.0129, 0.3288
0.0133, 0.0128, 0.3291
0.0135, 0.0132, 0.3298
0.0135, 0.0133, 0.3303
0.0139, 0.0133, 0.3303
0.0140, 0.0134, 0.3311
0.0139, 0.0136, 0.3315
0.0138, 0.0137, 0.3319
0.0138, 0.0140, 0.3321
0.0138, 0.0139, 0.3327
0.0136, 0.0139, 0.3330
0.0132, 0.0142, 0.3332
0.0128, 0.0138, 0.3332
0.0123, 0.0140, 0.3335
0.0113, 0.0143, 0.3343
0.0105, 0.0138, 0.3340
0.0092, 0.0138, 0.3340
0.0077, 0.0138, 0.3336
0.0062, 0.0139, 0.3332
0.0050, 0.0136, 0.3334
0.0037, 0.0134, 0.3335
0.0023, 0.0134, 0.3334
0.0009, 0.0137, 0.3331
-0.0003, 0.0133, 0.3328
-0.0013, 0.0136, 0.3330
-0.0024, 0.0132, 0.3331
-0.0034, 0.0135, 0.3332
-0.0043, 0.0130, 0.3330
-0.0051, 0.0129, 0.3331
-0.0061, 0.0133, 0.3337
-0.0069, 0.0134, 0.3338
-0.0082, 0.0131, 0.3339
-0.0093, 0.0131, 0.3333
-0.0102, 0.0130, 0.3331
-0.0113, 0.0133, 0.3330
-0.0123, 0.0130, 0.3336
-0.0134, 0.0128, 0.3331
-0.0142, 0.0128, 0.3333
-0.0155, 0.0127, 0.3331
-0.0165, 0.0130, 0.3338
-0.0173, 0.0127, 0.3336
-0.0185, 0.0127, 0.3332
-0.0194, 0.0130, 0.3335
-0.0203, 0.0125, 0.3342
-0.0213, 0.0124, 0.3337
-0.0222, 0.0123, 0.3337
-0.0233, 0.0123, 0.3335
-0.0243, 0.0122, 0.3335
-0.0251, 0.0121, 0.3340
-0.0261, 0.0124, 0.3340
-0.0271, 0.0122, 0.3333
-0.0278, 0.0122, 0.3336
-0.0288, 0.0122, 0.3340
-0.0296, 0.0123, 0.3342
-0.0302, 0.0120, 0.3345
-0.0312, 0.0118, 0.3342
-0.0318, 0.0117, 0.3343
-0.0327, 0.0115, 0.3347
-0.0334, 0.0119, 0.3346
-0.0341, 0.0116, 0.3351
-0.0349, 0.0118, 0.3350
-0.0355, 0.0118, 0.3352
-0.0361, 0.0117, 0.3353
-0.0371, 0.0121, 0.3354
-0.0377, 0.0118, 0.3351
-0.0383, 0.0116, 0.3358
-0.0389, 0.0117, 0.3360
-0.0395, 0.0119, 0.3361
-0.0400, 0.0118, 0.3362
-0.0403, 0.0114, 0.3365
-0.0411, 0.0115, 0.3366
-0.0415, 0.0115, 0.3370
-0.0421, 0.0113, 0.3371
-0.0425, 0.0113, 0.3374
-0.0427, 0.0112, 0.3374
-0.0432, 0.0116, 0.3379
-0.0436, 0.0117, 0.3382
-0.0439, 0.0118, 0.3391
-0.0445, 0.0117, 0.3392
-0.0451, 0.0117, 0.3391
-0.0453, 0.0118, 0.3397
-0.0458, 0.0118, 0.3403
-0.0463, 0.0120, 0.3404
-0.0469, 0.0118, 0.3405
-0.0471, 0.0118, 0.3414
-0.0478, 0.0120, 0.3415
-0.0482, 0.0117, 0.3419
-0.0490, 0.0118, 0.3419
-0.0496, 0.0117, 0.3423
-0.0501, 0.0120, 0.3427
-0.0506, 0.0120, 0.3432
-0.0515, 0.0121, 0.3434
-0.0522, 0.0124, 0.3436
-0.0531, 0.0123, 0.3439
-0.0539, 0.0119, 0.3444
-0.0548, 0.0121, 0.3444
-0.0556, 0.0119, 0.3442
-0.0565, 0.0118, 0.3447
-0.0575, 0.0118, 0.3449
-0.0588, 0.0118, 0.3453
-0.0596, 0.0116, 0.3457
-0.0607, 0.0117, 0.3455
-0.0617, 0.0116, 0.3462
-0.0626, 0.0113, 0.3460
-0.0634, 0.0114, 0.3464
-0.0644, 0.0118, 0.3470
-0.0654, 0.0114, 0.3470
-0.0668, 0.0120, 0.3469
-0.0676, 0.0117, 0.3479
-0.0689, 0.0117, 0.3483
-0.0701, 0.0115, 0.3482
-0.0716, 0.0109, 0.3482
-0.0730, 0.0114, 0.3486
-0.0747, 0.0115, 0.3488
-0.0763, 0.0109, 0.3487
-0.0779, 0.0108, 0.3489
-0.0799, 0.0106, 0.3488
-0.0816, 0.0105, 0.3489
-0.0834, 0.0107, 0.3495
-0.0850, 0.0103, 0.3495
-0.0867, 0.0099, 0.3491
-0.0889, 0.0104, 0.3492
-0.0905, 0.0096, 0.3498
-0.0922, 0.0092, 0.3503
-0.0942, 0.0097, 0.3502
-0.0960, 0.0092, 0.3501
-0.0981, 0.0091, 0.3503
-0.1002, 0.0090, 0.3507
-0.1023, 0.0088, 0.3505
-0.1044, 0.0085, 0.3506
-0.1068, 0.0083, 0.3503
-0.1089, 0.0085, 0.3505
-0.1108, 0.0081, 0.3507
-0.1130, 0.0080, 0.3511
-0.1150, 0.0075, 0.3516
-0.1173, 0.0075, 0.3513
-0.1195, 0.0070, 0.3518
-0.1215, 0.0072, 0.3521
-0.1235, 0.0065, 0.3522
-0.1259, 0.0067, 0.3522
-0.1285, 0.0064, 0.3525
-0.1309, 0.0061, 0.3523
-0.1333, 0.0057, 0.3528
-0.1358, 0.0054, 0.3528
-0.1386, 0.0058, 0.3527
-0.1412, 0.0053, 0.3528
-0.1440, 0.0049, 0.3529
-0.1469, 0.0048, 0.3533
-0.1495, 0.0043, 0.3533
-0.1523, 0.0041, 0.3535
-0.1554, 0.0039, 0.3534
-0.1582, 0.0033, 0.3538
-0.1611, 0.0031, 0.3540
-0.1642, 0.0028, 0.3539
-0.1674, 0.0025, 0.3540
-0.1707, 0.0021, 0.3538
-0.1740, 0.0017, 0.3541
-0.1772, 0.0014, 0.3543
-0.1805, 0.0009, 0.3538
-0.1838, 0.0007, 0.3538
-0.1872, 0.0002, 0.3546
-0.1907, -0.0001, 0.3547
-0.1942, -0.0006, 0.3543
-0.1978, -0.0010, 0.3546
-0.2016, -0.0017, 0.3544
-0.2054, -0.0020, 0.3548
-0.2093, -0.0023, 0.3543
-0.2130, -0.0024, 0.3548
-0.2172, -0.0031, 0.3546
-0.2214, -0.0033, 0.3547
-0.2258, -0.0042, 0.3547
-0.2301, -0.0044, 0.3540
-0.2343, -0.0050, 0.3542
-0.2387, -0.0055, 0.3544
-0.2427, -0.0060, 0.3544
-0.2470, -0.0064, 0.3548
-0.2513, -0.0067, 0.3545
-0.2558, -0.0073, 0.3544
-0.2604, -0.0077, 0.3546
-0.2649, -0.0084, 0.3547
-0.2697, -0.0087, 0.3546
-0.2742, -0.0096, 0.3546
-0.2789, -0.0104, 0.3546
-0.2837, -0.0106, 0.3549
-0.2888, -0.0112, 0.3551
-0.2934, -0.0117, 0.3548
-0.2984, -0.0122, 0.3550
-0.3030, -0.0131, 0.3552
-0.3080, -0.0133, 0.3555
-0.3128, -0.0143, 0.3555
-0.3180, -0.0149, 0.3549
-0.3229, -0.0153, 0.3552
-0.3279, -0.0159, 0.3557
-0.3328, -0.0163, 0.3557
-0.3376, -0.0171, 0.3557
-0.3427, -0.0177, 0.3555
-0.3478, -0.0179, 0.3556
-0.3525, -0.0187, 0.3562
-0.3575, -0.0197, 0.3563
-0.3625, -0.0202, 0.3563
-0.3675, -0.0206, 0.3567
-0.3724, -0.0213, 0.3571
-0.3775, -0.0219, 0.3574
-0.3828, -0.0220, 0.3576
-0.3880, -0.0230, 0.3578
-0.3934, -0.0234, 0.3577
-0.3991, -0.0244, 0.3576
-0.4047, -0.0248, 0.3582
-0.4103, -0.0259, 0.3577
-0.4160, -0.0263, 0.3583
-0.4216, -0.0269, 0.3584
-0.4274, -0.0277, 0.3585
-0.4329, -0.0281, 0.3586
-0.4383, -0.0287, 0.3591
-0.4441, -0.0295, 0.3592
-0.4497, -0.0303, 0.3596
-0.4559, -0.0307, 0.3598
-0.4615, -0.0314, 0.3600
-0.4672, -0.0322, 0.3603
-0.4732, -0.0328, 0.3602
-0.4791, -0.0335, 0.3607
-0.4854, -0.0343, 0.3605
-0.4911, -0.0347, 0.3613
-0.4972, -0.0357, 0.3616
-0.5028, -0.0362, 0.3620
-0.5088, -0.0365, 0.3624
-0.5149, -0.0373, 0.3629
-0.5209, -0.0381, 0.3634
-0.5270, -0.0390, 0.3636
-0.5331, -0.0396, 0.3641
-0.5395, -0.0403, 0.3652
-0.5458, -0.0407, 0.3654
-0.5524, -0.0417, 0.3656
-0.5587, -0.0421, 0.3663
-0.5650, -0.0430, 0.3667
-0.5714, -0.0437, 0.3673
-0.5780, -0.0442, 0.3678
-0.5847, -0.0451, 0.3681
-0.5913, -0.0457, 0.3681
-0.5976, -0.0466, 0.3689
-0.6039, -0.0471, 0.3698
-0.6104, -0.0480, 0.3705
-0.6170, -0.0486, 0.3709
-0.6233, -0.0495, 0.3713
-0.6294, -0.0502, 0.3722
-0.6359, -0.0507, 0.3726
-0.6424, -0.0512, 0.3731
-0.6488, -0.0520, 0.3741
-0.6555, -0.0529, 0.3744
-0.6617, -0.0536, 0.3756
-0.6683, -0.0544, 0.3757
-0.6747, -0.0554, 0.3763
-0.6812, -0.0556, 0.3768
-0.6874, -0.0567, 0.3779
-0.6937, -0.0574, 0.3784
-0.6999, -0.0584, 0.3792
-0.7061, -0.0587, 0.3795
-0.7124, -0.0593, 0.3805
-0.7188, -0.0599, 0.3811
-0.7250, -0.0608, 0.3821
-0.7314, -0.0613, 0.3827
-0.7374, -0.0620, 0.3835
-0.7435, -0.0628, 0.3844
-0.7495, -0.0635, 0.3849
-0.7555, -0.0643, 0.3864
-0.7617, -0.0649, 0.3871
-0.7679, -0.0655, 0.3873
-0.7738, -0.0660, 0.3886
-0.7797, -0.0671, 0.3900
-0.7857, -0.0674, 0.3907
-0.7918, -0.0678, 0.3915
-0.7976, -0.0687, 0.3929
-0.8033, -0.0691, 0.3944
-0.8092, -0.0695, 0.3953
-0.8147, -0.0703, 0.3962
-0.8205, -0.0707, 0.3976
-0.8262, -0.0711, 0.3992
-0.8320, -0.0719, 0.4008
-0.8379, -0.0725, 0.4016
-0.8438, -0.0729, 0.4029
-0.8497, -0.0733, 0.4045
-0.8553, -0.0736, 0.4056
-0.8611, -0.0741, 0.4075
-0.8667, -0.0748, 0.4096
-0.8726, -0.0751, 0.4106
-0.8783, -0.0757, 0.4127
-0.8839, -0.0765, 0.4141
-0.8898, -0.0769, 0.4153
-0.8956, -0.0774, 0.4173
-0.9018, -0.0777, 0.4187
-0.9077, -0.0778, 0.4210
-0.9140, -0.0786, 0.4225
-0.9198, -0.0792, 0.4240
-0.9258, -0.0796, 0.4255
-0.9316, -0.0797, 0.4273
-0.9373, -0.0801, 0.4295
-0.9432, -0.0808, 0.4310
-0.9492, -0.0814, 0.4328
-0.9548, -0.0812, 0.4352
-0.9606, -0.0817, 0.4372
-0.9666, -0.0823, 0.4388
-0.9727, -0.0826, 0.4410
-0.9786, -0.0827, 0.4429
-0.9843, -0.0834, 0.4448
-0.9899, -0.0839, 0.4468
-0.9957, -0.0844, 0.4483
-1.0012, -0.0850, 0.4508
-1.0069, -0.0857, 0.4528
-1.0129, -0.0859, 0.4549
-1.0189, -0.0863, 0.4570
-1.0246, -0.0869, 0.4591
-1.0307, -0.0875, 0.4610
-1.0367, -0.0875, 0.4636
-1.0426, -0.0884, 0.4661
-1.0486, -0.0888, 0.4680
-1.0547, -0.0894, 0.4703
-1.0611, -0.0902, 0.4727
-1.0673, -0.0904, 0.4743
-1.0736, -0.0912, 0.4765
-1.0798, -0.0916, 0.4793
-1.0866, -0.0926, 0.4809
-1.0931, -0.0929, 0.4832
-1.0996, -0.0934, 0.4856
-1.1058, -0.0941, 0.4877
-1.1121, -0.0944, 0.4899
-1.1187, -0.0950, 0.4921
-1.1252, -0.0952, 0.4945
-1.1322, -0.0958, 0.4966
-1.1387, -0.0965, 0.4982
-1.1453, -0.0973, 0.5006
-1.1520, -0.0976, 0.5028
-1.1589, -0.0981, 0.5046
-1.1658, -0.0990, 0.5069
-1.1725, -0.0994, 0.5085
-1.1792, -0.1003, 0.5107
-1.1863, -0.1007, 0.5127
-1.1931, -0.1015, 0.5155
-1.2007, -0.1017, 0.5168
-1.2079, -0.1023, 0.5185
-1.2150, -0.1028, 0.5207
-1.2220, -0.1034, 0.5229
-1.2293, -0.1041, 0.5248
-1.2367, -0.1048, 0.5267
-1.2443, -0.1058, 0.5286
-1.2519, -0.1064, 0.5305
-1.2601, -0.1072, 0.5322
-1.2681, -0.1080, 0.5335
-1.2762, -0.1083, 0.5353
-1.2843, -0.1094, 0.5365
-1.2924, -0.1100, 0.5382
-1.3006, -0.1107, 0.5397
-1.3089, -0.1110, 0.5419
-1.3173, -0.1119, 0.5432
-1.3262, -0.1125, 0.5440
-1.3346, -0.1129, 0.5460
-1.3428, -0.1137, 0.5476
-1.3514, -0.1144, 0.5490
-1.3601, -0.1148, 0.5506
-1.3689, -0.1156, 0.5526
-1.3779, -0.1165, 0.5538
-1.3877, -0.1171, 0.5549
-1.3971, -0.1178, 0.5560
-1.4065, -0.1190, 0.5578
-1.4162, -0.1195, 0.5590
-1.4261, -0.1203, 0.5606
-1.4361, -0.1207, 0.5616
-1.4463, -0.1217, 0.5628
-1.4561, -0.1220, 0.5641
-1.4661, -0.1231, 0.5659
-1.4765, -0.1236, 0.5668
-1.4870, -0.1245, 0.5676
-1.4975, -0.1256, 0.5689
-1.5081, -0.1265, 0.5701
-1.5188, -0.1272, 0.5710
-1.5294, -0.1282, 0.5716
-1.5399, -0.1288, 0.5728
-1.5509, -0.1292, 0.5737
-1.5617, -0.1310, 0.5747
-1.5726, -0.1314, 0.5754
-1.5833, -0.1323, 0.5763
-1.5939, -0.1331, 0.5775
-1.6046, -0.1337, 0.5787
-1.6155, -0.1342, 0.5799
-1.6266, -0.1356, 0.5809
-1.6372, -0.1364, 0.5823
-1.6479, -0.1371, 0.5831
-1.6585, -0.1377, 0.5844
-1.6695, -0.1386, 0.5852
-1.6801, -0.1394, 0.5864
-1.6908, -0.1402, 0.5875
-1.7015, -0.1413, 0.5890
-1.7125, -0.1421, 0.5898
-1.7235, -0.1425, 0.5907
-1.7343, -0.1434, 0.5920
-1.7450, -0.1441, 0.5930
-1.7557, -0.1449, 0.5942
-1.7660, -0.1458, 0.5957
-1.7765, -0.1462, 0.5973
-1.7872, -0.1466, 0.5986
-1.7978, -0.1474, 0.5997
-1.8084, -0.1481, 0.6009
-1.8186, -0.1489, 0.6027
-1.8294, -0.1497, 0.6037
-1.8406, -0.1504, 0.6043
-1.8516, -0.1514, 0.6055
-1.8630, -0.1518, 0.6061
-1.8738, -0.1527, 0.6075
-1.8852, -0.1530, 0.6075
-1.8963, -0.1538, 0.6082
-1.9076, -0.1543, 0.6095
-1.9188, -0.1552, 0.6106
-1.9295, -0.1557, 0.6117
-1.9409, -0.1566, 0.6123
-1.9521, -0.1568, 0.6134
-1.9637, -0.1575, 0.6145
-1.9756, -0.1587, 0.6149
-1.9876, -0.1591, 0.6152
-1.9998, -0.1601, 0.6156
-2.0121, -0.1612, 0.6157
-2.0248, -0.1619, 0.6164
-2.0373, -0.1624, 0.6166
-2.0501, -0.1634, 0.6164
-2.0633, -0.1642, 0.6165
-2.0766, -0.1650, 0.6162
-2.0895, -0.1662, 0.6167
-2.1028, -0.1666, 0.6173
-2.1166, -0.1676, 0.6162
-2.1304, -0.1685, 0.6159
-2.1442, -0.1696, 0.6157
-2.1575, -0.1707, 0.6158
-2.1716, -0.1713, 0.6156
-2.1861, -0.1722, 0.6150
-2.2001, -0.1734, 0.6148
-2.2147, -0.1740, 0.6145
-2.2288, -0.1752, 0.6142
-2.2436, -0.1756, 0.6144
-2.2587, -0.1767, 0.6133
-2.2729, -0.1778, 0.6133
-2.2878, -0.1787, 0.6131
-2.3031, -0.1794, 0.6123
-2.3191, -0.1804, 0.6114
-2.3349, -0.1815, 0.6104
-2.3501, -0.1824, 0.6107
-2.3658, -0.1837, 0.6100
-2.3816, -0.1850, 0.6089
-2.3972, -0.1857, 0.6086
-2.4135, -0.1865, 0.6082
-2.4296, -0.1878, 0.6072
-2.4458, -0.1887, 0.6069
-2.4626, -0.1897, 0.6056
-2.4795, -0.1910, 0.6040
-2.4964, -0.1919, 0.6036
-2.5126, -0.1934, 0.6029
-2.5292, -0.1945, 0.6020
-2.5462, -0.1955, 0.6006
-2.5624, -0.1968, 0.6000
-2.5789, -0.1979, 0.5993
-2.5950, -0.1992, 0.5988
-2.6112, -0.2000, 0.5976
-2.6273, -0.2011, 0.5973
-2.6433, -0.2019, 0.5968
-2.6595, -0.2031, 0.5965
-2.6759, -0.2042, 0.5953
-2.6919, -0.2054, 0.5947
-2.7081, -0.2066, 0.5941
-2.7239, -0.2076, 0.5935
-2.7400, -0.2087, 0.5931
-2.7563, -0.2098, 0.5923
-2.7724, -0.2109, 0.5919
-2.7886, -0.2123, 0.5916
-2.8046, -0.2134, 0.5914
-2.8213, -0.2143, 0.5909
-2.8379, -0.2156, 0.5895
-2.8542, -0.2168, 0.5891
-2.8709, -0.2181, 0.5886
-2.8881, -0.2191, 0.5877
-2.9049, -0.2202, 0.5871
-2.9218, -0.2213, 0.5866
-2.9380, -0.2227, 0.5864
-2.9556, -0.2237, 0.5859
-2.9725, -0.2248, 0.5849
-2.9895, -0.2263, 0.5845
-3.0073, -0.2273, 0.5839
-3.0247, -0.2282, 0.5833
-3.0428, -0.2295, 0.5818
-3.0608, -0.2310, 0.5815
-3.0784, -0.2319, 0.5813
-3.0965, -0.2331, 0.5809
-3.1145, -0.2341, 0.5800
-3.1330, -0.2352, 0.5793
-3.1514, -0.2361, 0.5785
-3.1699, -0.2373, 0.5781
-3.1886, -0.2390, 0.5775
-3.2081, -0.2396, 0.5758
-3.2266, -0.2412, 0.5754
-3.2463, -0.2423, 0.5741
-3.2658, -0.2431, 0.5737
-3.2856, -0.2443, 0.5724
-3.3058, -0.2454, 0.5708
-3.3253, -0.2460, 0.5700
-3.3455, -0.2475, 0.5691
-3.3656, -0.2480, 0.5680
-3.3858, -0.2488, 0.5665
-3.4064, -0.2496, 0.5651
-3.4270, -0.2495, 0.5642
-3.4473, -0.2500, 0.5630
-3.4681, -0.2498, 0.5615
-3.4888, -0.2495, 0.5603
-3.5093, -0.2488, 0.5588
-3.5298, -0.2485, 0.5582
-3.5508, -0.2477, 0.5571
-3.5713, -0.2475, 0.5558
-3.5918, -0.2468, 0.5550
-3.6130, -0.2467, 0.5540
-3.6333, -0.2464, 0.5529
-3.6540, -0.2463, 0.5518
-3.6748, -0.2462, 0.5501
-3.6952, -0.2463, 0.5492
-3.7156, -0.2469, 0.5491
-3.7361, -0.2468, 0.5480
-3.7565, -0.2470, 0.5468
-3.7777, -0.2469, 0.5459
-3.7983, -0.2472, 0.5456
-3.8194, -0.2477, 0.5438
-3.8411, -0.2477, 0.5433
-3.8623, -0.2484, 0.5414
-3.8835, -0.2482, 0.5407
-3.9052, -0.2486, 0.5398
-3.9267, -0.2492, 0.5391
-3.9487, -0.2494, 0.5375
-3.9707, -0.2492, 0.5363
-3.9925, -0.2495, 0.5356
-4.0144, -0.2502, 0.5353
-4.0365, -0.2503, 0.5343
-4.0586, -0.2503, 0.5331
-4.0810, -0.2506, 0.5325
-4.1037, -0.2508, 0.5318
-4.1263, -0.2511, 0.5308
-4.1495, -0.2519, 0.5294
-4.1724, -0.2519, 0.5282
-4.1954, -0.2524, 0.5271
-4.2185, -0.2526, 0.5263
-4.2420, -0.2525, 0.5253
-4.2651, -0.2529, 0.5247
-4.2886, -0.2533, 0.5241
-4.3119, -0.2535, 0.5237
-4.3356, -0.2538, 0.5235
-4.3589, -0.2541, 0.5233
-4.3824, -0.2543, 0.5228
-4.4066, -0.2549, 0.5222
-4.4304, -0.2551, 0.5217
-4.4549, -0.2558, 0.5213
-4.4792, -0.2564, 0.5203
-4.5032, -0.2571, 0.5194
-4.5278, -0.2578, 0.5189
-4.5522, -0.2581, 0.5179
-4.5758, -0.2587, 0.5171
-4.6000, -0.2593, 0.5171
-4.6230, -0.2600, 0.5174
-4.6465, -0.2603, 0.5168
-4.6700, -0.2608, 0.5172
-4.6930, -0.2611, 0.5170
-4.7166, -0.2617, 0.5173
-4.7397, -0.2623, 0.5177
-4.7633, -0.2627, 0.5175
-4.7873, -0.2644, 0.5171
-4.8109, -0.2653, 0.5167
-4.8353, -0.2660, 0.5166
-4.8590, -0.2670, 0.5165
-4.8835, -0.2684, 0.5163
-4.9080, -0.2701, 0.5158
-4.9324, -0.2709, 0.5151
-4.9570, -0.2727, 0.5157
-4.9818, -0.2736, 0.5150
-5.0062, -0.2759, 0.5149
-5.0311, -0.2774, 0.5147
-5.0554, -0.2788, 0.5145
-5.0805, -0.2800, 0.5142
-5.1058, -0.2816, 0.5138
-5.1313, -0.2834, 0.5132
-5.1573, -0.2847, 0.5125
-5.1824, -0.2868, 0.5121
-5.2084, -0.2884, 0.5118
-5.2350, -0.2903, 0.5111
-5.2611, -0.2920, 0.5096
-5.2879, -0.2936, 0.5090
-5.3145, -0.2953, 0.5082
-5.3411, -0.2970, 0.5075
-5.3678, -0.2988, 0.5068
-5.3943, -0.3003, 0.5060
-5.4211, -0.3016, 0.5053
-5.4486, -0.3034, 0.5045
-5.4760, -0.3048, 0.5034
-5.5038, -0.3065, 0.5023
-5.5313, -0.3077, 0.5008
-5.5592, -0.3084, 0.4994
-5.5871, -0.3099, 0.4981
-5.6148, -0.3107, 0.4973
-5.6435, -0.3120, 0.4955
-5.6715, -0.3129, 0.4944
-5.6996, -0.3142, 0.4935
-5.7281, -0.3150, 0.4924
-5.7565, -0.3159, 0.4912
-5.7851, -0.3160, 0.4902
-5.8138, -0.3167, 0.4895
-5.8426, -0.3166, 0.4883
-5.8717, -0.3172, 0.4869
-5.9011, -0.3174, 0.4859
-5.9306, -0.3171, 0.4849
-5.9609, -0.3166, 0.4835
-5.9906, -0.3163, 0.4825
-6.0209, -0.3163, 0.4808
-6.0513, -0.3158, 0.4794
-6.0814, -0.3149, 0.4785
-6.1122, -0.3142, 0.4773
-6.1426, -0.3131, 0.4767
-6.1738, -0.3119, 0.4756
-6.2045, -0.3097, 0.4748
-6.2354, -0.3080, 0.4741
-6.2664, -0.3062, 0.4731
-6.2970, -0.3035, 0.4720
-6.3278, -0.3010, 0.4717
-6.3593, -0.2983, 0.4708
-6.3901, -0.2954, 0.4702
-6.4218, -0.2922, 0.4690
-6.4523, -0.2889, 0.4692
-6.4837, -0.2854, 0.4683
-6.5153, -0.2818, 0.4678
-6.5468, -0.2774, 0.4667
-6.5782, -0.2734, 0.4665
-6.6092, -0.2691, 0.4662
-6.6406, -0.2645, 0.4657
-6.6722, -0.2604, 0.4654
-6.7026, -0.2560, 0.4659
-6.7336, -0.2518, 0.4660
-6.7647, -0.2474, 0.4665
-6.7953, -0.2426, 0.4672
-6.8264, -0.2380, 0.4679
-6.8572, -0.2333, 0.4683
-6.8883, -0.2287, 0.4695
-6.9200, -0.2242, 0.4700
-6.9515, -0.2191, 0.4702
-6.9832, -0.2137, 0.4709
-7.0146, -0.2086, 0.4720
-7.0467, -0.2028, 0.4721
-7.0786, -0.1982, 0.4729
-7.1099, -0.1923, 0.4735
-7.1416, -0.1866, 0.4752
-7.1726, -0.1807, 0.4762
-7.2039, -0.1750, 0.4774
-7.2355, -0.1690, 0.4785
-7.2663, -0.1626, 0.4802
-7.2975, -0.1557, 0.4819
-7.3286, -0.1494, 0.4831
-7.3592, -0.1430, 0.4847
-7.3908, -0.1360, 0.4861
-7.4217, -0.1290, 0.4882
-7.4528, -0.1218, 0.4896
-7.4843, -0.1145, 0.4909
-7.5144, -0.1072, 0.4932
-7.5452, -0.0996, 0.4948
-7.5749, -0.0918, 0.4971
-7.6052, -0.0840, 0.4995
-7.6352, -0.0762, 0.5022
-7.6640, -0.0683, 0.5051
-7.6931, -0.0601, 0.5081
-7.7216, -0.0522, 0.5114
-7.7504, -0.0444, 0.5148
-7.7788, -0.0365, 0.5179
-7.8064, -0.0281, 0.5212
-7.8343, -0.0203, 0.5249
-7.8626, -0.0125, 0.5279
-7.8899, -0.0044, 0.5312
-7.9175, 0.0033, 0.5341
-7.9445, 0.0104, 0.5380
-7.9719, 0.0182, 0.5411
-7.9988, 0.0259, 0.5442
-8.0251, 0.0345, 0.5481
-8.0512, 0.0419, 0.5524
-8.0767, 0.0490, 0.5559
-8.1028, 0.0570, 0.5588
-8.1281, 0.0639, 0.5627
-8.1528, 0.0715, 0.5665
-8.1774, 0.0785, 0.5705
-8.2021, 0.0852, 0.5736
-8.2263, 0.0925, 0.5771
-8.2507, 0.0997, 0.5812
-8.2744, 0.1066, 0.5855
-8.2976, 0.1132, 0.5900
-8.3208, 0.1195, 0.5938
-8.3434, 0.1262, 0.5983
-8.3662, 0.1324, 0.6029
-8.3889, 0.1389, 0.6077
-8.4112, 0.1449, 0.6121
-8.4335, 0.1513, 0.6159
-8.4558, 0.1575, 0.6206
-8.4780, 0.1631, 0.6254
-8.4997, 0.1692, 0.6301
-8.5214, 0.1751, 0.6344
-8.5430, 0.1804, 0.6391
-8.5641, 0.1861, 0.6442
-8.5850, 0.1916, 0.6492
-8.6055, 0.1971, 0.6539
-8.6259, 0.2027, 0.6584
-8.6457, 0.2074, 0.6635
-8.6647, 0.2126, 0.6692
-8.6837, 0.2173, 0.6740
-8.7030, 0.2225, 0.6792
-8.7213, 0.2274, 0.6845
-8.7394, 0.2323, 0.6902
-8.7572, 0.2369, 0.6955
-8.7746, 0.2415, 0.7015
-8.7918, 0.2458, 0.7073
-8.8089, 0.2500, 0.7134
-8.8262, 0.2544, 0.7187
-8.8435, 0.2575, 0.7241
-8.8608, 0.2615, 0.7300
-8.8779, 0.2645, 0.7358
-8.8951, 0.2679, 0.7415
-8.9119, 0.2711, 0.7473
-8.9288, 0.2740, 0.7530
-8.9459, 0.2767, 0.7593
-8.9628, 0.2792, 0.7653
-8.9801, 0.2813, 0.7713
-8.9978, 0.2831, 0.7762
-9.0157, 0.2850, 0.7811
-9.0332, 0.2871, 0.7864
-9.0506, 0.2886, 0.7918
-9.0682, 0.2901, 0.7968
-9.0858, 0.2915, 0.8024
-9.1032, 0.2923, 0.8077
-9.1208, 0.2936, 0.8131
-9.1382, 0.2947, 0.8186
-9.1559, 0.2955, 0.8239
-9.1729, 0.2964, 0.8290
-9.1904, 0.2968, 0.8342
-9.2075, 0.2976, 0.8397
-9.2252, 0.2983, 0.8448
-9.2428, 0.2988, 0.8496
-9.2597, 0.2991, 0.8552
-9.2772, 0.2998, 0.8610
-9.2945, 0.3002, 0.8661
-9.3127, 0.3005, 0.8707
-9.3313, 0.3006, 0.8755
-9.3498, 0.3007, 0.8803
-9.3688, 0.3013, 0.8853
-9.3874, 0.3015, 0.8902
-9.4062, 0.3017, 0.8949
-9.4257, 0.3017, 0.8992
-9.4448, 0.3019, 0.9049
-9.4645, 0.3021, 0.9095
-9.4850, 0.3025, 0.9137
-9.5045, 0.3023, 0.9187
-9.5253, 0.3026, 0.9229
-9.5462, 0.3028, 0.9274
-9.5671, 0.3030, 0.9317
-9.5885, 0.3035, 0.9356
-9.6097, 0.3039, 0.9402
-9.6312, 0.3042, 0.9443
-9.6525, 0.3048, 0.9487
-9.6743, 0.3049, 0.9528
-9.6967, 0.3057, 0.9565
-9.7186, 0.3060, 0.9605
-9.7409, 0.3069, 0.9650
-9.7633, 0.3074, 0.9686
-9.7858, 0.3077, 0.9728
-9.8085, 0.3087, 0.9765
-9.8314, 0.3092, 0.9805
-9.8544, 0.3097, 0.9847
-9.8777, 0.3105, 0.9881
-9.9012, 0.3111, 0.9911
-9.9251, 0.3117, 0.9945
-9.9495, 0.3126, 0.9978
-9.9745, 0.3135, 1.0007
-9.9993, 0.3144, 1.0035
-10.0242, 0.3147, 1.0063
-10.0492, 0.3155, 1.0104
-10.0742, 0.3162, 1.0138
-10.0999, 0.3178, 1.0165
-10.1259, 0.3177, 1.0195
-10.1515, 0.3187, 1.0221
-10.1777, 0.3185, 1.0251
-10.2048, 0.3192, 1.0275
-10.2307, 0.3203, 1.0305
-10.2577, 0.3211, 1.0332
-10.2846, 0.3220, 1.0360
-10.3121, 0.3227, 1.0388
-10.3402, 0.3238, 1.0413
-10.3676, 0.3249, 1.0436
-10.3960, 0.3256, 1.0463
-10.4235, 0.3266, 1.0494
-10.4519, 0.3276, 1.0518
-10.4800, 0.3288, 1.0549
-10.5083, 0.3297, 1.0576
-10.5368, 0.3313, 1.0603
-10.5650, 0.3320, 1.0632
-10.5938, 0.3334, 1.0651
-10.6230, 0.3355, 1.0673
-10.6519, 0.3373, 1.0701
-10.6809, 0.3393, 1.0732
-10.7096, 0.3418, 1.0759
-10.7381, 0.3442, 1.0788
-10.7668, 0.3469, 1.0827
-10.7957, 0.3495, 1.0863
-10.8248, 0.3527, 1.0898
-10.8540, 0.3559, 1.0935
-10.8834, 0.3597, 1.0973
-10.9129, 0.3636, 1.1011
-10.9428, 0.3682, 1.1055
-10.9723, 0.3728, 1.1094
-11.0027, 0.3770, 1.1129
-11.0330, 0.3818, 1.1169
-11.0637, 0.3868, 1.1205
-11.0947, 0.3925, 1.1242
-11.1250, 0.3981, 1.1287
-11.1557, 0.4043, 1.1331
-11.1859, 0.4104, 1.1382
-11.2165, 0.4164, 1.1425
-11.2474, 0.4233, 1.1469
-11.2779, 0.4300, 1.1514
-11.3085, 0.4365, 1.1561
-11.3390, 0.4445, 1.1611
-11.3696, 0.4523, 1.1658
-11.4010, 0.4601, 1.1709
-11.4315, 0.4681, 1.1758
-11.4625, 0.4766, 1.1804
-11.4929, 0.4848, 1.1854
-11.5236, 0.4939, 1.1906
-11.5542, 0.5025, 1.1952
-11.5840, 0.5114, 1.2013
-11.6139, 0.5205, 1.2070
-11.6436, 0.5300, 1.2131
-11.6723, 0.5394, 1.2192
-11.7019, 0.5489, 1.2255
-11.7302, 0.5583, 1.2326
-11.7586, 0.5678, 1.2395
-11.7873, 0.5770, 1.2458
-11.8154, 0.5866, 1.2527
-11.8436, 0.5960, 1.2598
-11.8719, 0.6053, 1.2665
-11.9005, 0.6143, 1.2727
-11.9286, 0.6238, 1.2793
-11.9563, 0.6337, 1.2869
-11.9838, 0.6433, 1.2940
-12.0118, 0.6530, 1.3011
-12.0386, 0.6627, 1.3081
-12.0656, 0.6729, 1.3149
-12.0919, 0.6827, 1.3227
-12.1177, 0.6930, 1.3303
-12.1435, 0.7040, 1.3377
-12.1682, 0.7153, 1.3459
-12.1933, 0.7260, 1.3539
-12.2181, 0.7373, 1.3616
-12.2419, 0.7486, 1.3702
-12.2651, 0.7599, 1.3792
-12.2878, 0.7720, 1.3884
-12.3108, 0.7837, 1.3972
-12.3332, 0.7963, 1.4072
-12.3548, 0.8084, 1.4165
-12.3763, 0.8207, 1.4257
-12.3969, 0.8329, 1.4359
-12.4176, 0.8452, 1.4464
-12.4382, 0.8572, 1.4562
-12.4581, 0.8697, 1.4663
-12.4776, 0.8823, 1.4761
-12.4963, 0.8951, 1.4874
-12.5152, 0.9074, 1.4987
-12.5340, 0.9195, 1.5088
-12.5518, 0.9314, 1.5193
-12.5694, 0.9427, 1.5301
-12.5860, 0.9539, 1.5408
-12.6020, 0.9655, 1.5518
-12.6181, 0.9766, 1.5627
-12.6338, 0.9877, 1.5738
-12.6486, 0.9980, 1.5851
-12.6631, 1.0077, 1.5958
-12.6767, 1.0173, 1.6070
-12.6902, 1.0269, 1.6185
-12.7032, 1.0357, 1.6295
-12.7158, 1.0449, 1.6408
-12.7280, 1.0528, 1.6516
-12.7399, 1.0612, 1.6629
-12.7518, 1.0691, 1.6741
-12.7632, 1.0763, 1.6858
-12.7743, 1.0829, 1.6972
-12.7852, 1.0901, 1.7083
-12.7957, 1.0966, 1.7198
-12.8061, 1.1027, 1.7319
-12.8160, 1.1085, 1.7436
-12.8257, 1.1143, 1.7559
-12.8355, 1.1197, 1.7671
-12.8449, 1.1249, 1.7783
-12.8545, 1.1303, 1.7899
-12.8637, 1.1347, 1.8016
-12.8725, 1.1390, 1.8140
-12.8817, 1.1435, 1.8251
-12.8903, 1.1475, 1.8372
-12.8992, 1.1508, 1.8487
-12.9074, 1.1548, 1.8612
-12.9155, 1.1586, 1.8732
-12.9233, 1.1625, 1.8854
-12.9310, 1.1657, 1.8972
-12.9390, 1.1695, 1.9094
-12.9467, 1.1727, 1.9213
-12.9540, 1.1766, 1.9337
-12.9614, 1.1799, 1.9457
-12.9685, 1.1834, 1.9580
-12.9761, 1.1867, 1.9700
-12.9836, 1.1903, 1.9814
-12.9907, 1.1935, 1.9934
-12.9978, 1.1966, 2.0059
-13.0048, 1.1999, 2.0182
-13.0115, 1.2025, 2.0301
-13.0185, 1.2058, 2.0418
-13.0246, 1.2080, 2.0544
-13.0311, 1.2110, 2.0668
-13.0380, 1.2132, 2.0786
-13.0443, 1.2151, 2.0907
-13.0507, 1.2173, 2.1024
-13.0569, 1.2193, 2.1144
-13.0629, 1.2208, 2.1259
-13.0688, 1.2226, 2.1378
-13.0747, 1.2244, 2.1492
-13.0802, 1.2258, 2.1617
-13.0858, 1.2268, 2.1728
-13.0914, 1.2281, 2.1845
-13.0967, 1.2291, 2.1962
-13.1016, 1.2305, 2.2077
-13.1067, 1.2314, 2.2195
-13.1118, 1.2319, 2.2309
-13.1169, 1.2325, 2.2425
-13.1221, 1.2337, 2.2535
-13.1274, 1.2340, 2.2646
-13.1327, 1.2354, 2.2756
-13.1376, 1.2355, 2.2869
-13.1426, 1.2363, 2.2979
-13.1477, 1.2372, 2.3082
-13.1532, 1.2384, 2.3188
-13.1582, 1.2393, 2.3308
-13.1633, 1.2405, 2.3417
-13.1686, 1.2421, 2.3524
-13.1738, 1.2431, 2.3632
-13.1793, 1.2446, 2.3746
-13.1842, 1.2464, 2.3858
-13.1893, 1.2483, 2.3969
-13.1944, 1.2505, 2.4086
-13.1996, 1.2529, 2.4199
-13.2054, 1.2552, 2.4310
-13.2110, 1.2579, 2.4419
-13.2169, 1.2609, 2.4535
-13.2224, 1.2640, 2.4647
-13.2282, 1.2671, 2.4762
-13.2346, 1.2699, 2.4868
-13.2406, 1.2727, 2.4976
-13.2468, 1.2761, 2.5087
-13.2530, 1.2794, 2.5198
-13.2587, 1.2823, 2.5316
-13.2643, 1.2856, 2.5426
-13.2702, 1.2893, 2.5539
-13.2759, 1.2927, 2.5656
-13.2819, 1.2962, 2.5770
-13.2875, 1.2995, 2.5883
-13.2934, 1.3030, 2.5996
-13.2994, 1.3068, 2.6104
-13.3054, 1.3106, 2.6218
-13.3114, 1.3145, 2.6328
-13.3175, 1.3187, 2.6440
-13.3235, 1.3223, 2.6553
-13.3291, 1.3265, 2.6667
-13.3349, 1.3310, 2.6783
-13.3414, 1.3352, 2.6893
-13.3476, 1.3395, 2.7005
-13.3533, 1.3435, 2.7121
-13.3594, 1.3478, 2.7234
-13.3652, 1.3526, 2.7355
-13.3718, 1.3571, 2.7469
-13.3780, 1.3607, 2.7582
-13.3841, 1.3651, 2.7694
-13.3909, 1.3692, 2.7800
-13.3968, 1.3728, 2.7917
-13.4029, 1.3771, 2.8029
-13.4090, 1.3808, 2.8143
-13.4153, 1.3843, 2.8250
-13.4218, 1.3880, 2.8360
-13.4277, 1.3918, 2.8474
-13.4344, 1.3954, 2.8589
-13.4404, 1.3990, 2.8698
-13.4461, 1.4027, 2.8813
-13.4525, 1.4061, 2.8924
-13.4588, 1.4096, 2.9040
-13.4653, 1.4130, 2.9149
-13.4719, 1.4164, 2.9261
-13.4780, 1.4196, 2.9379
-13.4843, 1.4233, 2.9490
-13.4906, 1.4270, 2.9601
-13.4970, 1.4304, 2.9716
-13.5034, 1.4337, 2.9826
-13.5097, 1.4369, 2.9940
-13.5157, 1.4404, 3.0053
-13.5220, 1.4439, 3.0168
-13.5282, 1.4473, 3.0279
-13.5344, 1.4504, 3.0389
-13.5403, 1.4536, 3.0507
-13.5462, 1.4567, 3.0620
-13.5523, 1.4601, 3.0728
-13.5582, 1.4626, 3.0841
-13.5640, 1.4655, 3.0960
-13.5697, 1.4683, 3.1072
-13.5754, 1.4706, 3.1180
-13.5811, 1.4731, 3.1292
-13.5869, 1.4757, 3.1408
-13.5923, 1.4783, 3.1523
-13.5975, 1.4805, 3.1632
-13.6030, 1.4828, 3.1739
-13.6086, 1.4848, 3.1853
-13.6137, 1.4867, 3.1968
-13.6184, 1.4887, 3.2081
-13.6230, 1.4906, 3.2194
-13.6273, 1.4928, 3.2304
-13.6323, 1.4951, 3.2413
-13.6367, 1.4973, 3.2532
-13.6407, 1.4993, 3.2645
-13.6446, 1.5012, 3.2755
-13.6481, 1.5030, 3.2866
-13.6517, 1.5051, 3.2981
-13.6549, 1.5066, 3.3099
-13.6579, 1.5087, 3.3212
-13.6610, 1.5099, 3.3323
-13.6635, 1.5116, 3.3441
-13.6660, 1.5137, 3.3554
-13.6683, 1.5154, 3.3669
-13.6705, 1.5172, 3.3788
-13.6725, 1.5190, 3.3893
-13.6741, 1.5204, 3.4008
-13.6756, 1.5224, 3.4127
-13.6766, 1.5245, 3.4242
-13.6778, 1.5259, 3.4353
-13.6787, 1.5277, 3.4466
-13.6789, 1.5289, 3.4587
-13.6793, 1.5308, 3.4705
-13.6795, 1.5330, 3.4819
-13.6794, 1.5342, 3.4936
-13.6795, 1.5364, 3.5055
-13.6793, 1.5380, 3.5170
-13.6791, 1.5398, 3.5288
-13.6785, 1.5415, 3.5400
-13.6775, 1.5438, 3.5523
-13.6765, 1.5457, 3.5641
-13.6753, 1.5475, 3.5755
-13.6740, 1.5497, 3.5873
-13.6724, 1.5518, 3.5991
-13.6705, 1.5534, 3.6118
-13.6684, 1.5558, 3.6241
-13.6659, 1.5573, 3.6361
-13.6639, 1.5598, 3.6482
-13.6614, 1.5617, 3.6604
-13.6586, 1.5637, 3.6733
-13.6555, 1.5657, 3.6854
-13.6525, 1.5671, 3.6981
-13.6494, 1.5693, 3.7104
-13.6465, 1.5713, 3.7227
-13.6432, 1.5726, 3.7353
-13.6395, 1.5748, 3.7477
-13.6356, 1.5764, 3.7608
-13.6318, 1.5785, 3.7735
-13.6277, 1.5800, 3.7863
-13.6239, 1.5818, 3.7982
-13.6200, 1.5837, 3.8112
-13.6162, 1.5855, 3.8238
-13.6123, 1.5872, 3.8358
-13.6085, 1.5891, 3.8485
-13.6048, 1.5908, 3.8602
-13.6009, 1.5923, 3.8723
-13.5973, 1.5942, 3.8842
-13.5935, 1.5959, 3.8969
-13.5896, 1.5977, 3.9090
-13.5860, 1.5998, 3.9204
-13.5824, 1.6014, 3.9322
-13.5789, 1.6033, 3.9446
-13.5750, 1.6045, 3.9564
-13.5714, 1.6061, 3.9681
-13.5679, 1.6079, 3.9800
-13.5643, 1.6089, 3.9920
-13.5606, 1.6113, 4.0038
-13.5572, 1.6125, 4.0148
-13.5542, 1.6141, 4.0265
-13.5506, 1.6152, 4.0386
-13.5470, 1.6170, 4.0506
-13.5436, 1.6186, 4.0626
-13.5405, 1.6200, 4.0736
-13.5369, 1.6214, 4.0857
-13.5334, 1.6231, 4.0973
-13.5301, 1.6243, 4.1089
-13.5267, 1.6261, 4.1212
-13.5233, 1.6279, 4.1329
-13.5200, 1.6295, 4.1449
-13.5168, 1.6309, 4.1560
-13.5138, 1.6327, 4.1672
-13.5108, 1.6344, 4.1787
-13.5072, 1.6360, 4.1905
-13.5038, 1.6379, 4.2027
-13.5003, 1.6396, 4.2147
-13.4974, 1.6417, 4.2257
-13.4944, 1.6434, 4.2376
-13.4911, 1.6447, 4.2493
-13.4880, 1.6467, 4.2609
-13.4848, 1.6484, 4.2729
-13.4814, 1.6501, 4.2845
-13.4783, 1.6516, 4.2955
-13.4752, 1.6534, 4.3070
-13.4724, 1.6546, 4.3186
-13.4693, 1.6559, 4.3297
-13.4662, 1.6575, 4.3407
-13.4630, 1.6595, 4.3520
-13.4598, 1.6606, 4.3636
-13.4569, 1.6624, 4.3748
-13.4538, 1.6641, 4.3853
-13.4507, 1.6648, 4.3961
-13.4479, 1.6662, 4.4073
-13.4449, 1.6673, 4.4183
-13.4422, 1.6689, 4.4286
-13.4391, 1.6705, 4.4393
-13.4361, 1.6711, 4.4500
-13.4331, 1.6722, 4.4607
-13.4305, 1.6737, 4.4709
-13.4275, 1.6744, 4.4814
-13.4244, 1.6750, 4.4916
-13.4216, 1.6763, 4.5024
-13.4188, 1.6774, 4.5127
-13.4158, 1.6785, 4.5231
-13.4130, 1.6793, 4.5338
-13.4104, 1.6801, 4.5443
-13.4072, 1.6820, 4.5549
-13.4046, 1.6826, 4.5647
-13.4019, 1.6839, 4.5746
-13.3990, 1.6849, 4.5848
-13.3961, 1.6858, 4.5956
-13.3935, 1.6868, 4.6060
-13.3910, 1.6883, 4.6155
-13.3885, 1.6894, 4.6249
-13.3859, 1.6903, 4.6352
-13.3832, 1.6919, 4.6453
-13.3808, 1.6929, 4.6545
-13.3782, 1.6942, 4.6644
-13.3756, 1.6953, 4.6745
-13.3730, 1.6965, 4.6843
-13.3706, 1.6980, 4.6938
-13.3678, 1.6990, 4.7036
-13.3656, 1.7004, 4.7127
-13.3633, 1.7013, 4.7224
-13.3610, 1.7024, 4.7318
-13.3585, 1.7033, 4.7412
-13.3562, 1.7046, 4.7504
-13.3537, 1.7055, 4.7593
-13.3512, 1.7065, 4.7696
-13.3486, 1.7076, 4.7791
-13.3460, 1.7089, 4.7883
-13.3438, 1.7098, 4.7970
-13.3413, 1.7107, 4.8062
-13.3390, 1.7118, 4.8148
-13.3369, 1.7132, 4.8231
-13.3345, 1.7142, 4.8321
-13.3320, 1.7151, 4.8409
-13.3293, 1.7159, 4.8495
-13.3270, 1.7176, 4.8584
-13.3246, 1.7186, 4.8669
-13.3222, 1.7195, 4.8755
-13.3197, 1.7202, 4.8842
-13.3174, 1.7218, 4.8927
-13.3152, 1.7230, 4.9006
-13.3126, 1.7237, 4.9091
-13.3105, 1.7246, 4.9168
-13.3082, 1.7258, 4.9252
-13.3058, 1.7271, 4.9335
-13.3034, 1.7281, 4.9414
-13.3009, 1.7294, 4.9496
-13.2985, 1.7302, 4.9578
-13.2962, 1.7312, 4.9655
-13.2941, 1.7321, 4.9731
-13.2917, 1.7331, 4.9807
-13.2893, 1.7341, 4.9891
-13.2871, 1.7351, 4.9965
-13.2845, 1.7362, 5.0041
-13.2819, 1.7371, 5.0121
-13.2796, 1.7381, 5.0202
-13.2772, 1.7390, 5.0275
-13.2750, 1.7404, 5.0349
-13.2725, 1.7411, 5.0420
-13.2702, 1.7423, 5.0499
-13.2681, 1.7434, 5.0575
-13.2657, 1.7445, 5.0643
-13.2631, 1.7453, 5.0717
-13.2609, 1.7465, 5.0790
-13.2582, 1.7478, 5.0868
-13.2558, 1.7487, 5.0940
-13.2536, 1.7495, 5.1006
-13.2511, 1.7508, 5.1079
-13.2490, 1.7517, 5.1146
-13.2468, 1.7530, 5.1218
-13.2442, 1.7538, 5.1291
-13.2420, 1.7546, 5.1357
-13.2396, 1.7558, 5.1425
-13.2372, 1.7571, 5.1499
-13.2346, 1.7577, 5.1571
-13.2325, 1.7593, 5.1637
-13.2299, 1.7604, 5.1705
-13.2275, 1.7612, 5.1774
-13.2249, 1.7617, 5.1845
-13.2229, 1.7629, 5.1905
-13.2204, 1.7642, 5.1972
-13.2180, 1.7648, 5.2042
-13.2155, 1.7655, 5.2110
-13.2133, 1.7665, 5.2166
-13.2112, 1.7678, 5.2234
-13.2088, 1.7687, 5.2299
-13.2066, 1.7696, 5.2368
-13.2042, 1.7703, 5.2427
-13.2022, 1.7712, 5.2487
-13.1999, 1.7723, 5.2550
-13.1976, 1.7732, 5.2614
-13.1954, 1.7741, 5.2674
-13.1933, 1.7749, 5.2734
-13.1910, 1.7757, 5.2796
-13.1888, 1.7766, 5.2856
-13.1866, 1.7777, 5.2918
-13.1843, 1.7787, 5.2982
-13.1823, 1.7797, 5.3038
-13.1798, 1.7805, 5.3098
-13.1779, 1.7817, 5.3157
-13.1760, 1.7826, 5.3217
-13.1740, 1.7839, 5.3272
-13.1721, 1.7848, 5.3323
-13.1698, 1.7855, 5.3384
-13.1678, 1.7863, 5.3435
-13.1657, 1.7871, 5.3491
-13.1633, 1.7880, 5.3551
-13.1613, 1.7892, 5.3603
-13.1591, 1.7898, 5.3662
-13.1569, 1.7911, 5.3715
-13.1547, 1.7917, 5.3767
-13.1526, 1.7926, 5.3816
-13.1506, 1.7937, 5.3864
-13.1484, 1.7947, 5.3918
-13.1461, 1.7954, 5.3969
-13.1442, 1.7964, 5.4012
-13.1421, 1.7968, 5.4062
-13.1397, 1.7981, 5.4116
-13.1373, 1.7986, 5.4167
-13.1350, 1.7997, 5.4211
-13.1326, 1.8004, 5.4259
-13.1303, 1.8012, 5.4310
-13.1281, 1.8020, 5.4354
-13.1262, 1.8030, 5.4397
-13.1239, 1.8034, 5.4443
-13.1218, 1.8041, 5.4482
-13.1194, 1.8048, 5.4529
-13.1175, 1.8054, 5.4568
-13.1152, 1.8058, 5.4610
-13.1132, 1.8069, 5.4649
-13.1113, 1.8075, 5.4689
-13.1088, 1.8081, 5.4737
-13.1065, 1.8086, 5.4776
-13.1047, 1.8093, 5.4811
-13.1026, 1.8103, 5.4849
-13.1007, 1.8106, 5.4887
-13.0987, 1.8112, 5.4924
-13.0968, 1.8119, 5.4963
-13.0949, 1.8126, 5.4995
-13.0929, 1.8131, 5.5031
-13.0909, 1.8136, 5.5061
-13.0889, 1.8145, 5.5096
-13.0870, 1.8148, 5.5135
-13.0851, 1.8156, 5.5163
-13.0831, 1.8159, 5.5198
-13.0811, 1.8166, 5.5233
-13.0792, 1.8173, 5.5265
-13.0773, 1.8180, 5.5297
-13.0755, 1.8187, 5.5326
-13.0736, 1.8190, 5.5356
-13.0721, 1.8196, 5.5389
