-0.0000, 60.0001, -0.0002
-0.0002, 60.0005, -0.0002
-0.0001, 60.0004, -0.0001
-0.0001, 60.0003, -0.0003
-0.0001, 60.0002, -0.0003
-0.0000, 60.0004, -0.0002
-0.0003, 60.0005, -0.0004
-0.0005, 60.0008, -0.0001
-0.0003, 60.0004, 0.0004
-0.0002, 60.0005, 0.0000
-0.0000, 60.0005, -0.0003
-0.0002, 60.0003, 0.0002
-0.0005, 60.0002, -0.0003
-0.0005, 60.0003, 0.0002
-0.0003, 60.0004, -0.0005
-0.0006, 60.0004, -0.0006
-0.0003, 60.0003, 0.0000
-0.0005, 60.0003, -0.0000
-0.0005, 60.0000, -0.0001
-0.0006, 60.0003, -0.0002
-0.0004, 59.9995, -0.0001
-0.0005, 59.9998, -0.0006
-0.0006, 59.9999, -0.0006
-0.0005, 59.9997, -0.0004
-0.0006, 59.9995, -0.0000
-0.0005, 59.9995, -0.0002
-0.0006, 59.9995, -0.0003
-0.0007, 59.9998, -0.0001
-0.0007, 59.9997, -0.0004
-0.0007, 59.9993, -0.0004
-0.0008, 59.9994, -0.0006
-0.0008, 59.9991, -0.0005
-0.0009, 59.9994, -0.0002
-0.0007, 59.9992, -0.0003
-0.0008, 59.9992, -0.0004
-0.0006, 59.9988, -0.0001
-0.0009, 59.9992, -0.0003
-0.0006, 59.9988, -0.0000
-0.0008, 59.9988, -0.0008
-0.0007, 59.9988, -0.0005
-0.0008, 59.9986, -0.0004
-0.0009, 59.9992, -0.0003
-0.0007, 59.9988, 0.0000
-0.0008, 59.9988, -0.0005
-0.0009, 59.9988, -0.0001
-0.0008, 59.9985, -0.0005
-0.0009, 59.9984, -0.0006
-0.0009, 59.9986, -0.0006
-0.0008, 59.9982, -0.0005
-0.0008, 59.9985, -0.0005
-0.0010, 59.9984, -0.0010
-0.0010, 59.9984, -0.0007
-0.0009, 59.9984, 0.0000
-0.0010, 59.9984, -0.0002
-0.0011, 59.9984, -0.0002
-0.0010, 59.9984, -0.0001
-0.0010, 59.9983, -0.0001
-0.0012, 59.9986, -0.0002
-0.0013, 59.9988, -0.0001
-0.0012, 59.9987, 0.0003
-0.0011, 59.9984, -0.0000
-0.0012, 59.9984, -0.0003
-0.0011, 59.9983, -0.0001
-0.0011, 59.9984, -0.0004
-0.0011, 59.9983, -0.0006
-0.0011, 59.9984, 0.0001
-0.0011, 59.9984, -0.0001
-0.0012, 59.9984, -0.0003
-0.0009, 59.9981, -0.0002
-0.0009, 59.9980, -0.0003
-0.0009, 59.9981, -0.0005
-0.0012, 59.9985, -0.0003
-0.0011, 59.9981, -0.0002
-0.0010, 59.9983, -0.0004
-0.0011, 59.9979, -0.0005
-0.0011, 59.9984, -0.0000
-0.0012, 59.9981, -0.0002
-0.0012, 59.9980, -0.0003
-0.0010, 59.9980, -0.0005
-0.0011, 59.9983, -0.0001
-0.0013, 59.9983, -0.0001
-0.0011, 59.9981, -0.0006
-0.0012, 59.9980, -0.0008
-0.0010, 59.9982, -0.0004
-0.0011, 59.9979, -0.0006
-0.0013, 59.9984, -0.0001
-0.0012, 59.9980, -0.0001
-0.0013, 59.9982, -0.0004
-0.0012, 59.9982, 0.0001
-0.0011, 59.9979, -0.0004
-0.0010, 59.9977, -0.0006
-0.0013, 59.9982, 0.0002
-0.0013, 59.9981, -0.0004
-0.0013, 59.9984, -0.0007
-0.0011, 59.9980, -0.0005
-0.0011, 59.9980, -0.0001
-0.0009, 59.9978, -0.0003
-0.0013, 59.9985, -0.0005
-0.0012, 59.9981, -0.0002
-0.0012, 59.9980, -0.0002
-0.0011, 59.9978, -0.0001
-0.0011, 59.9978, -0.0004
-0.0012, 59.9980, -0.0004
-0.0013, 59.9982, -0.0001
-0.0012, 59.9982, -0.0002
-0.0012, 59.9981, 0.0001
-0.0011, 59.9978, -0.0003
-0.0011, 59.9980, 0.0000
-0.0013, 59.9983, -0.0005
-0.0015, 59.9985, 0.0000
-0.0012, 59.9980, -0.0004
-0.0011, 59.9979, -0.0002
-0.0012, 59.9981, -0.0005
-0.0013, 59.9978, -0.0004
-0.0013, 59.9983, -0.0009
-0.0012, 59.9981, -0.0005
-0.0013, 59.9978, -0.0007
-0.0014, 59.9983, -0.0003
-0.0013, 59.9982, -0.0005
-0.0014, 59.9980, -0.0008
-0.0013, 59.9976, -0.0007
-0.0011, 59.9979, -0.0002
-0.0014, 59.9979, -0.0007
-0.0014, 59.9979, -0.0008
-0.0012, 59.9979, -0.0004
-0.0013, 59.9979, -0.0004
-0.0013, 59.9977, -0.0007
-0.0014, 59.9981, -0.0008
-0.0015, 59.9982, -0.0005
-0.0014, 59.9978, -0.0003
-0.0012, 59.9979, -0.0001
-0.0013, 59.9981, -0.0001
-0.0015, 59.9983, -0.0001
-0.0014, 59.9979, -0.0003
-0.0015, 59.9981, 0.0002
-0.0013, 59.9980, -0.0000
-0.0013, 59.9977, -0.0002
-0.0012, 59.9980, 0.0002
-0.0015, 59.9980, -0.0003
-0.0013, 59.9976, -0.0001
-0.0014, 59.9979, -0.0002
-0.0015, 59.9979, -0.0003
-0.0015, 59.9980, -0.0002
-0.0014, 59.9978, -0.0002
-0.0014, 59.9979, 0.0002
-0.0015, 59.9979, -0.0003
-0.0015, 59.9979, -0.0002
-0.0016, 59.9982, -0.0003
-0.0013, 59.9977, -0.0004
-0.0014, 59.9979, 0.0001
-0.0015, 59.9979, -0.0006
-0.0014, 59.9978, -0.0002
-0.0012, 59.9980, -0.0001
-0.0015, 59.9980, -0.0004
-0.0011, 59.9975, -0.0000
-0.0012, 59.9975, -0.0001
-0.0013, 59.9977, -0.0004
-0.0012, 59.9976, -0.0005
-0.0013, 59.9975, -0.0004
-0.0013, 59.9976, -0.0002
-0.0014, 59.9978, -0.0007
-0.0014, 59.9977, -0.0004
-0.0014, 59.9978, -0.0003
-0.0014, 59.9977, -0.0003
-0.0011, 59.9974, -0.0004
-0.0013, 59.9978, -0.0003
-0.0013, 59.9974, -0.0003
-0.0012, 59.9974, -0.0001
-0.0015, 59.9980, -0.0001
-0.0015, 59.9978, -0.0003
-0.0013, 59.9977, -0.0003
-0.0011, 59.9974, -0.0002
-0.0014, 59.9979, -0.0004
-0.0014, 59.9978, -0.0003
-0.0014, 59.9978, -0.0003
-0.0016, 59.9978, -0.0000
-0.0014, 59.9976, -0.0004
-0.0014, 59.9976, -0.0000
-0.0015, 59.9976, -0.0001
-0.0016, 59.9976, -0.0003
-0.0016, 59.9976, -0.0007
-0.0015, 59.9975, -0.0003
-0.0015, 59.9974, -0.0005
-0.0014, 59.9974, -0.0000
-0.0013, 59.9977, -0.0005
-0.0016, 59.9977, -0.0005
-0.0015, 59.9977, -0.0007
-0.0012, 59.9974, -0.0002
-0.0015, 59.9975, -0.0005
-0.0016, 59.9977, -0.0008
-0.0014, 59.9976, -0.0008
-0.0014, 59.9976, -0.0005
-0.0016, 59.9976, -0.0004
-0.0013, 59.9975, -0.0003
-0.0015, 59.9975, -0.0003
-0.0015, 59.9977, -0.0007
-0.0016, 59.9977, -0.0002
-0.0017, 59.9976, -0.0003
-0.0015, 59.9976, -0.0004
-0.0015, 59.9975, -0.0006
-0.0016, 59.9977, -0.0003
-0.0015, 59.9975, -0.0007
-0.0015, 59.9973, -0.0005
-0.0016, 59.9977, -0.0001
-0.0015, 59.9973, -0.0002
-0.0014, 59.9972, -0.0003
-0.0015, 59.9976, -0.0001
-0.0017, 59.9973, -0.0001
-0.0017, 59.9976, -0.0006
-0.0016, 59.9976, 0.0001
-0.0013, 59.9976, -0.0001
-0.0014, 59.9974, -0.0002
-0.0017, 59.9979, -0.0003
-0.0015, 59.9976, -0.0004
-0.0014, 59.9975, -0.0000
-0.0013, 59.9970, 0.0000
-0.0013, 59.9971, -0.0003
-0.0013, 59.9972, -0.0002
-0.0012, 59.9971, -0.0001
-0.0015, 59.9974, -0.0000
-0.0014, 59.9976, -0.0003
-0.0013, 59.9975, 0.0001
-0.0014, 59.9973, 0.0000
-0.0014, 59.9973, -0.0001
-0.0016, 59.9974, -0.0001
-0.0015, 59.9974, -0.0005
-0.0016, 59.9971, -0.0001
-0.0016, 59.9975, -0.0002
-0.0015, 59.9976, -0.0001
-0.0016, 59.9972, -0.0002
-0.0015, 59.9973, -0.0004
-0.0013, 59.9971, 0.0001
-0.0015, 59.9970, -0.0004
-0.0018, 59.9974, -0.0007
-0.0015, 59.9972, -0.0004
-0.0015, 59.9973, -0.0004
-0.0016, 59.9973, -0.0003
-0.0015, 59.9973, -0.0003
-0.0016, 59.9973, -0.0004
-0.0017, 59.9973, -0.0007
-0.0019, 59.9975, -0.0007
-0.0016, 59.9972, -0.0003
-0.0017, 59.9974, -0.0007
-0.0017, 59.9974, -0.0005
-0.0017, 59.9974, -0.0004
-0.0017, 59.9973, -0.0002
-0.0016, 59.9975, -0.0002
-0.0015, 59.9974, 0.0000
-0.0017, 59.9975, -0.0001
-0.0014, 59.9971, -0.0001
-0.0016, 59.9972, -0.0000
-0.0017, 59.9973, -0.0001
-0.0017, 59.9972, -0.0002
-0.0017, 59.9975, -0.0002
-0.0017, 59.9973, -0.0001
-0.0018, 59.9971, -0.0002
-0.0017, 59.9973, -0.0001
-0.0014, 59.9968, -0.0004
-0.0017, 59.9972, -0.0005
-0.0015, 59.9970, -0.0007
-0.0017, 59.9972, -0.0003
-0.0019, 59.9973, -0.0005
-0.0018, 59.9973, -0.0002
-0.0018, 59.9972, -0.0006
-0.0017, 59.9972, -0.0001
-0.0016, 59.9971, -0.0001
-0.0018, 59.9971, -0.0004
-0.0016, 59.9968, -0.0004
-0.0016, 59.9971, -0.0004
-0.0016, 59.9974, -0.0003
-0.0017, 59.9975, -0.0003
-0.0017, 59.9974, -0.0006
-0.0016, 59.9970, -0.0006
-0.0018, 59.9974, -0.0003
-0.0018, 59.9973, -0.0004
-0.0017, 59.9969, -0.0002
-0.0017, 59.9967, -0.0003
-0.0016, 59.9970, -0.0002
-0.0016, 59.9970, -0.0001
-0.0018, 59.9973, 0.0004
-0.0018, 59.9970, -0.0003
-0.0017, 59.9971, -0.0004
-0.0017, 59.9969, -0.0004
-0.0017, 59.9967, -0.0006
-0.0018, 59.9969, -0.0007
-0.0019, 59.9970, -0.0009
-0.0016, 59.9968, -0.0004
-0.0016, 59.9970, -0.0001
-0.0017, 59.9967, -0.0007
-0.0018, 59.9968, -0.0004
-0.0019, 59.9971, -0.0002
-0.0020, 59.9971, -0.0006
-0.0019, 59.9971, -0.0005
-0.0018, 59.9972, -0.0003
-0.0019, 59.9966, -0.0006
-0.0016, 59.9965, -0.0002
-0.0018, 59.9968, -0.0005
-0.0017, 59.9965, -0.0004
-0.0018, 59.9964, -0.0003
-0.0020, 59.9972, -0.0005
-0.0018, 59.9969, -0.0001
-0.0018, 59.9964, -0.0003
-0.0019, 59.9969, -0.0006
-0.0018, 59.9968, -0.0003
-0.0020, 59.9967, -0.0007
-0.0016, 59.9963, -0.0003
-0.0017, 59.9965, -0.0001
-0.0019, 59.9969, -0.0006
-0.0019, 59.9968, -0.0004
-0.0017, 59.9967, -0.0002
-0.0017, 59.9967, -0.0002
-0.0017, 59.9966, -0.0001
-0.0017, 59.9967, -0.0001
-0.0020, 59.9969, -0.0004
-0.0020, 59.9970, -0.0004
-0.0018, 59.9968, -0.0003
-0.0015, 59.9965, 0.0002
-0.0019, 59.9966, -0.0005
-0.0018, 59.9964, -0.0005
-0.0018, 59.9961, -0.0005
-0.0020, 59.9966, -0.0003
-0.0020, 59.9965, -0.0007
-0.0020, 59.9965, -0.0004
-0.0020, 59.9966, -0.0009
-0.0019, 59.9965, -0.0005
-0.0019, 59.9964, -0.0007
-0.0017, 59.9963, -0.0004
-0.0018, 59.9963, -0.0009
-0.0020, 59.9965, -0.0005
-0.0020, 59.9967, -0.0004
-0.0018, 59.9965, -0.0005
-0.0021, 59.9962, -0.0009
-0.0020, 59.9964, -0.0004
-0.0020, 59.9962, -0.0006
-0.0019, 59.9963, -0.0006
-0.0020, 59.9966, -0.0005
-0.0020, 59.9962, -0.0007
-0.0020, 59.9961, -0.0005
-0.0019, 59.9963, -0.0006
-0.0022, 59.9967, -0.0005
-0.0021, 59.9962, -0.0009
-0.0020, 59.9964, -0.0005
-0.0021, 59.9964, -0.0006
-0.0022, 59.9965, -0.0005
-0.0018, 59.9961, -0.0001
-0.0019, 59.9960, -0.0002
-0.0018, 59.9958, -0.0005
-0.0021, 59.9962, -0.0005
-0.0020, 59.9959, -0.0008
-0.0019, 59.9963, -0.0006
-0.0020, 59.9961, -0.0008
-0.0016, 59.9959, -0.0007
-0.0021, 59.9963, -0.0007
-0.0021, 59.9961, -0.0005
-0.0022, 59.9964, -0.0005
-0.0020, 59.9958, -0.0002
-0.0020, 59.9961, -0.0005
-0.0021, 59.9960, -0.0007
-0.0021, 59.9962, -0.0005
-0.0020, 59.9958, -0.0006
-0.0021, 59.9960, -0.0005
-0.0022, 59.9960, -0.0003
-0.0022, 59.9962, -0.0008
-0.0021, 59.9960, -0.0008
-0.0023, 59.9961, -0.0007
-0.0021, 59.9959, -0.0004
-0.0021, 59.9962, -0.0003
-0.0020, 59.9961, -0.0007
-0.0021, 59.9960, -0.0007
-0.0021, 59.9958, -0.0009
-0.0020, 59.9959, -0.0005
-0.0020, 59.9958, -0.0008
-0.0021, 59.9957, -0.0010
-0.0022, 59.9958, -0.0009
-0.0022, 59.9959, -0.0010
-0.0023, 59.9961, -0.0011
-0.0021, 59.9961, -0.0005
-0.0021, 59.9958, -0.0007
-0.0023, 59.9957, -0.0010
-0.0022, 59.9957, -0.0006
-0.0020, 59.9952, -0.0009
-0.0021, 59.9954, -0.0005
-0.0022, 59.9956, -0.0010
-0.0023, 59.9958, -0.0009
-0.0020, 59.9954, -0.0009
-0.0020, 59.9956, -0.0004
-0.0021, 59.9957, -0.0008
-0.0022, 59.9955, -0.0003
-0.0020, 59.9953, -0.0006
-0.0020, 59.9954, -0.0005
-0.0019, 59.9955, -0.0003
-0.0019, 59.9953, -0.0003
-0.0023, 59.9956, -0.0001
-0.0022, 59.9954, -0.0004
-0.0022, 59.9951, -0.0004
-0.0021, 59.9953, -0.0006
-0.0022, 59.9953, -0.0007
-0.0024, 59.9954, -0.0006
-0.0021, 59.9954, -0.0004
-0.0020, 59.9952, -0.0005
-0.0021, 59.9951, -0.0006
-0.0022, 59.9950, -0.0009
-0.0022, 59.9951, -0.0006
-0.0021, 59.9949, -0.0010
-0.0021, 59.9948, -0.0008
-0.0022, 59.9948, -0.0009
-0.0024, 59.9953, -0.0008
-0.0022, 59.9951, -0.0009
-0.0022, 59.9951, -0.0006
-0.0022, 59.9951, -0.0008
-0.0023, 59.9946, -0.0010
-0.0020, 59.9946, -0.0005
-0.0020, 59.9944, -0.0008
-0.0022, 59.9950, -0.0007
-0.0023, 59.9949, -0.0007
-0.0023, 59.9947, -0.0004
-0.0023, 59.9947, -0.0009
-0.0023, 59.9946, -0.0008
-0.0023, 59.9947, -0.0008
-0.0022, 59.9945, -0.0006
-0.0023, 59.9946, -0.0012
-0.0022, 59.9944, -0.0005
-0.0022, 59.9946, -0.0007
-0.0021, 59.9947, -0.0004
-0.0021, 59.9944, -0.0008
-0.0024, 59.9944, -0.0007
-0.0022, 59.9945, -0.0005
-0.0021, 59.9943, -0.0011
-0.0022, 59.9943, -0.0012
-0.0024, 59.9946, -0.0006
-0.0022, 59.9944, -0.0010
-0.0021, 59.9941, -0.0007
-0.0023, 59.9943, -0.0010
-0.0023, 59.9946, -0.0007
-0.0023, 59.9941, -0.0009
-0.0022, 59.9940, -0.0007
-0.0023, 59.9940, -0.0008
-0.0022, 59.9942, -0.0007
-0.0023, 59.9939, -0.0006
-0.0024, 59.9941, -0.0009
-0.0022, 59.9940, -0.0007
-0.0022, 59.9938, -0.0006
-0.0022, 59.9937, -0.0010
-0.0022, 59.9937, -0.0005
-0.0022, 59.9935, -0.0008
-0.0021, 59.9933, -0.0006
-0.0022, 59.9934, -0.0008
-0.0021, 59.9936, -0.0007
-0.0021, 59.9933, -0.0004
-0.0022, 59.9936, -0.0005
-0.0021, 59.9932, -0.0008
-0.0021, 59.9932, -0.0010
-0.0022, 59.9935, -0.0010
-0.0022, 59.9933, -0.0008
-0.0022, 59.9932, -0.0007
-0.0021, 59.9931, -0.0008
-0.0021, 59.9932, -0.0009
-0.0021, 59.9932, -0.0006
-0.0020, 59.9930, -0.0010
-0.0020, 59.9929, -0.0009
-0.0020, 59.9930, -0.0009
-0.0021, 59.9932, -0.0010
-0.0021, 59.9931, -0.0007
-0.0022, 59.9928, -0.0010
-0.0022, 59.9931, -0.0010
-0.0021, 59.9930, -0.0010
-0.0020, 59.9927, -0.0011
-0.0021, 59.9926, -0.0009
-0.0019, 59.9925, -0.0009
-0.0020, 59.9926, -0.0007
-0.0021, 59.9927, -0.0007
-0.0023, 59.9927, -0.0010
-0.0019, 59.9924, -0.0005
-0.0021, 59.9927, -0.0006
-0.0020, 59.9926, -0.0008
-0.0022, 59.9924, -0.0004
-0.0021, 59.9924, -0.0004
-0.0022, 59.9921, -0.0003
-0.0021, 59.9920, -0.0007
-0.0021, 59.9923, -0.0007
-0.0019, 59.9920, -0.0005
-0.0020, 59.9922, -0.0003
-0.0021, 59.9921, -0.0005
-0.0021, 59.9920, -0.0006
-0.0023, 59.9921, -0.0005
-0.0022, 59.9918, -0.0007
-0.0020, 59.9919, -0.0001
-0.0021, 59.9921, -0.0006
-0.0019, 59.9919, -0.0007
-0.0022, 59.9919, -0.0008
-0.0023, 59.9921, -0.0006
-0.0019, 59.9916, -0.0009
-0.0018, 59.9916, -0.0006
-0.0020, 59.9917, -0.0010
-0.0019, 59.9914, -0.0008
-0.0020, 59.9916, -0.0006
-0.0018, 59.9913, -0.0009
-0.0019, 59.9915, -0.0007
-0.0017, 59.9913, -0.0007
-0.0019, 59.9912, -0.0009
-0.0018, 59.9909, -0.0007
-0.0019, 59.9910, -0.0009
-0.0016, 59.9906, -0.0007
-0.0018, 59.9908, -0.0010
-0.0015, 59.9906, -0.0010
-0.0018, 59.9908, -0.0010
-0.0018, 59.9906, -0.0010
-0.0018, 59.9905, -0.0010
-0.0017, 59.9903, -0.0009
-0.0019, 59.9901, -0.0009
-0.0018, 59.9900, -0.0013
-0.0018, 59.9895, -0.0011
-0.0016, 59.9898, -0.0008
-0.0018, 59.9896, -0.0009
-0.0016, 59.9891, -0.0006
-0.0012, 59.9891, -0.0007
-0.0015, 59.9889, -0.0004
-0.0012, 59.9886, -0.0005
-0.0011, 59.9883, -0.0006
-0.0013, 59.9882, -0.0007
-0.0011, 59.9878, -0.0011
-0.0012, 59.9877, -0.0008
-0.0009, 59.9873, -0.0003
-0.0009, 59.9867, -0.0007
-0.0006, 59.9862, -0.0005
-0.0006, 59.9862, -0.0005
-0.0005, 59.9855, -0.0007
-0.0006, 59.9853, -0.0006
-0.0003, 59.9848, -0.0004
-0.0001, 59.9845, -0.0003
-0.0001, 59.9839, -0.0006
0.0003, 59.9834, -0.0003
0.0004, 59.9828, -0.0001
0.0006, 59.9826, -0.0002
0.0007, 59.9820, -0.0003
0.0010, 59.9820, -0.0004
0.0012, 59.9813, -0.0001
0.0012, 59.9811, 0.0000
0.0010, 59.9807, -0.0003
0.0010, 59.9806, -0.0000
0.0012, 59.9802, -0.0001
0.0011, 59.9801, -0.0003
0.0015, 59.9794, -0.0001
0.0014, 59.9795, -0.0002
0.0014, 59.9795, 0.0002
0.0015, 59.9792, 0.0000
0.0017, 59.9785, 0.0000
0.0017, 59.9786, -0.0002
0.0018, 59.9787, 0.0003
0.0017, 59.9784, -0.0000
0.0016, 59.9786, 0.0004
0.0019, 59.9781, 0.0000
0.0017, 59.9780, -0.0000
0.0018, 59.9776, -0.0003
0.0019, 59.9777, -0.0001
0.0020, 59.9776, -0.0000
0.0022, 59.9773, 0.0003
0.0022, 59.9767, 0.0000
0.0021, 59.9768, 0.0001
0.0019, 59.9765, -0.0002
0.0020, 59.9766, 0.0002
0.0023, 59.9759, 0.0002
0.0022, 59.9762, 0.0003
0.0023, 59.9761, 0.0003
0.0023, 59.9757, 0.0005
0.0025, 59.9755, 0.0002
0.0028, 59.9750, 0.0003
0.0028, 59.9746, 0.0006
0.0028, 59.9747, 0.0004
0.0027, 59.9744, 0.0003
0.0029, 59.9741, 0.0001
0.0030, 59.9737, 0.0001
0.0033, 59.9734, 0.0004
0.0030, 59.9733, 0.0006
0.0031, 59.9730, 0.0005
0.0031, 59.9726, 0.0004
0.0036, 59.9722, 0.0006
0.0036, 59.9723, 0.0007
0.0037, 59.9717, 0.0007
0.0038, 59.9713, 0.0006
0.0038, 59.9707, 0.0007
0.0040, 59.9705, 0.0008
0.0040, 59.9702, 0.0009
0.0041, 59.9699, 0.0011
0.0041, 59.9696, 0.0004
0.0042, 59.9695, 0.0008
0.0043, 59.9691, 0.0005
0.0043, 59.9693, 0.0006
0.0047, 59.9687, 0.0006
0.0046, 59.9688, 0.0010
0.0045, 59.9685, 0.0004
0.0048, 59.9679, 0.0010
0.0048, 59.9679, 0.0008
0.0047, 59.9676, 0.0008
0.0047, 59.9672, 0.0006
0.0048, 59.9673, 0.0005
0.0050, 59.9666, 0.0009
0.0050, 59.9665, 0.0008
0.0050, 59.9663, 0.0008
0.0052, 59.9661, 0.0007
0.0053, 59.9657, 0.0008
0.0052, 59.9655, 0.0007
0.0054, 59.9650, 0.0010
0.0053, 59.9648, 0.0007
0.0053, 59.9644, 0.0009
0.0055, 59.9644, 0.0010
0.0057, 59.9641, 0.0010
0.0058, 59.9634, 0.0006
0.0059, 59.9630, 0.0010
0.0061, 59.9626, 0.0009
0.0061, 59.9625, 0.0012
0.0064, 59.9620, 0.0013
0.0064, 59.9615, 0.0011
0.0064, 59.9610, 0.0011
0.0067, 59.9605, 0.0015
0.0067, 59.9603, 0.0013
0.0068, 59.9598, 0.0016
0.0071, 59.9593, 0.0014
0.0073, 59.9587, 0.0017
0.0074, 59.9582, 0.0015
0.0074, 59.9581, 0.0016
0.0073, 59.9578, 0.0016
0.0077, 59.9569, 0.0015
0.0078, 59.9564, 0.0013
0.0080, 59.9562, 0.0017
0.0081, 59.9556, 0.0016
0.0082, 59.9554, 0.0018
0.0083, 59.9551, 0.0015
0.0083, 59.9548, 0.0018
0.0085, 59.9542, 0.0016
0.0088, 59.9537, 0.0018
0.0090, 59.9530, 0.0017
0.0092, 59.9525, 0.0019
0.0092, 59.9523, 0.0020
0.0093, 59.9518, 0.0018
0.0094, 59.9511, 0.0024
0.0095, 59.9508, 0.0020
0.0097, 59.9501, 0.0018
0.0097, 59.9498, 0.0016
0.0100, 59.9493, 0.0021
0.0102, 59.9485, 0.0021
0.0103, 59.9480, 0.0025
0.0103, 59.9480, 0.0022
0.0105, 59.9476, 0.0026
0.0108, 59.9469, 0.0023
0.0107, 59.9467, 0.0023
0.0110, 59.9461, 0.0023
0.0109, 59.9456, 0.0026
0.0111, 59.9454, 0.0026
0.0111, 59.9450, 0.0028
0.0113, 59.9445, 0.0025
0.0114, 59.9441, 0.0026
0.0115, 59.9436, 0.0026
0.0115, 59.9434, 0.0030
0.0117, 59.9426, 0.0028
0.0119, 59.9421, 0.0028
0.0120, 59.9415, 0.0030
0.0122, 59.9409, 0.0032
0.0125, 59.9408, 0.0028
0.0126, 59.9402, 0.0029
0.0128, 59.9396, 0.0027
0.0127, 59.9392, 0.0031
0.0129, 59.9390, 0.0030
0.0131, 59.9383, 0.0029
0.0130, 59.9382, 0.0029
0.0132, 59.9375, 0.0029
0.0133, 59.9372, 0.0030
0.0135, 59.9366, 0.0032
0.0137, 59.9360, 0.0033
0.0135, 59.9359, 0.0031
0.0138, 59.9354, 0.0029
0.0140, 59.9347, 0.0025
0.0141, 59.9344, 0.0032
0.0146, 59.9331, 0.0031
0.0144, 59.9331, 0.0027
0.0147, 59.9327, 0.0034
0.0147, 59.9323, 0.0034
0.0149, 59.9318, 0.0033
0.0152, 59.9308, 0.0032
0.0150, 59.9306, 0.0029
0.0152, 59.9302, 0.0037
0.0156, 59.9293, 0.0032
0.0155, 59.9289, 0.0034
0.0155, 59.9283, 0.0032
0.0158, 59.9278, 0.0030
0.0157, 59.9275, 0.0032
0.0159, 59.9268, 0.0035
0.0161, 59.9262, 0.0031
0.0161, 59.9258, 0.0032
0.0164, 59.9250, 0.0032
0.0164, 59.9247, 0.0032
0.0164, 59.9241, 0.0034
0.0165, 59.9234, 0.0038
0.0166, 59.9228, 0.0035
0.0166, 59.9223, 0.0032
0.0164, 59.9216, 0.0031
0.0164, 59.9213, 0.0029
0.0164, 59.9207, 0.0036
0.0161, 59.9203, 0.0030
0.0159, 59.9195, 0.0030
0.0154, 59.9185, 0.0024
0.0148, 59.9179, 0.0017
0.0140, 59.9171, 0.0022
0.0128, 59.9156, 0.0016
0.0109, 59.9149, 0.0002
0.0092, 59.9133, -0.0008
0.0072, 59.9123, -0.0019
0.0052, 59.9106, -0.0029
0.0033, 59.9097, -0.0038
0.0015, 59.9080, -0.0054
-0.0002, 59.9073, -0.0061
-0.0019, 59.9059, -0.0070
-0.0035, 59.9046, -0.0086
-0.0049, 59.9034, -0.0093
-0.0068, 59.9024, -0.0103
-0.0081, 59.9011, -0.0108
-0.0096, 59.8998, -0.0117
-0.0110, 59.8988, -0.0124
-0.0125, 59.8980, -0.0129
-0.0136, 59.8970, -0.0135
-0.0150, 59.8962, -0.0145
-0.0162, 59.8955, -0.0144
-0.0173, 59.8945, -0.0154
-0.0183, 59.8936, -0.0161
-0.0194, 59.8931, -0.0166
-0.0205, 59.8926, -0.0168
-0.0212, 59.8917, -0.0174
-0.0216, 59.8907, -0.0175
-0.0224, 59.8897, -0.0183
-0.0229, 59.8887, -0.0188
-0.0236, 59.8881, -0.0194
-0.0241, 59.8870, -0.0199
-0.0248, 59.8864, -0.0200
-0.0248, 59.8850, -0.0203
-0.0254, 59.8846, -0.0205
-0.0257, 59.8835, -0.0210
-0.0256, 59.8826, -0.0211
-0.0258, 59.8818, -0.0212
-0.0259, 59.8810, -0.0216
-0.0258, 59.8802, -0.0215
-0.0256, 59.8796, -0.0213
-0.0255, 59.8785, -0.0218
-0.0254, 59.8782, -0.0214
-0.0252, 59.8772, -0.0215
-0.0251, 59.8769, -0.0220
-0.0246, 59.8761, -0.0220
-0.0245, 59.8752, -0.0225
-0.0245, 59.8741, -0.0225
-0.0243, 59.8737, -0.0224
-0.0243, 59.8730, -0.0226
-0.0240, 59.8722, -0.0225
-0.0241, 59.8716, -0.0226
-0.0239, 59.8709, -0.0228
-0.0235, 59.8702, -0.0228
-0.0235, 59.8699, -0.0225
-0.0233, 59.8690, -0.0228
-0.0229, 59.8682, -0.0224
-0.0227, 59.8677, -0.0223
-0.0225, 59.8670, -0.0225
-0.0221, 59.8660, -0.0221
-0.0223, 59.8656, -0.0226
-0.0221, 59.8646, -0.0222
-0.0219, 59.8639, -0.0228
-0.0216, 59.8632, -0.0221
-0.0214, 59.8625, -0.0223
-0.0214, 59.8616, -0.0223
-0.0212, 59.8608, -0.0222
-0.0210, 59.8604, -0.0223
-0.0206, 59.8593, -0.0223
-0.0204, 59.8588, -0.0217
-0.0202, 59.8579, -0.0219
-0.0199, 59.8572, -0.0219
-0.0197, 59.8564, -0.0218
-0.0196, 59.8555, -0.0217
-0.0193, 59.8549, -0.0216
-0.0191, 59.8540, -0.0218
-0.0191, 59.8534, -0.0225
-0.0189, 59.8526, -0.0218
-0.0187, 59.8518, -0.0223
-0.0185, 59.8515, -0.0215
-0.0183, 59.8505, -0.0217
-0.0180, 59.8497, -0.0216
-0.0179, 59.8491, -0.0216
-0.0174, 59.8477, -0.0218
-0.0174, 59.8475, -0.0215
-0.0172, 59.8464, -0.0222
-0.0172, 59.8456, -0.0217
-0.0172, 59.8450, -0.0218
-0.0170, 59.8441, -0.0220
-0.0167, 59.8432, -0.0215
-0.0167, 59.8430, -0.0219
-0.0167, 59.8424, -0.0215
-0.0167, 59.8415, -0.0218
-0.0163, 59.8404, -0.0220
-0.0162, 59.8399, -0.0218
-0.0163, 59.8391, -0.0221
-0.0160, 59.8384, -0.0215
-0.0161, 59.8377, -0.0219
-0.0159, 59.8366, -0.0224
-0.0157, 59.8359, -0.0217
-0.0159, 59.8349, -0.0223
-0.0160, 59.8344, -0.0224
-0.0157, 59.8332, -0.0223
-0.0159, 59.8320, -0.0222
-0.0163, 59.8314, -0.0225
-0.0162, 59.8302, -0.0227
-0.0163, 59.8291, -0.0228
-0.0165, 59.8278, -0.0227
-0.0167, 59.8267, -0.0230
-0.0172, 59.8256, -0.0234
-0.0177, 59.8244, -0.0237
-0.0179, 59.8228, -0.0238
-0.0181, 59.8214, -0.0242
-0.0184, 59.8202, -0.0240
-0.0190, 59.8189, -0.0247
-0.0193, 59.8174, -0.0251
-0.0196, 59.8160, -0.0255
-0.0197, 59.8150, -0.0254
-0.0197, 59.8135, -0.0257
-0.0199, 59.8119, -0.0259
-0.0200, 59.8104, -0.0259
-0.0201, 59.8093, -0.0259
-0.0201, 59.8079, -0.0263
-0.0201, 59.8065, -0.0265
-0.0203, 59.8054, -0.0266
-0.0201, 59.8040, -0.0266
-0.0199, 59.8026, -0.0265
-0.0202, 59.8015, -0.0268
-0.0201, 59.8003, -0.0271
-0.0199, 59.7990, -0.0276
-0.0197, 59.7976, -0.0272
-0.0198, 59.7966, -0.0276
-0.0197, 59.7955, -0.0276
-0.0198, 59.7943, -0.0280
-0.0197, 59.7931, -0.0278
-0.0200, 59.7922, -0.0281
-0.0199, 59.7908, -0.0283
-0.0199, 59.7896, -0.0286
-0.0196, 59.7883, -0.0282
-0.0199, 59.7872, -0.0289
-0.0202, 59.7866, -0.0287
-0.0201, 59.7853, -0.0289
-0.0199, 59.7842, -0.0291
-0.0200, 59.7832, -0.0292
-0.0203, 59.7825, -0.0295
-0.0205, 59.7815, -0.0297
-0.0205, 59.7805, -0.0298
-0.0205, 59.7791, -0.0296
-0.0205, 59.7780, -0.0298
-0.0206, 59.7771, -0.0300
-0.0207, 59.7764, -0.0301
-0.0207, 59.7754, -0.0305
-0.0210, 59.7744, -0.0306
-0.0213, 59.7736, -0.0309
-0.0212, 59.7725, -0.0312
-0.0212, 59.7714, -0.0306
-0.0215, 59.7708, -0.0313
-0.0215, 59.7694, -0.0311
-0.0217, 59.7686, -0.0315
-0.0217, 59.7676, -0.0313
-0.0219, 59.7668, -0.0311
-0.0220, 59.7658, -0.0316
-0.0221, 59.7647, -0.0318
-0.0223, 59.7639, -0.0323
-0.0221, 59.7632, -0.0320
-0.0223, 59.7623, -0.0325
-0.0222, 59.7613, -0.0323
-0.0223, 59.7603, -0.0325
-0.0223, 59.7591, -0.0326
-0.0223, 59.7585, -0.0329
-0.0221, 59.7575, -0.0327
-0.0222, 59.7569, -0.0330
-0.0222, 59.7560, -0.0331
-0.0221, 59.7552, -0.0335
-0.0224, 59.7547, -0.0331
-0.0223, 59.7536, -0.0336
-0.0225, 59.7527, -0.0340
-0.0222, 59.7519, -0.0338
-0.0221, 59.7510, -0.0342
-0.0224, 59.7504, -0.0338
-0.0224, 59.7496, -0.0343
-0.0224, 59.7485, -0.0343
-0.0223, 59.7478, -0.0344
-0.0226, 59.7472, -0.0341
-0.0227, 59.7462, -0.0348
-0.0227, 59.7453, -0.0349
-0.0226, 59.7442, -0.0351
-0.0227, 59.7437, -0.0353
-0.0231, 59.7428, -0.0356
-0.0229, 59.7421, -0.0353
-0.0231, 59.7413, -0.0359
-0.0231, 59.7407, -0.0359
-0.0231, 59.7394, -0.0361
-0.0234, 59.7391, -0.0355
-0.0232, 59.7381, -0.0363
-0.0236, 59.7377, -0.0363
-0.0235, 59.7368, -0.0365
-0.0234, 59.7362, -0.0361
-0.0233, 59.7350, -0.0365
-0.0234, 59.7351, -0.0364
-0.0234, 59.7338, -0.0368
-0.0234, 59.7335, -0.0368
-0.0237, 59.7331, -0.0367
-0.0236, 59.7322, -0.0371
-0.0234, 59.7314, -0.0366
-0.0235, 59.7305, -0.0373
-0.0235, 59.7297, -0.0373
-0.0233, 59.7288, -0.0372
-0.0234, 59.7281, -0.0372
-0.0232, 59.7271, -0.0373
-0.0229, 59.7261, -0.0375
-0.0229, 59.7254, -0.0379
-0.0229, 59.7246, -0.0373
-0.0229, 59.7235, -0.0378
-0.0230, 59.7230, -0.0380
-0.0231, 59.7219, -0.0379
-0.0228, 59.7206, -0.0377
-0.0230, 59.7200, -0.0379
-0.0230, 59.7191, -0.0381
-0.0229, 59.7177, -0.0380
-0.0234, 59.7168, -0.0388
-0.0235, 59.7160, -0.0385
-0.0238, 59.7147, -0.0385
-0.0239, 59.7133, -0.0390
-0.0244, 59.7125, -0.0395
-0.0247, 59.7109, -0.0397
-0.0249, 59.7096, -0.0399
-0.0257, 59.7087, -0.0399
-0.0263, 59.7074, -0.0409
-0.0268, 59.7063, -0.0410
-0.0274, 59.7048, -0.0412
-0.0279, 59.7035, -0.0418
-0.0285, 59.7021, -0.0425
-0.0292, 59.7011, -0.0429
-0.0297, 59.6998, -0.0429
-0.0304, 59.6991, -0.0433
-0.0311, 59.6979, -0.0442
-0.0315, 59.6967, -0.0441
-0.0319, 59.6959, -0.0442
-0.0319, 59.6944, -0.0445
-0.0325, 59.6937, -0.0449
-0.0326, 59.6923, -0.0449
-0.0327, 59.6914, -0.0449
-0.0329, 59.6902, -0.0453
-0.0332, 59.6894, -0.0456
-0.0333, 59.6885, -0.0459
-0.0334, 59.6875, -0.0456
-0.0333, 59.6867, -0.0458
-0.0335, 59.6858, -0.0458
-0.0335, 59.6847, -0.0465
-0.0334, 59.6836, -0.0461
-0.0333, 59.6828, -0.0466
-0.0334, 59.6819, -0.0461
-0.0334, 59.6813, -0.0465
-0.0334, 59.6801, -0.0464
-0.0332, 59.6793, -0.0470
-0.0333, 59.6786, -0.0467
-0.0331, 59.6775, -0.0469
-0.0333, 59.6766, -0.0470
-0.0333, 59.6758, -0.0473
-0.0331, 59.6747, -0.0469
-0.0333, 59.6738, -0.0476
-0.0334, 59.6730, -0.0476
-0.0335, 59.6724, -0.0480
-0.0335, 59.6713, -0.0479
-0.0337, 59.6703, -0.0482
-0.0336, 59.6691, -0.0480
-0.0337, 59.6684, -0.0482
-0.0338, 59.6677, -0.0485
-0.0342, 59.6668, -0.0492
-0.0344, 59.6659, -0.0490
-0.0346, 59.6649, -0.0490
-0.0348, 59.6642, -0.0497
-0.0348, 59.6631, -0.0495
-0.0350, 59.6621, -0.0498
-0.0355, 59.6611, -0.0502
-0.0354, 59.6602, -0.0499
-0.0358, 59.6591, -0.0503
-0.0359, 59.6578, -0.0507
-0.0360, 59.6568, -0.0507
-0.0361, 59.6559, -0.0514
-0.0364, 59.6551, -0.0512
-0.0363, 59.6542, -0.0511
-0.0364, 59.6533, -0.0514
-0.0366, 59.6524, -0.0515
-0.0369, 59.6517, -0.0517
-0.0370, 59.6511, -0.0517
-0.0366, 59.6495, -0.0520
-0.0365, 59.6486, -0.0519
-0.0366, 59.6479, -0.0521
-0.0368, 59.6470, -0.0522
-0.0367, 59.6461, -0.0519
-0.0366, 59.6450, -0.0519
-0.0365, 59.6440, -0.0521
-0.0365, 59.6433, -0.0522
-0.0362, 59.6419, -0.0527
-0.0360, 59.6408, -0.0527
-0.0360, 59.6400, -0.0523
-0.0358, 59.6388, -0.0529
-0.0356, 59.6374, -0.0526
-0.0354, 59.6364, -0.0527
-0.0355, 59.6355, -0.0528
-0.0352, 59.6341, -0.0526
-0.0349, 59.6327, -0.0528
-0.0349, 59.6318, -0.0531
-0.0350, 59.6307, -0.0531
-0.0349, 59.6298, -0.0532
-0.0347, 59.6287, -0.0533
-0.0345, 59.6273, -0.0531
-0.0343, 59.6261, -0.0530
-0.0343, 59.6251, -0.0530
-0.0342, 59.6239, -0.0534
-0.0342, 59.6227, -0.0533
-0.0343, 59.6216, -0.0536
-0.0341, 59.6204, -0.0538
-0.0341, 59.6191, -0.0543
-0.0344, 59.6181, -0.0540
-0.0343, 59.6169, -0.0544
-0.0344, 59.6156, -0.0543
-0.0344, 59.6145, -0.0544
-0.0345, 59.6134, -0.0550
-0.0347, 59.6122, -0.0550
-0.0347, 59.6109, -0.0550
-0.0347, 59.6095, -0.0557
-0.0347, 59.6082, -0.0552
-0.0346, 59.6071, -0.0555
-0.0347, 59.6061, -0.0557
-0.0346, 59.6049, -0.0555
-0.0345, 59.6036, -0.0558
-0.0347, 59.6025, -0.0561
-0.0345, 59.6010, -0.0556
-0.0345, 59.5997, -0.0560
-0.0343, 59.5987, -0.0557
-0.0343, 59.5971, -0.0560
-0.0347, 59.5965, -0.0564
-0.0348, 59.5951, -0.0563
-0.0348, 59.5935, -0.0567
-0.0353, 59.5921, -0.0568
-0.0352, 59.5906, -0.0574
-0.0356, 59.5891, -0.0576
-0.0362, 59.5879, -0.0581
-0.0365, 59.5861, -0.0583
-0.0371, 59.5850, -0.0584
-0.0375, 59.5834, -0.0591
-0.0382, 59.5817, -0.0598
-0.0386, 59.5800, -0.0599
-0.0387, 59.5782, -0.0601
-0.0391, 59.5766, -0.0608
-0.0391, 59.5745, -0.0614
-0.0393, 59.5727, -0.0615
-0.0395, 59.5713, -0.0617
-0.0393, 59.5690, -0.0618
-0.0394, 59.5674, -0.0620
-0.0394, 59.5659, -0.0620
-0.0392, 59.5636, -0.0622
-0.0390, 59.5615, -0.0622
-0.0391, 59.5598, -0.0620
-0.0391, 59.5576, -0.0627
-0.0392, 59.5557, -0.0627
-0.0389, 59.5531, -0.0629
-0.0393, 59.5515, -0.0632
-0.0394, 59.5492, -0.0635
-0.0396, 59.5468, -0.0637
-0.0396, 59.5445, -0.0643
-0.0396, 59.5418, -0.0644
-0.0397, 59.5393, -0.0650
-0.0396, 59.5371, -0.0649
-0.0395, 59.5344, -0.0654
-0.0396, 59.5322, -0.0654
-0.0396, 59.5297, -0.0657
-0.0396, 59.5270, -0.0659
-0.0393, 59.5244, -0.0662
-0.0391, 59.5216, -0.0662
-0.0389, 59.5191, -0.0662
-0.0386, 59.5161, -0.0662
-0.0384, 59.5132, -0.0668
-0.0382, 59.5099, -0.0671
-0.0380, 59.5072, -0.0669
-0.0378, 59.5039, -0.0673
-0.0378, 59.5012, -0.0676
-0.0375, 59.4976, -0.0678
-0.0373, 59.4948, -0.0684
-0.0373, 59.4919, -0.0689
-0.0371, 59.4888, -0.0685
-0.0369, 59.4857, -0.0690
-0.0368, 59.4827, -0.0693
-0.0365, 59.4794, -0.0695
-0.0363, 59.4763, -0.0701
-0.0358, 59.4727, -0.0697
-0.0359, 59.4700, -0.0704
-0.0356, 59.4666, -0.0705
-0.0352, 59.4629, -0.0706
-0.0348, 59.4598, -0.0710
-0.0347, 59.4567, -0.0709
-0.0344, 59.4532, -0.0713
-0.0341, 59.4497, -0.0714
-0.0339, 59.4463, -0.0720
-0.0337, 59.4434, -0.0718
-0.0332, 59.4397, -0.0719
-0.0331, 59.4363, -0.0721
-0.0329, 59.4331, -0.0722
-0.0325, 59.4293, -0.0728
-0.0322, 59.4259, -0.0727
-0.0319, 59.4228, -0.0729
-0.0317, 59.4190, -0.0731
-0.0314, 59.4153, -0.0734
-0.0309, 59.4117, -0.0735
-0.0305, 59.4081, -0.0742
-0.0303, 59.4048, -0.0740
-0.0298, 59.4009, -0.0743
-0.0295, 59.3973, -0.0744
-0.0291, 59.3936, -0.0748
-0.0286, 59.3896, -0.0747
-0.0281, 59.3857, -0.0747
-0.0279, 59.3821, -0.0749
-0.0276, 59.3779, -0.0753
-0.0273, 59.3739, -0.0757
-0.0273, 59.3700, -0.0760
-0.0271, 59.3662, -0.0763
-0.0268, 59.3624, -0.0764
-0.0266, 59.3580, -0.0772
-0.0264, 59.3541, -0.0777
-0.0261, 59.3498, -0.0780
-0.0260, 59.3461, -0.0785
-0.0259, 59.3418, -0.0792
-0.0259, 59.3382, -0.0792
-0.0255, 59.3344, -0.0796
-0.0250, 59.3297, -0.0799
-0.0247, 59.3253, -0.0805
-0.0244, 59.3210, -0.0806
-0.0242, 59.3172, -0.0810
-0.0241, 59.3129, -0.0812
-0.0238, 59.3083, -0.0816
-0.0235, 59.3041, -0.0818
-0.0232, 59.2996, -0.0822
-0.0230, 59.2955, -0.0827
-0.0230, 59.2912, -0.0832
-0.0228, 59.2868, -0.0837
-0.0222, 59.2820, -0.0839
-0.0222, 59.2779, -0.0846
-0.0220, 59.2729, -0.0845
-0.0219, 59.2683, -0.0856
-0.0218, 59.2639, -0.0857
-0.0216, 59.2589, -0.0862
-0.0215, 59.2536, -0.0869
-0.0214, 59.2491, -0.0875
-0.0214, 59.2445, -0.0873
-0.0214, 59.2394, -0.0891
-0.0211, 59.2339, -0.0896
-0.0210, 59.2287, -0.0903
-0.0210, 59.2231, -0.0913
-0.0208, 59.2180, -0.0918
-0.0208, 59.2127, -0.0925
-0.0207, 59.2073, -0.0939
-0.0206, 59.2012, -0.0948
-0.0205, 59.1957, -0.0950
-0.0205, 59.1900, -0.0959
-0.0202, 59.1844, -0.0967
-0.0202, 59.1787, -0.0972
-0.0202, 59.1728, -0.0982
-0.0197, 59.1663, -0.0993
-0.0199, 59.1605, -0.1001
-0.0198, 59.1547, -0.1014
-0.0198, 59.1489, -0.1018
-0.0198, 59.1428, -0.1029
-0.0196, 59.1366, -0.1037
-0.0196, 59.1311, -0.1044
-0.0196, 59.1248, -0.1053
-0.0193, 59.1187, -0.1064
-0.0194, 59.1128, -0.1073
-0.0193, 59.1067, -0.1080
-0.0189, 59.1005, -0.1089
-0.0186, 59.0941, -0.1099
-0.0183, 59.0880, -0.1106
-0.0180, 59.0816, -0.1118
-0.0181, 59.0753, -0.1125
-0.0179, 59.0687, -0.1134
-0.0179, 59.0627, -0.1142
-0.0176, 59.0562, -0.1150
-0.0174, 59.0500, -0.1162
-0.0174, 59.0439, -0.1170
-0.0172, 59.0371, -0.1179
-0.0172, 59.0309, -0.1188
-0.0170, 59.0243, -0.1199
-0.0169, 59.0180, -0.1207
-0.0168, 59.0119, -0.1219
-0.0168, 59.0057, -0.1227
-0.0168, 58.9995, -0.1239
-0.0167, 58.9933, -0.1244
-0.0168, 58.9868, -0.1257
-0.0169, 58.9805, -0.1267
-0.0168, 58.9740, -0.1278
-0.0167, 58.9675, -0.1287
-0.0165, 58.9608, -0.1294
-0.0165, 58.9542, -0.1310
-0.0164, 58.9472, -0.1321
-0.0166, 58.9410, -0.1334
-0.0164, 58.9343, -0.1338
-0.0163, 58.9275, -0.1354
-0.0161, 58.9204, -0.1363
-0.0161, 58.9140, -0.1377
-0.0159, 58.9071, -0.1386
-0.0158, 58.8997, -0.1396
-0.0155, 58.8926, -0.1406
-0.0152, 58.8851, -0.1419
-0.0151, 58.8782, -0.1433
-0.0148, 58.8707, -0.1446
-0.0148, 58.8636, -0.1458
-0.0146, 58.8566, -0.1466
-0.0143, 58.8492, -0.1477
-0.0143, 58.8415, -0.1489
-0.0142, 58.8344, -0.1500
-0.0139, 58.8270, -0.1512
-0.0141, 58.8200, -0.1526
-0.0136, 58.8126, -0.1534
-0.0133, 58.8052, -0.1545
-0.0134, 58.7986, -0.1556
-0.0132, 58.7918, -0.1568
-0.0130, 58.7844, -0.1581
-0.0130, 58.7781, -0.1587
-0.0127, 58.7710, -0.1598
-0.0129, 58.7648, -0.1611
-0.0130, 58.7584, -0.1626
-0.0135, 58.7520, -0.1643
-0.0135, 58.7455, -0.1649
-0.0138, 58.7394, -0.1664
-0.0143, 58.7334, -0.1677
-0.0146, 58.7273, -0.1690
-0.0153, 58.7209, -0.1701
-0.0156, 58.7148, -0.1718
-0.0162, 58.7091, -0.1731
-0.0172, 58.7034, -0.1749
-0.0179, 58.6977, -0.1764
-0.0189, 58.6924, -0.1776
-0.0198, 58.6869, -0.1794
-0.0210, 58.6814, -0.1809
-0.0220, 58.6764, -0.1826
-0.0231, 58.6711, -0.1842
-0.0243, 58.6658, -0.1860
-0.0259, 58.6607, -0.1879
-0.0268, 58.6557, -0.1896
-0.0281, 58.6505, -0.1914
-0.0295, 58.6458, -0.1935
-0.0308, 58.6414, -0.1944
-0.0319, 58.6366, -0.1964
-0.0335, 58.6320, -0.1984
-0.0349, 58.6273, -0.2005
-0.0365, 58.6227, -0.2020
-0.0382, 58.6180, -0.2039
-0.0399, 58.6134, -0.2057
-0.0415, 58.6093, -0.2079
-0.0429, 58.6047, -0.2098
-0.0446, 58.6005, -0.2121
-0.0462, 58.5958, -0.2140
-0.0478, 58.5915, -0.2159
-0.0491, 58.5871, -0.2176
-0.0506, 58.5824, -0.2194
-0.0521, 58.5778, -0.2218
-0.0537, 58.5735, -0.2233
-0.0553, 58.5692, -0.2254
-0.0568, 58.5648, -0.2270
-0.0584, 58.5607, -0.2294
-0.0597, 58.5560, -0.2311
-0.0613, 58.5518, -0.2336
-0.0631, 58.5481, -0.2347
-0.0646, 58.5439, -0.2371
-0.0662, 58.5400, -0.2390
-0.0680, 58.5356, -0.2413
-0.0693, 58.5312, -0.2429
-0.0712, 58.5270, -0.2449
-0.0727, 58.5231, -0.2472
-0.0746, 58.5191, -0.2493
-0.0763, 58.5151, -0.2512
-0.0779, 58.5108, -0.2530
-0.0792, 58.5066, -0.2556
-0.0807, 58.5029, -0.2567
-0.0820, 58.4986, -0.2594
-0.0835, 58.4945, -0.2610
-0.0851, 58.4906, -0.2628
-0.0866, 58.4869, -0.2648
-0.0881, 58.4826, -0.2672
-0.0895, 58.4784, -0.2690
-0.0910, 58.4743, -0.2710
-0.0926, 58.4700, -0.2732
-0.0943, 58.4657, -0.2754
-0.0957, 58.4619, -0.2764
-0.0971, 58.4573, -0.2791
-0.0985, 58.4528, -0.2811
-0.1002, 58.4485, -0.2836
-0.1018, 58.4441, -0.2852
-0.1033, 58.4395, -0.2879
-0.1047, 58.4351, -0.2896
-0.1062, 58.4309, -0.2919
-0.1077, 58.4269, -0.2937
-0.1089, 58.4219, -0.2956
-0.1102, 58.4175, -0.2979
-0.1117, 58.4130, -0.2995
-0.1131, 58.4081, -0.3019
-0.1146, 58.4039, -0.3037
-0.1158, 58.3988, -0.3060
-0.1172, 58.3940, -0.3080
-0.1184, 58.3888, -0.3103
-0.1198, 58.3838, -0.3124
-0.1214, 58.3789, -0.3147
-0.1227, 58.3739, -0.3165
-0.1244, 58.3693, -0.3192
-0.1257, 58.3639, -0.3213
-0.1272, 58.3595, -0.3231
-0.1284, 58.3540, -0.3253
-0.1296, 58.3489, -0.3274
-0.1310, 58.3437, -0.3294
-0.1326, 58.3382, -0.3318
-0.1342, 58.3333, -0.3342
-0.1359, 58.3282, -0.3365
-0.1374, 58.3226, -0.3391
-0.1391, 58.3170, -0.3418
-0.1405, 58.3113, -0.3435
-0.1418, 58.3055, -0.3462
-0.1435, 58.3002, -0.3483
-0.1453, 58.2951, -0.3511
-0.1469, 58.2892, -0.3537
-0.1488, 58.2833, -0.3565
-0.1504, 58.2776, -0.3587
-0.1522, 58.2720, -0.3611
-0.1538, 58.2662, -0.3639
-0.1554, 58.2600, -0.3664
-0.1568, 58.2537, -0.3689
-0.1585, 58.2475, -0.3713
-0.1601, 58.2412, -0.3741
-0.1620, 58.2353, -0.3765
-0.1635, 58.2286, -0.3792
-0.1650, 58.2218, -0.3819
-0.1669, 58.2155, -0.3850
-0.1686, 58.2085, -0.3872
-0.1704, 58.2017, -0.3905
-0.1717, 58.1946, -0.3932
-0.1732, 58.1873, -0.3963
-0.1748, 58.1798, -0.3990
-0.1768, 58.1726, -0.4018
-0.1784, 58.1645, -0.4049
-0.1801, 58.1570, -0.4079
-0.1817, 58.1490, -0.4104
-0.1836, 58.1417, -0.4135
-0.1853, 58.1335, -0.4167
-0.1868, 58.1246, -0.4197
-0.1886, 58.1163, -0.4227
-0.1903, 58.1080, -0.4260
-0.1922, 58.0995, -0.4289
-0.1937, 58.0913, -0.4317
-0.1954, 58.0827, -0.4352
-0.1971, 58.0744, -0.4382
-0.1989, 58.0658, -0.4414
-0.2005, 58.0564, -0.4448
-0.2025, 58.0479, -0.4485
-0.2042, 58.0391, -0.4513
-0.2057, 58.0302, -0.4544
-0.2074, 58.0208, -0.4578
-0.2091, 58.0118, -0.4616
-0.2104, 58.0024, -0.4644
-0.2119, 57.9931, -0.4682
-0.2134, 57.9842, -0.4712
-0.2147, 57.9751, -0.4746
-0.2165, 57.9659, -0.4780
-0.2177, 57.9568, -0.4811
-0.2193, 57.9475, -0.4849
-0.2206, 57.9380, -0.4881
-0.2221, 57.9289, -0.4915
-0.2236, 57.9194, -0.4952
-0.2251, 57.9104, -0.4985
-0.2266, 57.9013, -0.5024
-0.2280, 57.8917, -0.5055
-0.2292, 57.8824, -0.5088
-0.2307, 57.8729, -0.5123
-0.2320, 57.8634, -0.5157
-0.2330, 57.8538, -0.5190
-0.2344, 57.8446, -0.5226
-0.2354, 57.8348, -0.5262
-0.2368, 57.8256, -0.5297
-0.2381, 57.8163, -0.5328
-0.2393, 57.8066, -0.5367
-0.2406, 57.7966, -0.5400
-0.2417, 57.7870, -0.5437
-0.2428, 57.7774, -0.5468
-0.2442, 57.7681, -0.5502
-0.2452, 57.7579, -0.5545
-0.2464, 57.7487, -0.5578
-0.2479, 57.7397, -0.5611
-0.2491, 57.7305, -0.5645
-0.2502, 57.7217, -0.5682
-0.2511, 57.7128, -0.5710
-0.2525, 57.7040, -0.5747
-0.2535, 57.6951, -0.5780
-0.2547, 57.6865, -0.5810
-0.2556, 57.6774, -0.5838
-0.2569, 57.6695, -0.5866
-0.2583, 57.6615, -0.5888
-0.2593, 57.6534, -0.5908
-0.2602, 57.6451, -0.5916
-0.2619, 57.6376, -0.5929
-0.2630, 57.6295, -0.5939
-0.2639, 57.6215, -0.5948
-0.2646, 57.6138, -0.5958
-0.2658, 57.6067, -0.5968
-0.2667, 57.5989, -0.5978
-0.2682, 57.5919, -0.5994
-0.2692, 57.5840, -0.6007
-0.2704, 57.5766, -0.6025
-0.2715, 57.5694, -0.6037
-0.2724, 57.5621, -0.6052
-0.2734, 57.5542, -0.6075
-0.2743, 57.5464, -0.6092
-0.2754, 57.5385, -0.6105
-0.2765, 57.5305, -0.6126
-0.2776, 57.5228, -0.6149
-0.2786, 57.5153, -0.6170
-0.2793, 57.5076, -0.6188
-0.2799, 57.4997, -0.6212
-0.2806, 57.4916, -0.6232
-0.2815, 57.4834, -0.6256
-0.2822, 57.4749, -0.6281
-0.2830, 57.4668, -0.6311
-0.2837, 57.4585, -0.6336
-0.2839, 57.4498, -0.6358
-0.2843, 57.4417, -0.6386
-0.2848, 57.4330, -0.6415
-0.2855, 57.4250, -0.6441
-0.2858, 57.4165, -0.6468
-0.2863, 57.4086, -0.6494
-0.2870, 57.4007, -0.6523
-0.2871, 57.3923, -0.6548
-0.2871, 57.3837, -0.6583
-0.2873, 57.3758, -0.6608
-0.2872, 57.3669, -0.6642
-0.2877, 57.3588, -0.6670
-0.2879, 57.3507, -0.6703
-0.2883, 57.3427, -0.6735
-0.2883, 57.3343, -0.6765
-0.2886, 57.3263, -0.6796
-0.2886, 57.3179, -0.6826
-0.2887, 57.3095, -0.6861
-0.2890, 57.3012, -0.6894
-0.2894, 57.2927, -0.6927
-0.2896, 57.2845, -0.6958
-0.2897, 57.2762, -0.6985
-0.2896, 57.2676, -0.7014
-0.2900, 57.2593, -0.7046
-0.2899, 57.2507, -0.7078
-0.2899, 57.2424, -0.7104
-0.2898, 57.2336, -0.7132
-0.2901, 57.2253, -0.7162
-0.2905, 57.2169, -0.7195
-0.2908, 57.2074, -0.7224
-0.2909, 57.1982, -0.7256
-0.2913, 57.1898, -0.7282
-0.2918, 57.1811, -0.7317
-0.2917, 57.1714, -0.7346
-0.2920, 57.1621, -0.7376
-0.2924, 57.1529, -0.7407
-0.2926, 57.1433, -0.7436
-0.2931, 57.1344, -0.7468
-0.2933, 57.1252, -0.7490
-0.2934, 57.1157, -0.7524
-0.2937, 57.1065, -0.7556
-0.2939, 57.0967, -0.7586
-0.2941, 57.0875, -0.7615
-0.2944, 57.0775, -0.7652
-0.2946, 57.0678, -0.7675
-0.2949, 57.0580, -0.7706
-0.2949, 57.0482, -0.7739
-0.2956, 57.0386, -0.7766
-0.2956, 57.0283, -0.7799
-0.2959, 57.0185, -0.7829
-0.2961, 57.0080, -0.7856
-0.2961, 56.9979, -0.7888
-0.2962, 56.9880, -0.7910
-0.2961, 56.9779, -0.7943
-0.2965, 56.9676, -0.7975
-0.2964, 56.9573, -0.8000
-0.2962, 56.9466, -0.8032
-0.2963, 56.9360, -0.8062
-0.2964, 56.9255, -0.8093
-0.2963, 56.9148, -0.8125
-0.2965, 56.9044, -0.8151
-0.2967, 56.8935, -0.8185
-0.2966, 56.8831, -0.8213
-0.2967, 56.8721, -0.8239
-0.2965, 56.8609, -0.8272
-0.2962, 56.8499, -0.8298
-0.2962, 56.8395, -0.8325
-0.2963, 56.8285, -0.8354
-0.2964, 56.8177, -0.8386
-0.2963, 56.8067, -0.8409
-0.2966, 56.7962, -0.8433
-0.2969, 56.7858, -0.8467
-0.2970, 56.7746, -0.8494
-0.2976, 56.7645, -0.8526
-0.2977, 56.7535, -0.8553
-0.2988, 56.7441, -0.8578
-0.2994, 56.7336, -0.8610
-0.3005, 56.7240, -0.8642
-0.3008, 56.7139, -0.8664
-0.3013, 56.7039, -0.8694
-0.3021, 56.6945, -0.8720
-0.3031, 56.6848, -0.8745
-0.3041, 56.6752, -0.8776
-0.3051, 56.6662, -0.8802
-0.3058, 56.6570, -0.8830
-0.3067, 56.6475, -0.8851
-0.3075, 56.6378, -0.8877
-0.3084, 56.6283, -0.8905
-0.3093, 56.6191, -0.8934
-0.3100, 56.6094, -0.8962
-0.3109, 56.5998, -0.8990
-0.3115, 56.5898, -0.9017
-0.3122, 56.5800, -0.9046
-0.3132, 56.5702, -0.9078
-0.3141, 56.5604, -0.9105
-0.3147, 56.5501, -0.9133
-0.3153, 56.5403, -0.9157
-0.3161, 56.5302, -0.9187
-0.3168, 56.5202, -0.9216
-0.3174, 56.5102, -0.9242
-0.3178, 56.4997, -0.9270
-0.3181, 56.4896, -0.9297
-0.3186, 56.4797, -0.9323
-0.3192, 56.4699, -0.9352
-0.3199, 56.4599, -0.9374
-0.3206, 56.4495, -0.9408
-0.3214, 56.4403, -0.9429
-0.3216, 56.4297, -0.9456
-0.3222, 56.4196, -0.9480
-0.3229, 56.4100, -0.9506
-0.3233, 56.4002, -0.9530
-0.3238, 56.3905, -0.9553
-0.3239, 56.3807, -0.9574
-0.3238, 56.3704, -0.9594
-0.3237, 56.3603, -0.9615
-0.3238, 56.3498, -0.9633
-0.3240, 56.3390, -0.9661
-0.3238, 56.3286, -0.9679
-0.3231, 56.3173, -0.9696
-0.3231, 56.3064, -0.9718
-0.3225, 56.2947, -0.9737
-0.3219, 56.2830, -0.9758
-0.3213, 56.2712, -0.9782
-0.3201, 56.2587, -0.9801
-0.3193, 56.2466, -0.9819
-0.3187, 56.2346, -0.9842
-0.3175, 56.2220, -0.9860
-0.3167, 56.2090, -0.9883
-0.3157, 56.1957, -0.9906
-0.3152, 56.1830, -0.9930
-0.3143, 56.1694, -0.9952
-0.3136, 56.1556, -0.9976
-0.3128, 56.1415, -1.0002
-0.3121, 56.1276, -1.0033
-0.3113, 56.1136, -1.0059
-0.3103, 56.0991, -1.0076
-0.3094, 56.0842, -1.0107
-0.3084, 56.0691, -1.0133
-0.3078, 56.0544, -1.0156
-0.3070, 56.0393, -1.0180
-0.3061, 56.0239, -1.0198
-0.3055, 56.0084, -1.0224
-0.3047, 55.9931, -1.0244
-0.3035, 55.9776, -1.0261
-0.3021, 55.9610, -1.0282
-0.3010, 55.9454, -1.0300
-0.3002, 55.9300, -1.0318
-0.2992, 55.9137, -1.0338
-0.2979, 55.8976, -1.0356
-0.2972, 55.8821, -1.0377
-0.2967, 55.8667, -1.0396
-0.2957, 55.8512, -1.0413
-0.2953, 55.8362, -1.0435
-0.2947, 55.8216, -1.0450
-0.2940, 55.8062, -1.0476
-0.2935, 55.7913, -1.0491
-0.2932, 55.7765, -1.0511
-0.2929, 55.7621, -1.0525
-0.2928, 55.7482, -1.0543
-0.2925, 55.7348, -1.0555
-0.2923, 55.7211, -1.0571
-0.2921, 55.7077, -1.0584
-0.2917, 55.6947, -1.0597
-0.2912, 55.6818, -1.0612
-0.2909, 55.6689, -1.0620
-0.2908, 55.6564, -1.0631
-0.2902, 55.6436, -1.0642
-0.2898, 55.6305, -1.0655
-0.2896, 55.6186, -1.0670
-0.2891, 55.6058, -1.0680
-0.2882, 55.5926, -1.0695
-0.2871, 55.5801, -1.0703
-0.2860, 55.5666, -1.0719
-0.2850, 55.5538, -1.0731
-0.2838, 55.5408, -1.0737
-0.2828, 55.5281, -1.0744
-0.2816, 55.5152, -1.0751
-0.2805, 55.5021, -1.0764
-0.2796, 55.4898, -1.0771
-0.2787, 55.4775, -1.0780
-0.2775, 55.4652, -1.0786
-0.2767, 55.4531, -1.0795
-0.2756, 55.4405, -1.0807
-0.2748, 55.4287, -1.0815
-0.2741, 55.4164, -1.0832
-0.2730, 55.4036, -1.0841
-0.2714, 55.3902, -1.0850
-0.2701, 55.3771, -1.0857
-0.2690, 55.3641, -1.0864
-0.2676, 55.3512, -1.0877
-0.2661, 55.3377, -1.0884
-0.2644, 55.3244, -1.0889
-0.2631, 55.3113, -1.0901
-0.2613, 55.2981, -1.0909
-0.2598, 55.2853, -1.0908
-0.2584, 55.2724, -1.0918
-0.2567, 55.2594, -1.0928
-0.2552, 55.2457, -1.0937
-0.2538, 55.2319, -1.0952
-0.2525, 55.2190, -1.0961
-0.2511, 55.2054, -1.0977
-0.2494, 55.1921, -1.0980
-0.2480, 55.1789, -1.0985
-0.2462, 55.1647, -1.1000
-0.2448, 55.1512, -1.1009
-0.2431, 55.1368, -1.1010
-0.2418, 55.1231, -1.1024
-0.2401, 55.1085, -1.1032
-0.2389, 55.0943, -1.1046
-0.2371, 55.0790, -1.1056
-0.2352, 55.0642, -1.1067
-0.2340, 55.0490, -1.1088
-0.2320, 55.0332, -1.1098
-0.2304, 55.0171, -1.1116
-0.2285, 55.0009, -1.1132
-0.2270, 54.9850, -1.1149
-0.2249, 54.9684, -1.1167
-0.2232, 54.9525, -1.1180
-0.2215, 54.9365, -1.1195
-0.2199, 54.9204, -1.1210
-0.2183, 54.9044, -1.1229
-0.2169, 54.8890, -1.1246
-0.2150, 54.8725, -1.1263
-0.2137, 54.8570, -1.1280
-0.2118, 54.8400, -1.1297
-0.2103, 54.8244, -1.1313
-0.2086, 54.8078, -1.1330
-0.2073, 54.7912, -1.1354
-0.2061, 54.7744, -1.1378
-0.2044, 54.7569, -1.1396
-0.2025, 54.7397, -1.1408
-0.2011, 54.7228, -1.1432
-0.1995, 54.7049, -1.1449
-0.1983, 54.6874, -1.1469
-0.1970, 54.6686, -1.1497
-0.1963, 54.6511, -1.1518
-0.1953, 54.6331, -1.1543
-0.1942, 54.6149, -1.1567
-0.1933, 54.5970, -1.1594
-0.1918, 54.5771, -1.1617
-0.1912, 54.5584, -1.1649
-0.1907, 54.5403, -1.1681
-0.1898, 54.5203, -1.1708
-0.1891, 54.5010, -1.1739
-0.1884, 54.4810, -1.1771
-0.1878, 54.4612, -1.1799
-0.1872, 54.4409, -1.1836
-0.1866, 54.4207, -1.1863
-0.1865, 54.4009, -1.1898
-0.1861, 54.3810, -1.1925
-0.1859, 54.3610, -1.1960
-0.1857, 54.3412, -1.1994
-0.1855, 54.3210, -1.2026
-0.1855, 54.3019, -1.2057
-0.1857, 54.2822, -1.2094
-0.1860, 54.2624, -1.2136
-0.1864, 54.2431, -1.2176
-0.1866, 54.2232, -1.2219
-0.1871, 54.2034, -1.2259
-0.1876, 54.1842, -1.2300
-0.1881, 54.1646, -1.2343
-0.1888, 54.1456, -1.2376
-0.1896, 54.1266, -1.2417
-0.1903, 54.1071, -1.2458
-0.1912, 54.0882, -1.2498
-0.1921, 54.0688, -1.2537
-0.1931, 54.0503, -1.2577
-0.1945, 54.0318, -1.2620
-0.1964, 54.0139, -1.2664
-0.1982, 53.9958, -1.2712
-0.1997, 53.9778, -1.2751
-0.2017, 53.9603, -1.2791
-0.2041, 53.9432, -1.2841
-0.2064, 53.9263, -1.2879
-0.2088, 53.9096, -1.2926
-0.2106, 53.8926, -1.2961
-0.2128, 53.8755, -1.3006
-0.2152, 53.8593, -1.3044
-0.2173, 53.8422, -1.3085
-0.2195, 53.8259, -1.3122
-0.2221, 53.8087, -1.3162
-0.2245, 53.7920, -1.3201
-0.2267, 53.7751, -1.3239
-0.2288, 53.7578, -1.3275
-0.2311, 53.7415, -1.3311
-0.2332, 53.7248, -1.3345
-0.2354, 53.7080, -1.3377
-0.2373, 53.6908, -1.3416
-0.2390, 53.6730, -1.3449
-0.2413, 53.6558, -1.3488
-0.2425, 53.6375, -1.3521
-0.2444, 53.6195, -1.3560
-0.2458, 53.6014, -1.3593
-0.2477, 53.5834, -1.3624
-0.2486, 53.5641, -1.3644
-0.2497, 53.5453, -1.3674
-0.2504, 53.5250, -1.3699
-0.2515, 53.5068, -1.3717
-0.2528, 53.4878, -1.3742
-0.2537, 53.4679, -1.3772
-0.2543, 53.4479, -1.3799
-0.2549, 53.4277, -1.3822
-0.2550, 53.4070, -1.3842
-0.2559, 53.3873, -1.3865
-0.2562, 53.3663, -1.3892
-0.2562, 53.3456, -1.3911
-0.2562, 53.3250, -1.3934
-0.2559, 53.3038, -1.3956
-0.2557, 53.2827, -1.3981
-0.2556, 53.2614, -1.4001
-0.2558, 53.2407, -1.4024
-0.2556, 53.2197, -1.4045
-0.2549, 53.1972, -1.4065
-0.2544, 53.1754, -1.4084
-0.2539, 53.1535, -1.4109
-0.2531, 53.1322, -1.4133
-0.2523, 53.1108, -1.4158
-0.2517, 53.0896, -1.4180
-0.2509, 53.0686, -1.4199
-0.2506, 53.0482, -1.4219
-0.2506, 53.0281, -1.4246
-0.2497, 53.0078, -1.4267
-0.2490, 52.9872, -1.4290
-0.2483, 52.9668, -1.4315
-0.2484, 52.9465, -1.4349
-0.2490, 52.9272, -1.4380
-0.2494, 52.9073, -1.4407
-0.2491, 52.8871, -1.4438
-0.2493, 52.8683, -1.4457
-0.2493, 52.8478, -1.4489
-0.2499, 52.8281, -1.4516
-0.2505, 52.8083, -1.4544
-0.2505, 52.7876, -1.4574
-0.2510, 52.7677, -1.4600
-0.2518, 52.7478, -1.4629
-0.2527, 52.7276, -1.4660
-0.2536, 52.7078, -1.4688
-0.2547, 52.6880, -1.4710
-0.2561, 52.6671, -1.4743
-0.2568, 52.6461, -1.4770
-0.2570, 52.6237, -1.4794
-0.2579, 52.6025, -1.4820
-0.2586, 52.5812, -1.4841
-0.2599, 52.5591, -1.4867
-0.2609, 52.5373, -1.4895
-0.2617, 52.5144, -1.4921
-0.2626, 52.4922, -1.4944
-0.2631, 52.4698, -1.4965
-0.2641, 52.4471, -1.4989
-0.2646, 52.4237, -1.5009
-0.2654, 52.3994, -1.5034
-0.2658, 52.3758, -1.5057
-0.2668, 52.3522, -1.5085
-0.2673, 52.3276, -1.5107
-0.2677, 52.3031, -1.5132
-0.2682, 52.2781, -1.5155
-0.2686, 52.2538, -1.5175
-0.2691, 52.2292, -1.5199
-0.2698, 52.2044, -1.5222
-0.2702, 52.1797, -1.5242
-0.2707, 52.1557, -1.5266
-0.2718, 52.1318, -1.5289
-0.2722, 52.1074, -1.5322
-0.2731, 52.0834, -1.5353
-0.2740, 52.0608, -1.5371
-0.2750, 52.0385, -1.5392
-0.2764, 52.0162, -1.5412
-0.2775, 51.9945, -1.5431
-0.2785, 51.9725, -1.5449
-0.2797, 51.9509, -1.5466
-0.2814, 51.9305, -1.5493
-0.2823, 51.9081, -1.5508
-0.2840, 51.8877, -1.5526
-0.2857, 51.8681, -1.5544
-0.2871, 51.8482, -1.5562
-0.2887, 51.8290, -1.5578
-0.2898, 51.8086, -1.5592
-0.2913, 51.7891, -1.5607
-0.2929, 51.7692, -1.5620
-0.2944, 51.7494, -1.5639
-0.2948, 51.7285, -1.5650
-0.2958, 51.7073, -1.5669
-0.2970, 51.6875, -1.5680
-0.2973, 51.6662, -1.5696
-0.2980, 51.6440, -1.5715
-0.2989, 51.6225, -1.5738
-0.2994, 51.5994, -1.5770
-0.2998, 51.5766, -1.5786
-0.3002, 51.5539, -1.5808
-0.3000, 51.5299, -1.5827
-0.3002, 51.5066, -1.5853
-0.2998, 51.4826, -1.5871
-0.2994, 51.4580, -1.5893
-0.2988, 51.4335, -1.5917
-0.2974, 51.4073, -1.5937
-0.2962, 51.3821, -1.5959
-0.2953, 51.3564, -1.5981
-0.2946, 51.3308, -1.6000
-0.2939, 51.3048, -1.6018
-0.2927, 51.2785, -1.6033
-0.2923, 51.2533, -1.6054
-0.2918, 51.2279, -1.6080
-0.2913, 51.2024, -1.6102
-0.2909, 51.1773, -1.6120
-0.2912, 51.1521, -1.6146
-0.2915, 51.1271, -1.6172
-0.2918, 51.1022, -1.6199
-0.2928, 51.0776, -1.6235
-0.2939, 51.0532, -1.6265
-0.2947, 51.0287, -1.6290
-0.2958, 51.0030, -1.6327
-0.2976, 50.9794, -1.6361
-0.2995, 50.9547, -1.6408
-0.3016, 50.9304, -1.6444
-0.3038, 50.9050, -1.6491
-0.3064, 50.8795, -1.6542
-0.3088, 50.8546, -1.6594
-0.3114, 50.8290, -1.6643
-0.3143, 50.8032, -1.6689
-0.3180, 50.7783, -1.6742
-0.3204, 50.7500, -1.6795
-0.3242, 50.7246, -1.6849
-0.3280, 50.6978, -1.6905
-0.3315, 50.6713, -1.6953
-0.3348, 50.6449, -1.6997
-0.3383, 50.6172, -1.7049
-0.3422, 50.5903, -1.7107
-0.3468, 50.5632, -1.7161
-0.3507, 50.5358, -1.7211
-0.3541, 50.5076, -1.7252
-0.3577, 50.4798, -1.7297
-0.3613, 50.4534, -1.7340
-0.3650, 50.4266, -1.7380
-0.3687, 50.3989, -1.7416
-0.3734, 50.3726, -1.7468
-0.3773, 50.3461, -1.7510
-0.3812, 50.3201, -1.7548
-0.3848, 50.2941, -1.7581
-0.3890, 50.2684, -1.7619
-0.3940, 50.2448, -1.7670
-0.3983, 50.2208, -1.7705
-0.4033, 50.1974, -1.7743
-0.4080, 50.1745, -1.7781
-0.4118, 50.1502, -1.7818
-0.4163, 50.1280, -1.7850
-0.4204, 50.1054, -1.7884
-0.4248, 50.0833, -1.7908
-0.4291, 50.0599, -1.7942
-0.4336, 50.0362, -1.7976
-0.4373, 50.0124, -1.8004
-0.4410, 49.9880, -1.8035
-0.4448, 49.9627, -1.8069
-0.4479, 49.9377, -1.8102
-0.4512, 49.9117, -1.8132
-0.4547, 49.8852, -1.8164
-0.4574, 49.8582, -1.8191
-0.4592, 49.8295, -1.8214
-0.4618, 49.8015, -1.8249
-0.4640, 49.7723, -1.8281
-0.4665, 49.7434, -1.8315
-0.4685, 49.7140, -1.8342
-0.4703, 49.6839, -1.8360
-0.4720, 49.6540, -1.8385
-0.4743, 49.6245, -1.8411
-0.4769, 49.5947, -1.8442
-0.4783, 49.5647, -1.8459
-0.4812, 49.5349, -1.8496
-0.4837, 49.5046, -1.8524
-0.4857, 49.4746, -1.8547
-0.4881, 49.4448, -1.8576
-0.4908, 49.4151, -1.8602
-0.4933, 49.3867, -1.8621
-0.4963, 49.3572, -1.8644
-0.4990, 49.3281, -1.8675
-0.5024, 49.2991, -1.8701
-0.5056, 49.2716, -1.8731
-0.5091, 49.2437, -1.8763
-0.5137, 49.2154, -1.8803
-0.5181, 49.1878, -1.8840
-0.5220, 49.1593, -1.8877
-0.5265, 49.1321, -1.8918
-0.5311, 49.1049, -1.8965
-0.5350, 49.0762, -1.9009
-0.5398, 49.0497, -1.9045
-0.5451, 49.0220, -1.9091
-0.5492, 48.9943, -1.9129
-0.5528, 48.9667, -1.9159
-0.5565, 48.9383, -1.9192
-0.5602, 48.9117, -1.9216
-0.5637, 48.8836, -1.9230
-0.5672, 48.8544, -1.9263
-0.5703, 48.8258, -1.9279
-0.5728, 48.7967, -1.9295
-0.5759, 48.7679, -1.9314
-0.5791, 48.7393, -1.9330
-0.5828, 48.7104, -1.9349
-0.5858, 48.6801, -1.9365
-0.5889, 48.6502, -1.9387
-0.5915, 48.6202, -1.9395
-0.5944, 48.5896, -1.9411
-0.5970, 48.5584, -1.9427
-0.5997, 48.5278, -1.9446
-0.6028, 48.4967, -1.9459
-0.6067, 48.4663, -1.9486
-0.6094, 48.4354, -1.9496
-0.6130, 48.4035, -1.9521
-0.6169, 48.3733, -1.9550
-0.6211, 48.3426, -1.9571
-0.6258, 48.3123, -1.9596
-0.6298, 48.2813, -1.9623
-0.6339, 48.2499, -1.9651
-0.6391, 48.2198, -1.9691
-0.6449, 48.1909, -1.9726
-0.6510, 48.1611, -1.9776
-0.6563, 48.1310, -1.9805
-0.6631, 48.1012, -1.9857
-0.6694, 48.0705, -1.9906
-0.6758, 48.0408, -1.9949
-0.6830, 48.0108, -2.0010
-0.6896, 47.9811, -2.0051
-0.6969, 47.9522, -2.0095
-0.7050, 47.9220, -2.0159
-0.7115, 47.8916, -2.0202
-0.7180, 47.8607, -2.0250
-0.7257, 47.8311, -2.0308
-0.7334, 47.8006, -2.0359
-0.7412, 47.7699, -2.0417
-0.7485, 47.7393, -2.0472
-0.7547, 47.7066, -2.0526
-0.7615, 47.6761, -2.0576
-0.7682, 47.6443, -2.0630
-0.7741, 47.6105, -2.0688
-0.7794, 47.5768, -2.0739
-0.7849, 47.5426, -2.0795
-0.7899, 47.5079, -2.0837
-0.7942, 47.4725, -2.0877
-0.7984, 47.4362, -2.0927
-0.8024, 47.4003, -2.0962
-0.8065, 47.3647, -2.0999
-0.8107, 47.3286, -2.1034
-0.8148, 47.2934, -2.1069
-0.8187, 47.2572, -2.1098
-0.8244, 47.2240, -2.1139
-0.8290, 47.1903, -2.1157
-0.8351, 47.1571, -2.1193
-0.8405, 47.1254, -2.1214
-0.8468, 47.0936, -2.1235
-0.8538, 47.0632, -2.1261
-0.8610, 47.0328, -2.1292
-0.8682, 47.0019, -2.1320
-0.8760, 46.9728, -2.1349
-0.8837, 46.9431, -2.1376
-0.8919, 46.9140, -2.1407
-0.8985, 46.8835, -2.1434
-0.9052, 46.8530, -2.1461
-0.9121, 46.8224, -2.1490
-0.9189, 46.7915, -2.1512
-0.9259, 46.7602, -2.1541
-0.9319, 46.7283, -2.1569
-0.9372, 46.6950, -2.1595
-0.9420, 46.6619, -2.1615
-0.9477, 46.6292, -2.1639
-0.9523, 46.5961, -2.1663
-0.9562, 46.5629, -2.1671
-0.9597, 46.5282, -2.1694
-0.9628, 46.4934, -2.1700
-0.9651, 46.4585, -2.1702
-0.9666, 46.4220, -2.1705
-0.9691, 46.3875, -2.1707
-0.9700, 46.3507, -2.1697
-0.9720, 46.3148, -2.1706
-0.9726, 46.2784, -2.1699
-0.9735, 46.2418, -2.1699
-0.9747, 46.2061, -2.1693
-0.9758, 46.1710, -2.1688
-0.9779, 46.1350, -2.1700
-0.9798, 46.1002, -2.1694
-0.9816, 46.0641, -2.1703
-0.9834, 46.0302, -2.1693
-0.9863, 45.9957, -2.1695
-0.9888, 45.9600, -2.1701
-0.9916, 45.9262, -2.1698
-0.9953, 45.8921, -2.1709
-0.9994, 45.8594, -2.1709
-1.0030, 45.8257, -2.1704
-1.0068, 45.7920, -2.1713
-1.0114, 45.7599, -2.1721
-1.0162, 45.7266, -2.1728
-1.0220, 45.6936, -2.1746
-1.0271, 45.6609, -2.1750
-1.0327, 45.6274, -2.1760
-1.0386, 45.5955, -2.1777
-1.0452, 45.5632, -2.1792
-1.0520, 45.5311, -2.1816
-1.0578, 45.4989, -2.1829
-1.0637, 45.4658, -2.1842
-1.0696, 45.4327, -2.1865
-1.0752, 45.3998, -2.1878
-1.0812, 45.3655, -2.1899
-1.0869, 45.3329, -2.1919
-1.0917, 45.2986, -2.1938
-1.0958, 45.2637, -2.1945
-1.0991, 45.2283, -2.1956
-1.1013, 45.1914, -2.1950
-1.1046, 45.1553, -2.1959
-1.1064, 45.1173, -2.1965
-1.1082, 45.0797, -2.1961
-1.1094, 45.0409, -2.1963
-1.1102, 45.0011, -2.1959
-1.1115, 44.9623, -2.1966
-1.1128, 44.9230, -2.1966
-1.1140, 44.8831, -2.1976
-1.1155, 44.8447, -2.1980
-1.1166, 44.8060, -2.1980
-1.1182, 44.7679, -2.1980
-1.1197, 44.7291, -2.1987
-1.1208, 44.6902, -2.1980
-1.1234, 44.6536, -2.1988
-1.1257, 44.6166, -2.1990
-1.1282, 44.5789, -2.2001
-1.1311, 44.5431, -2.2015
-1.1335, 44.5058, -2.2022
-1.1372, 44.4706, -2.2036
-1.1399, 44.4346, -2.2041
-1.1436, 44.4000, -2.2057
-1.1463, 44.3646, -2.2060
-1.1491, 44.3292, -2.2070
-1.1530, 44.2956, -2.2078
-1.1570, 44.2619, -2.2093
-1.1607, 44.2274, -2.2099
-1.1643, 44.1942, -2.2108
-1.1684, 44.1619, -2.2122
-1.1725, 44.1296, -2.2131
-1.1757, 44.0964, -2.2132
-1.1791, 44.0632, -2.2137
-1.1825, 44.0311, -2.2130
-1.1855, 43.9981, -2.2122
-1.1887, 43.9645, -2.2123
-1.1900, 43.9302, -2.2104
-1.1920, 43.8938, -2.2102
-1.1946, 43.8590, -2.2098
-1.1958, 43.8225, -2.2087
-1.1968, 43.7853, -2.2081
-1.1977, 43.7475, -2.2080
-1.1981, 43.7082, -2.2079
-1.1987, 43.6694, -2.2075
-1.1995, 43.6303, -2.2070
-1.1999, 43.5896, -2.2071
-1.2004, 43.5499, -2.2069
-1.2013, 43.5094, -2.2079
-1.2017, 43.4685, -2.2072
-1.2021, 43.4281, -2.2070
-1.2027, 43.3877, -2.2069
-1.2043, 43.3494, -2.2065
-1.2062, 43.3107, -2.2072
-1.2087, 43.2727, -2.2076
-1.2101, 43.2347, -2.2072
-1.2121, 43.1966, -2.2076
-1.2146, 43.1605, -2.2066
-1.2181, 43.1241, -2.2076
-1.2214, 43.0878, -2.2083
-1.2249, 43.0522, -2.2091
-1.2283, 43.0162, -2.2097
-1.2316, 42.9803, -2.2110
-1.2335, 42.9434, -2.2107
-1.2357, 42.9055, -2.2115
-1.2374, 42.8680, -2.2113
-1.2385, 42.8284, -2.2113
-1.2397, 42.7890, -2.2113
-1.2400, 42.7492, -2.2098
-1.2407, 42.7088, -2.2098
-1.2418, 42.6695, -2.2090
-1.2425, 42.6294, -2.2090
-1.2442, 42.5894, -2.2093
-1.2447, 42.5497, -2.2088
-1.2465, 42.5096, -2.2097
-1.2488, 42.4715, -2.2101
-1.2512, 42.4322, -2.2109
-1.2540, 42.3929, -2.2126
-1.2569, 42.3546, -2.2136
-1.2597, 42.3162, -2.2145
-1.2636, 42.2780, -2.2161
-1.2666, 42.2408, -2.2171
-1.2696, 42.2022, -2.2181
-1.2725, 42.1655, -2.2179
-1.2761, 42.1283, -2.2184
-1.2792, 42.0907, -2.2192
-1.2821, 42.0542, -2.2185
-1.2849, 42.0160, -2.2192
-1.2876, 41.9803, -2.2190
-1.2905, 41.9426, -2.2190
-1.2933, 41.9069, -2.2190
-1.2949, 41.8700, -2.2173
-1.2958, 41.8323, -2.2174
-1.2958, 41.7943, -2.2150
-1.2952, 41.7547, -2.2138
-1.2941, 41.7138, -2.2118
-1.2931, 41.6740, -2.2094
-1.2919, 41.6319, -2.2085
-1.2902, 41.5896, -2.2065
-1.2882, 41.5460, -2.2049
-1.2852, 41.5022, -2.2018
-1.2824, 41.4590, -2.1996
-1.2795, 41.4148, -2.1971
-1.2779, 41.3700, -2.1975
-1.2757, 41.3264, -2.1959
-1.2746, 41.2818, -2.1957
-1.2740, 41.2399, -2.1951
-1.2738, 41.1972, -2.1946
-1.2755, 41.1557, -2.1960
-1.2775, 41.1166, -2.1962
-1.2806, 41.0773, -2.1978
-1.2847, 41.0396, -2.1992
-1.2887, 41.0027, -2.1993
-1.2929, 40.9651, -2.2005
-1.2980, 40.9286, -2.2028
-1.3031, 40.8923, -2.2042
-1.3084, 40.8554, -2.2068
-1.3128, 40.8185, -2.2079
-1.3162, 40.7792, -2.2087
-1.3193, 40.7412, -2.2093
-1.3210, 40.7022, -2.2083
-1.3233, 40.6618, -2.2090
-1.3232, 40.6199, -2.2069
-1.3224, 40.5749, -2.2066
-1.3214, 40.5301, -2.2051
-1.3194, 40.4841, -2.2035
-1.3172, 40.4367, -2.2023
-1.3151, 40.3907, -2.2009
-1.3126, 40.3436, -2.1990
-1.3102, 40.2966, -2.1980
-1.3081, 40.2494, -2.1966
-1.3060, 40.2026, -2.1958
-1.3041, 40.1565, -2.1943
-1.3030, 40.1121, -2.1937
-1.3027, 40.0681, -2.1929
-1.3023, 40.0241, -2.1925
-1.3031, 39.9818, -2.1925
-1.3042, 39.9411, -2.1919
-1.3062, 39.9013, -2.1924
-1.3078, 39.8600, -2.1919
-1.3104, 39.8203, -2.1931
-1.3125, 39.7800, -2.1938
-1.3152, 39.7418, -2.1950
-1.3171, 39.7030, -2.1950
-1.3198, 39.6650, -2.1960
-1.3217, 39.6275, -2.1957
-1.3243, 39.5896, -2.1972
-1.3274, 39.5523, -2.1984
-1.3291, 39.5140, -2.1986
-1.3306, 39.4725, -2.1999
-1.3313, 39.4320, -2.2003
-1.3315, 39.3896, -2.2006
-1.3322, 39.3465, -2.2018
-1.3306, 39.3018, -2.2007
-1.3291, 39.2552, -2.2002
-1.3287, 39.2093, -2.2019
-1.3266, 39.1636, -2.2005
-1.3254, 39.1163, -2.2009
-1.3237, 39.0693, -2.2007
-1.3214, 39.0220, -2.1996
-1.3195, 38.9756, -2.1987
-1.3183, 38.9287, -2.1982
-1.3180, 38.8820, -2.1981
-1.3180, 38.8381, -2.1971
-1.3187, 38.7935, -2.1974
-1.3193, 38.7496, -2.1968
-1.3199, 38.7060, -2.1970
-1.3197, 38.6610, -2.1965
-1.3199, 38.6192, -2.1952
-1.3206, 38.5770, -2.1948
-1.3210, 38.5349, -2.1937
-1.3218, 38.4925, -2.1934
-1.3220, 38.4493, -2.1936
-1.3229, 38.4077, -2.1933
-1.3229, 38.3640, -2.1927
-1.3222, 38.3186, -2.1923
-1.3224, 38.2746, -2.1927
-1.3223, 38.2287, -2.1932
-1.3234, 38.1830, -2.1949
-1.3232, 38.1365, -2.1957
-1.3230, 38.0889, -2.1965
-1.3241, 38.0439, -2.1981
-1.3248, 37.9994, -2.1994
-1.3276, 37.9557, -2.2023
-1.3286, 37.9113, -2.2028
-1.3305, 37.8665, -2.2044
-1.3323, 37.8227, -2.2061
-1.3346, 37.7801, -2.2073
-1.3364, 37.7362, -2.2088
-1.3370, 37.6938, -2.2084
-1.3373, 37.6513, -2.2081
-1.3385, 37.6082, -2.2080
-1.3380, 37.5653, -2.2070
-1.3370, 37.5214, -2.2049
-1.3367, 37.4779, -2.2044
-1.3349, 37.4344, -2.2026
-1.3344, 37.3907, -2.2013
-1.3326, 37.3458, -2.2002
-1.3319, 37.3014, -2.1996
-1.3315, 37.2580, -2.1987
-1.3295, 37.2129, -2.1965
-1.3290, 37.1666, -2.1962
-1.3275, 37.1193, -2.1961
-1.3253, 37.0700, -2.1959
-1.3238, 37.0236, -2.1947
-1.3225, 36.9741, -2.1949
-1.3215, 36.9252, -2.1951
-1.3193, 36.8761, -2.1938
-1.3180, 36.8265, -2.1949
-1.3164, 36.7766, -2.1938
-1.3148, 36.7274, -2.1942
-1.3124, 36.6784, -2.1935
-1.3104, 36.6321, -2.1915
-1.3100, 36.5854, -2.1918
-1.3105, 36.5395, -2.1917
-1.3100, 36.4951, -2.1906
-1.3110, 36.4501, -2.1926
-1.3128, 36.4077, -2.1930
-1.3134, 36.3659, -2.1927
-1.3157, 36.3231, -2.1947
-1.3166, 36.2795, -2.1948
-1.3174, 36.2356, -2.1957
-1.3195, 36.1928, -2.1979
-1.3210, 36.1485, -2.1995
-1.3235, 36.1034, -2.2039
-1.3236, 36.0592, -2.2039
-1.3243, 36.0129, -2.2066
-1.3253, 35.9648, -2.2087
-1.3229, 35.9161, -2.2077
-1.3219, 35.8657, -2.2109
-1.3188, 35.8164, -2.2097
-1.3175, 35.7671, -2.2105
-1.3154, 35.7180, -2.2109
-1.3107, 35.6691, -2.2085
-1.3074, 35.6180, -2.2093
-1.3043, 35.5690, -2.2086
-1.3004, 35.5188, -2.2073
-1.2969, 35.4694, -2.2064
-1.2939, 35.4215, -2.2059
-1.2913, 35.3725, -2.2059
-1.2888, 35.3251, -2.2054
-1.2868, 35.2770, -2.2052
-1.2861, 35.2291, -2.2073
-1.2843, 35.1819, -2.2068
-1.2838, 35.1349, -2.2089
-1.2846, 35.0889, -2.2110
-1.2850, 35.0442, -2.2119
-1.2862, 34.9978, -2.2146
-1.2882, 34.9542, -2.2172
-1.2916, 34.9109, -2.2207
-1.2939, 34.8686, -2.2226
-1.2950, 34.8246, -2.2241
-1.2955, 34.7777, -2.2254
-1.2958, 34.7320, -2.2258
-1.2960, 34.6828, -2.2285
-1.2957, 34.6328, -2.2305
-1.2935, 34.5840, -2.2298
-1.2900, 34.5329, -2.2299
-1.2875, 34.4808, -2.2303
-1.2851, 34.4277, -2.2314
-1.2815, 34.3738, -2.2315
-1.2784, 34.3220, -2.2321
-1.2738, 34.2696, -2.2312
-1.2714, 34.2174, -2.2324
-1.2682, 34.1663, -2.2319
-1.2663, 34.1141, -2.2340
-1.2650, 34.0669, -2.2346
-1.2619, 34.0179, -2.2335
-1.2608, 33.9698, -2.2346
-1.2575, 33.9234, -2.2319
-1.2565, 33.8767, -2.2320
-1.2554, 33.8317, -2.2308
-1.2563, 33.7877, -2.2306
-1.2562, 33.7420, -2.2310
-1.2564, 33.6990, -2.2295
-1.2574, 33.6533, -2.2302
-1.2597, 33.6073, -2.2326
-1.2598, 33.5606, -2.2328
-1.2608, 33.5123, -2.2356
-1.2605, 33.4646, -2.2357
-1.2608, 33.4154, -2.2375
-1.2612, 33.3664, -2.2384
-1.2618, 33.3176, -2.2415
-1.2616, 33.2670, -2.2449
-1.2592, 33.2171, -2.2453
-1.2568, 33.1660, -2.2463
-1.2555, 33.1150, -2.2479
-1.2520, 33.0638, -2.2472
-1.2496, 33.0123, -2.2478
-1.2460, 32.9614, -2.2471
-1.2426, 32.9092, -2.2468
-1.2393, 32.8573, -2.2468
-1.2363, 32.8082, -2.2445
-1.2351, 32.7569, -2.2451
-1.2354, 32.7071, -2.2474
-1.2337, 32.6585, -2.2473
-1.2329, 32.6098, -2.2478
-1.2334, 32.5625, -2.2485
-1.2329, 32.5155, -2.2479
-1.2335, 32.4671, -2.2497
-1.2314, 32.4191, -2.2484
-1.2296, 32.3670, -2.2497
-1.2276, 32.3184, -2.2491
-1.2258, 32.2668, -2.2495
-1.2220, 32.2146, -2.2488
-1.2173, 32.1625, -2.2469
-1.2121, 32.1090, -2.2465
-1.2070, 32.0567, -2.2453
-1.2019, 32.0033, -2.2440
-1.1979, 31.9490, -2.2451
-1.1940, 31.8980, -2.2442
-1.1907, 31.8469, -2.2445
-1.1893, 31.7965, -2.2460
-1.1865, 31.7464, -2.2460
-1.1862, 31.6971, -2.2490
-1.1870, 31.6526, -2.2498
-1.1881, 31.6066, -2.2517
-1.1884, 31.5606, -2.2526
-1.1884, 31.5156, -2.2533
-1.1885, 31.4693, -2.2544
-1.1900, 31.4246, -2.2556
-1.1928, 31.3784, -2.2586
-1.1927, 31.3306, -2.2604
-1.1928, 31.2830, -2.2606
-1.1920, 31.2331, -2.2615
-1.1920, 31.1811, -2.2639
-1.1887, 31.1285, -2.2635
-1.1851, 31.0735, -2.2650
-1.1804, 31.0199, -2.2641
-1.1761, 30.9654, -2.2640
-1.1710, 30.9111, -2.2635
-1.1643, 30.8564, -2.2623
-1.1572, 30.8000, -2.2619
-1.1518, 30.7440, -2.2622
-1.1455, 30.6901, -2.2610
-1.1413, 30.6358, -2.2619
-1.1361, 30.5826, -2.2614
-1.1323, 30.5302, -2.2621
-1.1288, 30.4795, -2.2618
-1.1262, 30.4288, -2.2620
-1.1255, 30.3785, -2.2633
-1.1243, 30.3306, -2.2631
-1.1235, 30.2822, -2.2637
-1.1254, 30.2350, -2.2673
-1.1252, 30.1878, -2.2693
-1.1265, 30.1396, -2.2727
-1.1295, 30.0942, -2.2764
-1.1317, 30.0487, -2.2793
-1.1342, 30.0011, -2.2834
-1.1338, 29.9516, -2.2852
-1.1327, 29.8990, -2.2879
-1.1301, 29.8482, -2.2887
-1.1266, 29.7943, -2.2897
-1.1242, 29.7394, -2.2930
-1.1196, 29.6850, -2.2933
-1.1147, 29.6293, -2.2949
-1.1106, 29.5743, -2.2957
-1.1058, 29.5187, -2.2965
-1.0999, 29.4626, -2.2966
-1.0949, 29.4106, -2.2950
-1.0902, 29.3583, -2.2939
-1.0879, 29.3066, -2.2947
-1.0840, 29.2569, -2.2928
-1.0818, 29.2078, -2.2932
-1.0801, 29.1604, -2.2929
-1.0783, 29.1123, -2.2925
-1.0778, 29.0643, -2.2937
-1.0749, 29.0177, -2.2919
-1.0742, 28.9700, -2.2932
-1.0729, 28.9236, -2.2926
-1.0722, 28.8751, -2.2949
-1.0703, 28.8244, -2.2969
-1.0679, 28.7743, -2.2981
-1.0655, 28.7224, -2.3006
-1.0619, 28.6715, -2.3002
-1.0569, 28.6202, -2.2983
-1.0526, 28.5668, -2.2985
-1.0480, 28.5149, -2.2980
-1.0421, 28.4615, -2.2969
-1.0386, 28.4087, -2.2991
-1.0348, 28.3570, -2.3003
-1.0311, 28.3033, -2.3019
-1.0283, 28.2517, -2.3033
-1.0280, 28.2002, -2.3078
-1.0256, 28.1495, -2.3092
