0.0000, 0.0002, 0.0004
-0.0003, 0.0007, 0.0006
0.0000, -0.0003, 0.0003
-0.0001, 0.0001, 0.0007
-0.0001, 0.0002, 0.0003
-0.0003, 0.0003, 0.0008
-0.0005, 0.0007, 0.0008
-0.0006, 0.0005, 0.0007
-0.0006, 0.0005, 0.0013
-0.0006, 0.0007, 0.0018
-0.0005, 0.0007, 0.0020
-0.0004, 0.0007, 0.0022
-0.0006, 0.0009, 0.0022
-0.0005, 0.0006, 0.0033
-0.0005, 0.0007, 0.0030
-0.0006, 0.0008, 0.0036
-0.0009, 0.0013, 0.0033
-0.0008, 0.0012, 0.0042
-0.0008, 0.0012, 0.0043
-0.0009, 0.0014, 0.0047
-0.0010, 0.0017, 0.0055
-0.0011, 0.0018, 0.0060
-0.0011, 0.0017, 0.0067
-0.0013, 0.0020, 0.0072
-0.0014, 0.0020, 0.0071
-0.0014, 0.0022, 0.0084
-0.0015, 0.0021, 0.0080
-0.0017, 0.0022, 0.0092
-0.0018, 0.0027, 0.0095
-0.0017, 0.0025, 0.0103
-0.0019, 0.0023, 0.0110
-0.0015, 0.0022, 0.0118
-0.0018, 0.0024, 0.0125
-0.0019, 0.0027, 0.0135
-0.0020, 0.0028, 0.0142
-0.0019, 0.0027, 0.0149
-0.0019, 0.0027, 0.0155
-0.0019, 0.0026, 0.0163
-0.0020, 0.0025, 0.0171
-0.0020, 0.0027, 0.0182
-0.0020, 0.0027, 0.0189
-0.0019, 0.0025, 0.0198
-0.0022, 0.0029, 0.0211
-0.0022, 0.0033, 0.0220
-0.0021, 0.0027, 0.0233
-0.0020, 0.0023, 0.0238
-0.0021, 0.0025, 0.0253
-0.0020, 0.0024, 0.0258
-0.0021, 0.0029, 0.0271
-0.0020, 0.0031, 0.0282
-0.0019, 0.0027, 0.0292
-0.0018, 0.0025, 0.0305
-0.0022, 0.0028, 0.0315
-0.0021, 0.0027, 0.0322
-0.0022, 0.0026, 0.0337
-0.0019, 0.0025, 0.0349
-0.0022, 0.0028, 0.0366
-0.0022, 0.0029, 0.0376
-0.0022, 0.0031, 0.0394
-0.0024, 0.0033, 0.0406
-0.0021, 0.0027, 0.0417
-0.0023, 0.0031, 0.0437
-0.0023, 0.0030, 0.0446
-0.0023, 0.0029, 0.0464
-0.0022, 0.0031, 0.0479
-0.0023, 0.0029, 0.0490
-0.0021, 0.0028, 0.0509
-0.0023, 0.0030, 0.0523
-0.0021, 0.0028, 0.0540
-0.0021, 0.0024, 0.0556
-0.0023, 0.0026, 0.0568
-0.0022, 0.0027, 0.0590
-0.0021, 0.0026, 0.0603
-0.0020, 0.0022, 0.0620
-0.0018, 0.0021, 0.0633
-0.0019, 0.0023, 0.0655
-0.0018, 0.0022, 0.0675
-0.0018, 0.0019, 0.0689
-0.0019, 0.0021, 0.0706
-0.0020, 0.0022, 0.0724
-0.0018, 0.0018, 0.0749
-0.0018, 0.0019, 0.0764
-0.0016, 0.0016, 0.0779
-0.0017, 0.0017, 0.0800
-0.0015, 0.0015, 0.0818
-0.0014, 0.0011, 0.0840
-0.0016, 0.0016, 0.0857
-0.0013, 0.0010, 0.0876
-0.0016, 0.0011, 0.0895
-0.0016, 0.0009, 0.0916
-0.0015, 0.0010, 0.0939
-0.0015, 0.0010, 0.0961
-0.0012, 0.0007, 0.0978
-0.0014, 0.0012, 0.1001
-0.0013, 0.0009, 0.1023
-0.0012, 0.0009, 0.1051
-0.0011, 0.0006, 0.1069
-0.0012, 0.0008, 0.1095
-0.0014, 0.0011, 0.1113
-0.0012, 0.0010, 0.1139
-0.0012, 0.0006, 0.1163
-0.0011, 0.0005, 0.1182
-0.0011, 0.0004, 0.1211
-0.0012, 0.0008, 0.1232
-0.0013, 0.0007, 0.1263
-0.0014, 0.0012, 0.1282
-0.0014, 0.0013, 0.1306
-0.0012, 0.0011, 0.1335
-0.0015, 0.0013, 0.1359
-0.0015, 0.0012, 0.1388
-0.0014, 0.0012, 0.1412
-0.0014, 0.0010, 0.1438
-0.0015, 0.0012, 0.1460
-0.0015, 0.0013, 0.1482
-0.0015, 0.0015, 0.1513
-0.0016, 0.0016, 0.1538
-0.0017, 0.0012, 0.1568
-0.0017, 0.0015, 0.1593
-0.0018, 0.0012, 0.1624
-0.0018, 0.0018, 0.1654
-0.0016, 0.0016, 0.1677
-0.0018, 0.0016, 0.1706
-0.0018, 0.0019, 0.1732
-0.0018, 0.0017, 0.1763
-0.0019, 0.0018, 0.1793
-0.0020, 0.0018, 0.1822
-0.0019, 0.0017, 0.1847
-0.0020, 0.0019, 0.1881
-0.0020, 0.0019, 0.1910
-0.0018, 0.0018, 0.1935
-0.0021, 0.0020, 0.1969
-0.0020, 0.0019, 0.1993
-0.0021, 0.0019, 0.2025
-0.0021, 0.0018, 0.2054
-0.0022, 0.0020, 0.2085
-0.0023, 0.0022, 0.2117
-0.0021, 0.0019, 0.2143
-0.0024, 0.0021, 0.2169
-0.0021, 0.0018, 0.2202
-0.0022, 0.0020, 0.2233
-0.0021, 0.0021, 0.2268
-0.0023, 0.0023, 0.2297
-0.0024, 0.0017, 0.2324
-0.0027, 0.0022, 0.2356
-0.0025, 0.0020, 0.2384
-0.0023, 0.0023, 0.2421
-0.0023, 0.0017, 0.2448
-0.0024, 0.0020, 0.2482
-0.0023, 0.0020, 0.2512
-0.0024, 0.0018, 0.2544
-0.0027, 0.0022, 0.2575
-0.0025, 0.0019, 0.2601
-0.0025, 0.0022, 0.2632
-0.0025, 0.0018, 0.2666
-0.0025, 0.0018, 0.2694
-0.0024, 0.0018, 0.2730
-0.0026, 0.0018, 0.2755
-0.0025, 0.0018, 0.2790
-0.0024, 0.0018, 0.2825
-0.0025, 0.0017, 0.2850
-0.0024, 0.0015, 0.2886
-0.0026, 0.0017, 0.2914
-0.0025, 0.0017, 0.2946
-0.0023, 0.0017, 0.2975
-0.0024, 0.0015, 0.3005
-0.0023, 0.0014, 0.3041
-0.0024, 0.0015, 0.3069
-0.0021, 0.0011, 0.3104
-0.0020, 0.0013, 0.3133
-0.0021, 0.0015, 0.3170
-0.0021, 0.0011, 0.3202
-0.0021, 0.0012, 0.3237
-0.0024, 0.0015, 0.3270
-0.0021, 0.0013, 0.3306
-0.0023, 0.0013, 0.3335
-0.0022, 0.0012, 0.3372
-0.0020, 0.0010, 0.3403
-0.0020, 0.0011, 0.3438
-0.0020, 0.0010, 0.3471
-0.0020, 0.0008, 0.3506
-0.0021, 0.0009, 0.3544
-0.0020, 0.0009, 0.3578
-0.0020, 0.0009, 0.3614
-0.0019, 0.0008, 0.3648
-0.0019, 0.0008, 0.3676
-0.0019, 0.0008, 0.3722
-0.0019, 0.0007, 0.3747
-0.0016, 0.0005, 0.3787
-0.0018, 0.0008, 0.3817
-0.0015, 0.0002, 0.3856
-0.0017, 0.0004, 0.3896
-0.0018, 0.0004, 0.3930
-0.0015, 0.0004, 0.3969
-0.0018, 0.0006, 0.4004
-0.0016, 0.0003, 0.4042
-0.0016, 0.0006, 0.4082
-0.0016, 0.0001, 0.4113
-0.0015, 0.0001, 0.4153
-0.0017, 0.0004, 0.4188
-0.0017, 0.0005, 0.4230
-0.0016, 0.0003, 0.4265
-0.0015, 0.0003, 0.4302
-0.0017, 0.0004, 0.4345
-0.0017, 0.0006, 0.4383
-0.0016, 0.0003, 0.4425
-0.0016, 0.0006, 0.4468
-0.0017, 0.0006, 0.4512
-0.0016, 0.0004, 0.4546
-0.0018, 0.0008, 0.4585
-0.0020, 0.0008, 0.4629
-0.0021, 0.0011, 0.4666
-0.0020, 0.0010, 0.4708
-0.0019, 0.0008, 0.4747
-0.0019, 0.0009, 0.4782
-0.0021, 0.0011, 0.4826
-0.0023, 0.0013, 0.4865
-0.0023, 0.0013, 0.4904
-0.0024, 0.0012, 0.4946
-0.0024, 0.0010, 0.4984
-0.0025, 0.0014, 0.5030
-0.0023, 0.0009, 0.5070
-0.0027, 0.0015, 0.5103
-0.0024, 0.0014, 0.5148
-0.0025, 0.0012, 0.5190
-0.0026, 0.0013, 0.5228
-0.0027, 0.0014, 0.5266
-0.0028, 0.0014, 0.5305
-0.0026, 0.0015, 0.5345
-0.0029, 0.0017, 0.5388
-0.0032, 0.0016, 0.5426
-0.0029, 0.0016, 0.5470
-0.0031, 0.0012, 0.5507
-0.0030, 0.0015, 0.5557
-0.0030, 0.0012, 0.5594
-0.0032, 0.0013, 0.5642
-0.0032, 0.0013, 0.5687
-0.0032, 0.0011, 0.5728
-0.0033, 0.0011, 0.5773
-0.0035, 0.0013, 0.5813
-0.0034, 0.0011, 0.5855
-0.0035, 0.0014, 0.5902
-0.0035, 0.0013, 0.5949
-0.0036, 0.0013, 0.5993
-0.0038, 0.0015, 0.6036
-0.0040, 0.0014, 0.6083
-0.0041, 0.0014, 0.6122
-0.0040, 0.0011, 0.6172
-0.0041, 0.0012, 0.6218
-0.0041, 0.0011, 0.6266
-0.0043, 0.0010, 0.6308
-0.0041, 0.0009, 0.6353
-0.0043, 0.0010, 0.6401
-0.0042, 0.0008, 0.6440
-0.0042, 0.0008, 0.6490
-0.0043, 0.0006, 0.6536
-0.0043, 0.0006, 0.6581
-0.0043, 0.0004, 0.6629
-0.0043, 0.0005, 0.6672
-0.0043, 0.0005, 0.6724
-0.0041, 0.0001, 0.6769
-0.0043, 0.0005, 0.6817
-0.0041, -0.0000, 0.6866
-0.0042, -0.0002, 0.6906
-0.0040, -0.0002, 0.6952
-0.0040, -0.0005, 0.7000
-0.0040, -0.0005, 0.7051
-0.0042, -0.0003, 0.7099
-0.0041, -0.0007, 0.7145
-0.0041, -0.0007, 0.7198
-0.0043, -0.0007, 0.7239
-0.0041, -0.0010, 0.7296
-0.0040, -0.0010, 0.7341
-0.0040, -0.0008, 0.7395
-0.0042, -0.0010, 0.7439
-0.0041, -0.0012, 0.7485
-0.0042, -0.0010, 0.7537
-0.0044, -0.0013, 0.7589
-0.0042, -0.0015, 0.7636
-0.0043, -0.0015, 0.7686
-0.0044, -0.0014, 0.7736
-0.0045, -0.0015, 0.7786
-0.0045, -0.0015, 0.7833
-0.0045, -0.0016, 0.7885
-0.0045, -0.0017, 0.7934
-0.0045, -0.0018, 0.7982
-0.0045, -0.0020, 0.8028
-0.0045, -0.0018, 0.8078
-0.0047, -0.0017, 0.8132
-0.0044, -0.0024, 0.8182
-0.0045, -0.0021, 0.8232
-0.0044, -0.0023, 0.8278
-0.0049, -0.0018, 0.8328
-0.0046, -0.0026, 0.8379
-0.0049, -0.0025, 0.8433
-0.0047, -0.0024, 0.8484
-0.0049, -0.0024, 0.8530
-0.0048, -0.0023, 0.8582
-0.0051, -0.0022, 0.8633
-0.0051, -0.0022, 0.8683
-0.0049, -0.0027, 0.8740
-0.0050, -0.0025, 0.8786
-0.0052, -0.0024, 0.8838
-0.0053, -0.0027, 0.8894
-0.0056, -0.0024, 0.8945
-0.0056, -0.0025, 0.9004
-0.0057, -0.0027, 0.9051
-0.0059, -0.0025, 0.9107
-0.0059, -0.0025, 0.9158
-0.0062, -0.0022, 0.9208
-0.0061, -0.0024, 0.9267
-0.0063, -0.0021, 0.9317
-0.0065, -0.0021, 0.9370
-0.0067, -0.0021, 0.9428
-0.0068, -0.0020, 0.9481
-0.0068, -0.0021, 0.9538
-0.0066, -0.0022, 0.9589
-0.0069, -0.0023, 0.9641
-0.0069, -0.0024, 0.9692
-0.0071, -0.0024, 0.9753
-0.0073, -0.0022, 0.9808
-0.0071, -0.0026, 0.9867
-0.0070, -0.0025, 0.9924
-0.0073, -0.0024, 0.9976
-0.0074, -0.0024, 1.0031
-0.0071, -0.0029, 1.0089
-0.0074, -0.0026, 1.0147
-0.0074, -0.0027, 1.0201
-0.0073, -0.0029, 1.0252
-0.0074, -0.0029, 1.0311
-0.0075, -0.0029, 1.0369
-0.0078, -0.0026, 1.0430
-0.0075, -0.0029, 1.0479
-0.0078, -0.0028, 1.0536
-0.0077, -0.0034, 1.0594
-0.0078, -0.0033, 1.0649
-0.0079, -0.0032, 1.0707
-0.0080, -0.0033, 1.0763
-0.0081, -0.0034, 1.0822
-0.0082, -0.0032, 1.0881
-0.0083, -0.0034, 1.0933
-0.0085, -0.0034, 1.0991
-0.0085, -0.0036, 1.1047
-0.0085, -0.0034, 1.1102
-0.0087, -0.0035, 1.1156
-0.0087, -0.0038, 1.1216
-0.0087, -0.0038, 1.1272
-0.0089, -0.0039, 1.1324
-0.0089, -0.0043, 1.1381
-0.0091, -0.0040, 1.1438
-0.0093, -0.0040, 1.1499
-0.0092, -0.0045, 1.1554
-0.0092, -0.0046, 1.1609
-0.0093, -0.0045, 1.1666
-0.0094, -0.0047, 1.1721
-0.0094, -0.0045, 1.1779
-0.0093, -0.0048, 1.1838
-0.0093, -0.0053, 1.1893
-0.0097, -0.0050, 1.1952
-0.0094, -0.0053, 1.2006
-0.0095, -0.0052, 1.2068
-0.0098, -0.0053, 1.2123
-0.0097, -0.0057, 1.2181
-0.0097, -0.0058, 1.2241
-0.0099, -0.0054, 1.2294
-0.0097, -0.0061, 1.2354
-0.0103, -0.0057, 1.2408
-0.0102, -0.0061, 1.2468
-0.0103, -0.0061, 1.2526
-0.0104, -0.0060, 1.2586
-0.0104, -0.0062, 1.2645
-0.0104, -0.0066, 1.2702
-0.0105, -0.0066, 1.2762
-0.0107, -0.0063, 1.2824
-0.0108, -0.0063, 1.2880
-0.0108, -0.0068, 1.2942
-0.0109, -0.0067, 1.3000
-0.0107, -0.0067, 1.3060
-0.0109, -0.0068, 1.3116
-0.0110, -0.0065, 1.3178
-0.0108, -0.0070, 1.3238
-0.0109, -0.0074, 1.3300
-0.0112, -0.0071, 1.3361
-0.0115, -0.0071, 1.3416
-0.0113, -0.0076, 1.3477
-0.0113, -0.0075, 1.3538
-0.0113, -0.0074, 1.3597
-0.0114, -0.0075, 1.3653
-0.0113, -0.0078, 1.3711
-0.0116, -0.0076, 1.3774
-0.0115, -0.0078, 1.3832
-0.0115, -0.0080, 1.3886
-0.0115, -0.0076, 1.3950
-0.0118, -0.0075, 1.4005
-0.0119, -0.0074, 1.4067
-0.0119, -0.0076, 1.4126
-0.0119, -0.0077, 1.4188
-0.0120, -0.0076, 1.4243
-0.0120, -0.0079, 1.4306
-0.0121, -0.0079, 1.4363
-0.0121, -0.0080, 1.4419
-0.0121, -0.0078, 1.4475
-0.0121, -0.0080, 1.4539
-0.0121, -0.0082, 1.4595
-0.0124, -0.0078, 1.4657
-0.0125, -0.0077, 1.4714
-0.0125, -0.0081, 1.4779
-0.0123, -0.0079, 1.4836
-0.0125, -0.0079, 1.4896
-0.0126, -0.0077, 1.4957
-0.0126, -0.0080, 1.5018
-0.0128, -0.0078, 1.5080
-0.0128, -0.0080, 1.5142
-0.0130, -0.0078, 1.5201
-0.0130, -0.0079, 1.5263
-0.0131, -0.0077, 1.5326
-0.0130, -0.0079, 1.5385
-0.0131, -0.0078, 1.5445
-0.0134, -0.0071, 1.5511
-0.0132, -0.0076, 1.5566
-0.0134, -0.0076, 1.5633
-0.0132, -0.0078, 1.5692
-0.0134, -0.0075, 1.5753
-0.0136, -0.0072, 1.5816
-0.0134, -0.0077, 1.5877
-0.0134, -0.0075, 1.5945
-0.0134, -0.0077, 1.6003
-0.0134, -0.0075, 1.6069
-0.0134, -0.0073, 1.6129
-0.0134, -0.0072, 1.6193
-0.0133, -0.0075, 1.6256
-0.0134, -0.0076, 1.6316
-0.0133, -0.0076, 1.6384
-0.0134, -0.0075, 1.6445
-0.0133, -0.0076, 1.6504
-0.0131, -0.0079, 1.6568
-0.0130, -0.0079, 1.6627
-0.0132, -0.0076, 1.6691
-0.0133, -0.0074, 1.6747
-0.0132, -0.0078, 1.6808
-0.0131, -0.0077, 1.6872
-0.0131, -0.0078, 1.6932
-0.0134, -0.0074, 1.6999
-0.0133, -0.0075, 1.7056
-0.0133, -0.0074, 1.7121
-0.0132, -0.0075, 1.7187
-0.0131, -0.0075, 1.7248
-0.0132, -0.0077, 1.7313
-0.0133, -0.0075, 1.7375
-0.0135, -0.0075, 1.7436
-0.0131, -0.0080, 1.7498
-0.0132, -0.0078, 1.7560
-0.0133, -0.0075, 1.7627
-0.0134, -0.0075, 1.7692
-0.0132, -0.0078, 1.7757
-0.0131, -0.0078, 1.7818
-0.0133, -0.0077, 1.7888
-0.0132, -0.0076, 1.7952
-0.0133, -0.0075, 1.8017
-0.0133, -0.0078, 1.8080
-0.0132, -0.0078, 1.8142
-0.0132, -0.0079, 1.8206
-0.0133, -0.0077, 1.8269
-0.0133, -0.0077, 1.8338
-0.0133, -0.0077, 1.8403
-0.0133, -0.0075, 1.8463
-0.0134, -0.0074, 1.8533
-0.0133, -0.0077, 1.8600
-0.0134, -0.0075, 1.8665
-0.0132, -0.0077, 1.8729
-0.0131, -0.0080, 1.8792
-0.0131, -0.0077, 1.8861
-0.0131, -0.0078, 1.8920
-0.0131, -0.0079, 1.8990
-0.0131, -0.0079, 1.9050
-0.0133, -0.0079, 1.9118
-0.0132, -0.0083, 1.9181
-0.0132, -0.0077, 1.9247
-0.0133, -0.0079, 1.9314
-0.0133, -0.0081, 1.9376
-0.0133, -0.0080, 1.9438
-0.0132, -0.0082, 1.9506
-0.0133, -0.0080, 1.9566
-0.0132, -0.0082, 1.9633
-0.0133, -0.0083, 1.9697
-0.0132, -0.0085, 1.9760
-0.0133, -0.0083, 1.9827
-0.0131, -0.0085, 1.9889
-0.0132, -0.0083, 1.9958
-0.0132, -0.0084, 2.0022
-0.0133, -0.0080, 2.0089
-0.0134, -0.0079, 2.0157
-0.0133, -0.0081, 2.0229
-0.0133, -0.0080, 2.0294
-0.0131, -0.0084, 2.0357
-0.0134, -0.0081, 2.0425
-0.0134, -0.0079, 2.0493
-0.0135, -0.0080, 2.0563
-0.0134, -0.0081, 2.0630
-0.0135, -0.0079, 2.0697
-0.0135, -0.0080, 2.0764
-0.0137, -0.0081, 2.0833
-0.0135, -0.0081, 2.0905
-0.0135, -0.0078, 2.0976
-0.0134, -0.0080, 2.1049
-0.0136, -0.0076, 2.1119
-0.0136, -0.0078, 2.1185
-0.0135, -0.0078, 2.1256
-0.0134, -0.0080, 2.1323
-0.0136, -0.0076, 2.1391
-0.0138, -0.0076, 2.1467
-0.0136, -0.0075, 2.1533
-0.0136, -0.0076, 2.1608
-0.0139, -0.0076, 2.1670
-0.0137, -0.0079, 2.1739
-0.0137, -0.0080, 2.1812
-0.0138, -0.0076, 2.1879
-0.0139, -0.0075, 2.1950
-0.0139, -0.0076, 2.2018
-0.0139, -0.0079, 2.2089
-0.0137, -0.0079, 2.2158
-0.0137, -0.0079, 2.2225
-0.0138, -0.0080, 2.2295
-0.0138, -0.0081, 2.2367
-0.0138, -0.0080, 2.2437
-0.0139, -0.0080, 2.2510
-0.0138, -0.0081, 2.2577
-0.0139, -0.0081, 2.2655
-0.0138, -0.0082, 2.2723
-0.0138, -0.0081, 2.2796
-0.0135, -0.0081, 2.2871
-0.0139, -0.0082, 2.2943
-0.0138, -0.0083, 2.3017
-0.0139, -0.0082, 2.3090
-0.0137, -0.0083, 2.3163
-0.0139, -0.0081, 2.3234
-0.0139, -0.0082, 2.3307
-0.0140, -0.0084, 2.3377
-0.0141, -0.0081, 2.3456
-0.0142, -0.0078, 2.3530
-0.0139, -0.0082, 2.3603
-0.0141, -0.0077, 2.3681
-0.0141, -0.0079, 2.3753
-0.0140, -0.0079, 2.3831
-0.0142, -0.0078, 2.3906
-0.0142, -0.0080, 2.3981
-0.0143, -0.0077, 2.4057
-0.0143, -0.0077, 2.4131
-0.0143, -0.0080, 2.4206
-0.0144, -0.0076, 2.4279
-0.0146, -0.0076, 2.4354
-0.0145, -0.0078, 2.4429
-0.0145, -0.0079, 2.4506
-0.0147, -0.0076, 2.4585
-0.0147, -0.0077, 2.4657
-0.0148, -0.0077, 2.4729
-0.0145, -0.0081, 2.4808
-0.0147, -0.0079, 2.4883
-0.0143, -0.0082, 2.4964
-0.0146, -0.0080, 2.5038
-0.0146, -0.0079, 2.5109
-0.0147, -0.0078, 2.5192
-0.0145, -0.0083, 2.5263
-0.0146, -0.0082, 2.5340
-0.0144, -0.0083, 2.5420
-0.0147, -0.0081, 2.5497
-0.0149, -0.0084, 2.5576
-0.0146, -0.0085, 2.5650
-0.0148, -0.0085, 2.5731
-0.0147, -0.0090, 2.5811
-0.0149, -0.0084, 2.5892
-0.0149, -0.0086, 2.5970
-0.0151, -0.0085, 2.6046
-0.0150, -0.0087, 2.6127
-0.0151, -0.0088, 2.6204
-0.0151, -0.0085, 2.6284
-0.0153, -0.0085, 2.6366
-0.0152, -0.0087, 2.6442
-0.0154, -0.0085, 2.6524
-0.0152, -0.0086, 2.6603
-0.0153, -0.0084, 2.6681
-0.0153, -0.0088, 2.6764
-0.0154, -0.0087, 2.6840
-0.0153, -0.0091, 2.6922
-0.0156, -0.0089, 2.6998
-0.0154, -0.0090, 2.7075
-0.0155, -0.0088, 2.7151
-0.0157, -0.0090, 2.7226
-0.0158, -0.0088, 2.7310
-0.0156, -0.0092, 2.7389
-0.0157, -0.0089, 2.7469
-0.0156, -0.0093, 2.7551
-0.0155, -0.0096, 2.7629
-0.0158, -0.0093, 2.7709
-0.0158, -0.0094, 2.7785
-0.0159, -0.0094, 2.7867
-0.0159, -0.0096, 2.7950
-0.0157, -0.0100, 2.8028
-0.0159, -0.0096, 2.8108
-0.0160, -0.0098, 2.8189
-0.0161, -0.0098, 2.8266
-0.0161, -0.0097, 2.8351
-0.0164, -0.0094, 2.8430
-0.0160, -0.0099, 2.8510
-0.0163, -0.0099, 2.8590
-0.0163, -0.0099, 2.8674
-0.0165, -0.0099, 2.8750
-0.0162, -0.0102, 2.8834
-0.0166, -0.0101, 2.8915
-0.0165, -0.0102, 2.8995
-0.0165, -0.0102, 2.9080
-0.0166, -0.0103, 2.9160
-0.0167, -0.0100, 2.9241
-0.0167, -0.0104, 2.9315
-0.0168, -0.0105, 2.9398
-0.0168, -0.0104, 2.9480
-0.0166, -0.0104, 2.9556
-0.0168, -0.0106, 2.9636
-0.0168, -0.0107, 2.9716
-0.0169, -0.0107, 2.9794
-0.0168, -0.0107, 2.9876
-0.0166, -0.0110, 2.9953
-0.0169, -0.0107, 3.0039
-0.0169, -0.0110, 3.0111
-0.0169, -0.0107, 3.0190
-0.0167, -0.0109, 3.0274
-0.0169, -0.0107, 3.0347
-0.0167, -0.0111, 3.0431
-0.0169, -0.0108, 3.0510
-0.0168, -0.0112, 3.0592
-0.0167, -0.0112, 3.0669
-0.0168, -0.0109, 3.0749
-0.0168, -0.0109, 3.0835
-0.0169, -0.0109, 3.0915
-0.0167, -0.0108, 3.0999
-0.0169, -0.0111, 3.1077
-0.0168, -0.0111, 3.1159
-0.0170, -0.0106, 3.1242
-0.0170, -0.0110, 3.1326
-0.0168, -0.0110, 3.1408
-0.0168, -0.0109, 3.1487
-0.0171, -0.0108, 3.1573
-0.0170, -0.0110, 3.1650
-0.0171, -0.0108, 3.1736
-0.0171, -0.0109, 3.1819
-0.0171, -0.0108, 3.1904
-0.0172, -0.0104, 3.1988
-0.0171, -0.0109, 3.2067
-0.0173, -0.0105, 3.2145
-0.0173, -0.0105, 3.2225
-0.0176, -0.0104, 3.2309
-0.0175, -0.0104, 3.2391
-0.0175, -0.0103, 3.2466
-0.0173, -0.0105, 3.2550
-0.0174, -0.0103, 3.2631
-0.0173, -0.0106, 3.2712
-0.0176, -0.0101, 3.2790
-0.0176, -0.0103, 3.2870
-0.0174, -0.0103, 3.2949
-0.0172, -0.0108, 3.3027
-0.0174, -0.0104, 3.3113
-0.0175, -0.0105, 3.3190
-0.0174, -0.0107, 3.3271
-0.0173, -0.0106, 3.3354
-0.0172, -0.0105, 3.3435
-0.0173, -0.0105, 3.3518
-0.0172, -0.0107, 3.3597
-0.0172, -0.0106, 3.3677
-0.0170, -0.0107, 3.3761
-0.0173, -0.0105, 3.3839
-0.0174, -0.0101, 3.3924
-0.0173, -0.0102, 3.4000
-0.0176, -0.0097, 3.4084
-0.0175, -0.0100, 3.4167
-0.0178, -0.0100, 3.4246
-0.0176, -0.0102, 3.4328
-0.0175, -0.0103, 3.4408
-0.0176, -0.0103, 3.4494
-0.0176, -0.0101, 3.4572
-0.0176, -0.0103, 3.4655
-0.0179, -0.0099, 3.4735
-0.0179, -0.0100, 3.4814
-0.0178, -0.0102, 3.4896
-0.0180, -0.0099, 3.4971
-0.0180, -0.0101, 3.5051
-0.0181, -0.0099, 3.5130
-0.0180, -0.0102, 3.5209
-0.0180, -0.0102, 3.5287
-0.0178, -0.0102, 3.5367
-0.0178, -0.0103, 3.5449
-0.0176, -0.0107, 3.5526
-0.0177, -0.0105, 3.5604
-0.0176, -0.0106, 3.5685
-0.0175, -0.0106, 3.5768
-0.0175, -0.0104, 3.5852
-0.0174, -0.0106, 3.5928
-0.0175, -0.0107, 3.6008
-0.0175, -0.0106, 3.6097
-0.0173, -0.0110, 3.6169
-0.0173, -0.0110, 3.6257
-0.0172, -0.0108, 3.6337
-0.0174, -0.0108, 3.6418
-0.0172, -0.0109, 3.6502
-0.0172, -0.0111, 3.6585
-0.0172, -0.0114, 3.6670
-0.0172, -0.0112, 3.6752
-0.0172, -0.0111, 3.6837
-0.0170, -0.0112, 3.6919
-0.0170, -0.0112, 3.7002
-0.0171, -0.0111, 3.7086
-0.0170, -0.0113, 3.7164
-0.0172, -0.0110, 3.7251
-0.0173, -0.0114, 3.7331
-0.0171, -0.0117, 3.7410
-0.0171, -0.0117, 3.7493
-0.0171, -0.0116, 3.7574
-0.0171, -0.0118, 3.7659
-0.0171, -0.0119, 3.7742
-0.0172, -0.0118, 3.7827
-0.0170, -0.0116, 3.7905
-0.0172, -0.0117, 3.7990
-0.0171, -0.0122, 3.8071
-0.0170, -0.0121, 3.8161
-0.0170, -0.0121, 3.8247
-0.0171, -0.0120, 3.8326
-0.0170, -0.0121, 3.8413
-0.0170, -0.0121, 3.8498
-0.0168, -0.0124, 3.8586
-0.0166, -0.0124, 3.8669
-0.0169, -0.0120, 3.8753
-0.0172, -0.0121, 3.8839
-0.0170, -0.0122, 3.8921
-0.0169, -0.0122, 3.9012
-0.0170, -0.0122, 3.9095
-0.0168, -0.0123, 3.9188
-0.0171, -0.0121, 3.9278
-0.0170, -0.0118, 3.9362
-0.0169, -0.0122, 3.9458
-0.0169, -0.0121, 3.9540
-0.0171, -0.0120, 3.9625
-0.0173, -0.0118, 3.9713
-0.0174, -0.0119, 3.9798
-0.0173, -0.0116, 3.9888
-0.0175, -0.0118, 3.9970
-0.0176, -0.0116, 4.0069
-0.0178, -0.0117, 4.0147
-0.0177, -0.0117, 4.0244
-0.0180, -0.0112, 4.0327
-0.0180, -0.0113, 4.0417
-0.0180, -0.0114, 4.0507
-0.0181, -0.0114, 4.0595
-0.0181, -0.0111, 4.0684
-0.0181, -0.0112, 4.0772
-0.0181, -0.0113, 4.0861
-0.0181, -0.0113, 4.0955
-0.0183, -0.0112, 4.1044
-0.0181, -0.0115, 4.1139
-0.0182, -0.0113, 4.1223
-0.0184, -0.0112, 4.1318
-0.0184, -0.0110, 4.1411
-0.0182, -0.0118, 4.1497
-0.0184, -0.0116, 4.1589
-0.0185, -0.0110, 4.1677
-0.0185, -0.0109, 4.1771
-0.0185, -0.0110, 4.1856
-0.0186, -0.0115, 4.1948
-0.0185, -0.0109, 4.2040
-0.0187, -0.0111, 4.2133
-0.0185, -0.0114, 4.2222
-0.0186, -0.0115, 4.2313
-0.0187, -0.0113, 4.2408
-0.0189, -0.0110, 4.2497
-0.0191, -0.0112, 4.2586
-0.0191, -0.0113, 4.2672
-0.0191, -0.0116, 4.2763
-0.0192, -0.0115, 4.2857
-0.0194, -0.0115, 4.2940
-0.0194, -0.0115, 4.3035
-0.0191, -0.0116, 4.3127
-0.0194, -0.0115, 4.3218
-0.0194, -0.0117, 4.3315
-0.0194, -0.0117, 4.3403
-0.0198, -0.0116, 4.3493
-0.0196, -0.0117, 4.3590
-0.0196, -0.0120, 4.3673
-0.0197, -0.0118, 4.3768
-0.0197, -0.0119, 4.3855
-0.0199, -0.0117, 4.3946
-0.0199, -0.0116, 4.4038
-0.0198, -0.0124, 4.4130
-0.0197, -0.0126, 4.4226
-0.0198, -0.0123, 4.4319
-0.0199, -0.0125, 4.4411
-0.0198, -0.0128, 4.4503
-0.0197, -0.0128, 4.4595
-0.0197, -0.0130, 4.4688
-0.0198, -0.0128, 4.4776
-0.0197, -0.0131, 4.4870
-0.0197, -0.0134, 4.4961
-0.0198, -0.0134, 4.5053
-0.0198, -0.0134, 4.5142
-0.0199, -0.0137, 4.5232
-0.0199, -0.0139, 4.5321
-0.0199, -0.0139, 4.5414
-0.0199, -0.0141, 4.5507
-0.0200, -0.0140, 4.5597
-0.0200, -0.0140, 4.5685
-0.0200, -0.0141, 4.5774
-0.0199, -0.0145, 4.5863
-0.0197, -0.0146, 4.5961
-0.0201, -0.0144, 4.6049
-0.0199, -0.0146, 4.6143
-0.0200, -0.0147, 4.6226
-0.0200, -0.0147, 4.6320
-0.0200, -0.0150, 4.6416
-0.0201, -0.0151, 4.6502
-0.0200, -0.0151, 4.6594
-0.0199, -0.0155, 4.6686
-0.0203, -0.0149, 4.6781
-0.0200, -0.0152, 4.6867
-0.0200, -0.0154, 4.6958
-0.0200, -0.0154, 4.7055
-0.0201, -0.0155, 4.7147
-0.0202, -0.0155, 4.7235
-0.0200, -0.0157, 4.7327
-0.0202, -0.0155, 4.7422
-0.0201, -0.0151, 4.7509
-0.0202, -0.0152, 4.7600
-0.0202, -0.0152, 4.7693
-0.0203, -0.0152, 4.7778
-0.0204, -0.0152, 4.7877
-0.0205, -0.0152, 4.7962
-0.0206, -0.0150, 4.8056
-0.0206, -0.0150, 4.8143
-0.0206, -0.0149, 4.8227
-0.0208, -0.0149, 4.8317
-0.0207, -0.0147, 4.8403
-0.0207, -0.0150, 4.8494
-0.0209, -0.0149, 4.8585
-0.0210, -0.0144, 4.8668
-0.0210, -0.0143, 4.8762
-0.0209, -0.0145, 4.8850
-0.0210, -0.0142, 4.8944
-0.0210, -0.0143, 4.9031
-0.0211, -0.0142, 4.9121
-0.0212, -0.0141, 4.9214
-0.0212, -0.0138, 4.9297
-0.0212, -0.0141, 4.9387
-0.0213, -0.0140, 4.9477
-0.0214, -0.0139, 4.9564
-0.0213, -0.0139, 4.9653
-0.0213, -0.0141, 4.9740
-0.0214, -0.0139, 4.9832
-0.0216, -0.0135, 4.9920
-0.0216, -0.0134, 5.0010
-0.0216, -0.0134, 5.0100
-0.0217, -0.0134, 5.0185
-0.0216, -0.0135, 5.0268
-0.0218, -0.0135, 5.0362
-0.0218, -0.0135, 5.0444
-0.0218, -0.0136, 5.0529
-0.0221, -0.0134, 5.0617
-0.0220, -0.0136, 5.0699
-0.0221, -0.0132, 5.0787
-0.0221, -0.0132, 5.0877
-0.0220, -0.0133, 5.0965
-0.0220, -0.0135, 5.1055
-0.0222, -0.0133, 5.1134
-0.0221, -0.0133, 5.1233
-0.0220, -0.0134, 5.1316
-0.0220, -0.0137, 5.1402
-0.0219, -0.0134, 5.1495
-0.0221, -0.0134, 5.1579
-0.0219, -0.0134, 5.1672
-0.0218, -0.0134, 5.1757
-0.0219, -0.0137, 5.1847
-0.0221, -0.0137, 5.1941
-0.0220, -0.0136, 5.2033
-0.0219, -0.0139, 5.2126
-0.0220, -0.0140, 5.2213
-0.0220, -0.0135, 5.2312
-0.0218, -0.0139, 5.2397
-0.0220, -0.0139, 5.2494
-0.0218, -0.0141, 5.2581
-0.0220, -0.0140, 5.2672
-0.0219, -0.0140, 5.2758
-0.0221, -0.0140, 5.2846
-0.0220, -0.0145, 5.2938
-0.0220, -0.0145, 5.3027
-0.0221, -0.0142, 5.3117
-0.0220, -0.0146, 5.3205
-0.0221, -0.0147, 5.3297
-0.0221, -0.0146, 5.3389
-0.0220, -0.0148, 5.3474
-0.0219, -0.0150, 5.3573
-0.0219, -0.0151, 5.3660
-0.0218, -0.0155, 5.3750
-0.0216, -0.0157, 5.3848
-0.0218, -0.0156, 5.3939
-0.0219, -0.0154, 5.4034
-0.0218, -0.0154, 5.4123
-0.0218, -0.0159, 5.4218
-0.0217, -0.0161, 5.4315
-0.0217, -0.0162, 5.4404
-0.0219, -0.0162, 5.4501
-0.0216, -0.0166, 5.4588
-0.0219, -0.0166, 5.4687
-0.0219, -0.0165, 5.4785
-0.0218, -0.0166, 5.4878
-0.0219, -0.0168, 5.4976
-0.0219, -0.0169, 5.5073
-0.0219, -0.0168, 5.5171
-0.0219, -0.0171, 5.5266
-0.0219, -0.0171, 5.5357
-0.0222, -0.0167, 5.5457
-0.0221, -0.0167, 5.5547
-0.0222, -0.0168, 5.5646
-0.0225, -0.0167, 5.5740
-0.0226, -0.0169, 5.5837
-0.0226, -0.0170, 5.5931
-0.0227, -0.0170, 5.6026
-0.0230, -0.0171, 5.6120
-0.0231, -0.0169, 5.6223
-0.0231, -0.0171, 5.6321
-0.0234, -0.0169, 5.6415
-0.0234, -0.0170, 5.6516
-0.0235, -0.0169, 5.6617
-0.0235, -0.0172, 5.6716
-0.0236, -0.0171, 5.6820
-0.0238, -0.0170, 5.6914
-0.0237, -0.0173, 5.7010
-0.0240, -0.0173, 5.7114
-0.0241, -0.0170, 5.7211
-0.0243, -0.0174, 5.7316
-0.0245, -0.0175, 5.7408
-0.0246, -0.0173, 5.7514
-0.0249, -0.0168, 5.7613
-0.0248, -0.0173, 5.7710
-0.0248, -0.0173, 5.7815
-0.0251, -0.0172, 5.7912
-0.0253, -0.0173, 5.8015
-0.0255, -0.0172, 5.8117
-0.0257, -0.0173, 5.8211
-0.0259, -0.0172, 5.8316
-0.0259, -0.0172, 5.8414
-0.0262, -0.0174, 5.8518
-0.0265, -0.0172, 5.8615
-0.0264, -0.0174, 5.8707
-0.0268, -0.0173, 5.8812
-0.0272, -0.0174, 5.8900
-0.0272, -0.0171, 5.9003
-0.0273, -0.0177, 5.9101
-0.0275, -0.0177, 5.9202
-0.0276, -0.0176, 5.9304
-0.0275, -0.0181, 5.9405
-0.0279, -0.0179, 5.9510
-0.0277, -0.0184, 5.9608
-0.0279, -0.0185, 5.9706
-0.0282, -0.0181, 5.9808
-0.0283, -0.0185, 5.9910
-0.0285, -0.0184, 6.0010
-0.0286, -0.0188, 6.0111
-0.0288, -0.0189, 6.0214
-0.0288, -0.0194, 6.0311
-0.0293, -0.0193, 6.0413
-0.0293, -0.0194, 6.0512
-0.0294, -0.0195, 6.0612
-0.0294, -0.0199, 6.0714
-0.0296, -0.0198, 6.0818
-0.0296, -0.0200, 6.0924
-0.0298, -0.0198, 6.1016
-0.0300, -0.0203, 6.1116
-0.0301, -0.0201, 6.1221
-0.0302, -0.0207, 6.1319
-0.0304, -0.0206, 6.1418
-0.0304, -0.0208, 6.1516
-0.0307, -0.0208, 6.1621
-0.0310, -0.0207, 6.1719
-0.0310, -0.0209, 6.1824
-0.0312, -0.0213, 6.1923
-0.0313, -0.0216, 6.2021
-0.0313, -0.0218, 6.2120
-0.0312, -0.0220, 6.2223
-0.0314, -0.0224, 6.2314
-0.0317, -0.0223, 6.2419
-0.0318, -0.0222, 6.2517
-0.0317, -0.0229, 6.2615
-0.0318, -0.0232, 6.2713
-0.0321, -0.0228, 6.2816
-0.0320, -0.0234, 6.2919
-0.0319, -0.0237, 6.3016
-0.0321, -0.0242, 6.3117
-0.0322, -0.0242, 6.3221
-0.0325, -0.0240, 6.3318
-0.0326, -0.0242, 6.3419
-0.0327, -0.0245, 6.3518
-0.0328, -0.0244, 6.3618
-0.0329, -0.0248, 6.3719
-0.0331, -0.0250, 6.3828
-0.0329, -0.0255, 6.3927
-0.0332, -0.0252, 6.4031
-0.0334, -0.0252, 6.4135
-0.0335, -0.0256, 6.4234
-0.0337, -0.0254, 6.4337
-0.0338, -0.0254, 6.4440
-0.0339, -0.0255, 6.4540
-0.0339, -0.0257, 6.4638
-0.0342, -0.0256, 6.4735
-0.0342, -0.0259, 6.4838
-0.0344, -0.0258, 6.4934
-0.0344, -0.0259, 6.5039
-0.0346, -0.0260, 6.5130
-0.0348, -0.0258, 6.5231
-0.0348, -0.0261, 6.5329
-0.0351, -0.0259, 6.5425
-0.0350, -0.0260, 6.5530
-0.0352, -0.0258, 6.5621
-0.0353, -0.0259, 6.5725
-0.0352, -0.0262, 6.5825
-0.0354, -0.0263, 6.5924
-0.0354, -0.0264, 6.6028
-0.0356, -0.0262, 6.6125
-0.0358, -0.0262, 6.6221
-0.0361, -0.0258, 6.6317
-0.0362, -0.0260, 6.6415
-0.0364, -0.0259, 6.6515
-0.0362, -0.0265, 6.6613
-0.0365, -0.0263, 6.6712
-0.0366, -0.0263, 6.6812
-0.0367, -0.0262, 6.6911
-0.0370, -0.0264, 6.7012
-0.0371, -0.0261, 6.7111
-0.0373, -0.0259, 6.7209
-0.0374, -0.0265, 6.7309
-0.0376, -0.0261, 6.7407
-0.0377, -0.0262, 6.7507
-0.0379, -0.0263, 6.7600
-0.0381, -0.0265, 6.7700
-0.0380, -0.0263, 6.7797
-0.0385, -0.0261, 6.7895
-0.0383, -0.0264, 6.7991
-0.0387, -0.0260, 6.8089
-0.0389, -0.0262, 6.8185
-0.0390, -0.0263, 6.8278
-0.0392, -0.0266, 6.8380
-0.0393, -0.0264, 6.8473
-0.0394, -0.0266, 6.8569
-0.0396, -0.0266, 6.8668
-0.0395, -0.0269, 6.8766
-0.0397, -0.0270, 6.8864
-0.0399, -0.0269, 6.8961
-0.0399, -0.0273, 6.9064
-0.0401, -0.0273, 6.9163
-0.0400, -0.0277, 6.9262
-0.0403, -0.0278, 6.9364
-0.0407, -0.0273, 6.9463
-0.0406, -0.0277, 6.9563
-0.0409, -0.0279, 6.9665
-0.0409, -0.0278, 6.9761
-0.0412, -0.0280, 6.9863
-0.0415, -0.0280, 6.9966
-0.0414, -0.0285, 7.0072
-0.0415, -0.0281, 7.0169
-0.0417, -0.0288, 7.0275
-0.0418, -0.0289, 7.0375
-0.0422, -0.0286, 7.0478
-0.0421, -0.0288, 7.0578
-0.0423, -0.0293, 7.0673
-0.0425, -0.0293, 7.0776
-0.0426, -0.0296, 7.0867
-0.0428, -0.0298, 7.0971
-0.0428, -0.0301, 7.1068
-0.0427, -0.0303, 7.1169
-0.0432, -0.0303, 7.1273
-0.0431, -0.0310, 7.1369
-0.0432, -0.0310, 7.1470
-0.0434, -0.0314, 7.1575
-0.0438, -0.0313, 7.1681
-0.0437, -0.0316, 7.1775
-0.0439, -0.0321, 7.1881
-0.0440, -0.0324, 7.1985
-0.0441, -0.0326, 7.2087
-0.0442, -0.0329, 7.2191
-0.0443, -0.0331, 7.2294
-0.0446, -0.0332, 7.2392
-0.0447, -0.0335, 7.2497
-0.0451, -0.0335, 7.2594
-0.0452, -0.0336, 7.2699
-0.0455, -0.0337, 7.2799
-0.0455, -0.0337, 7.2910
-0.0456, -0.0344, 7.3010
-0.0460, -0.0343, 7.3110
-0.0461, -0.0346, 7.3218
-0.0464, -0.0346, 7.3320
-0.0464, -0.0351, 7.3428
-0.0467, -0.0351, 7.3533
-0.0468, -0.0354, 7.3640
-0.0473, -0.0351, 7.3745
-0.0476, -0.0355, 7.3851
-0.0479, -0.0357, 7.3958
-0.0480, -0.0356, 7.4058
-0.0481, -0.0360, 7.4162
-0.0484, -0.0360, 7.4268
-0.0487, -0.0362, 7.4368
-0.0489, -0.0364, 7.4475
-0.0492, -0.0364, 7.4574
-0.0494, -0.0366, 7.4676
-0.0495, -0.0371, 7.4781
-0.0499, -0.0371, 7.4889
-0.0500, -0.0373, 7.4996
-0.0502, -0.0371, 7.5101
-0.0507, -0.0372, 7.5210
-0.0509, -0.0376, 7.5314
-0.0511, -0.0378, 7.5422
-0.0515, -0.0379, 7.5525
-0.0517, -0.0380, 7.5629
-0.0520, -0.0380, 7.5738
-0.0524, -0.0381, 7.5842
-0.0526, -0.0385, 7.5944
-0.0527, -0.0389, 7.6051
-0.0531, -0.0388, 7.6156
-0.0532, -0.0389, 7.6264
-0.0536, -0.0392, 7.6370
-0.0541, -0.0390, 7.6482
-0.0542, -0.0393, 7.6584
-0.0546, -0.0395, 7.6698
-0.0551, -0.0393, 7.6803
-0.0554, -0.0394, 7.6911
-0.0554, -0.0400, 7.7021
-0.0560, -0.0400, 7.7122
-0.0563, -0.0401, 7.7231
-0.0562, -0.0405, 7.7335
-0.0566, -0.0407, 7.7445
-0.0568, -0.0409, 7.7546
-0.0571, -0.0408, 7.7657
-0.0574, -0.0411, 7.7759
-0.0580, -0.0411, 7.7864
-0.0580, -0.0415, 7.7976
-0.0584, -0.0415, 7.8080
-0.0587, -0.0417, 7.8185
-0.0592, -0.0419, 7.8293
-0.0592, -0.0426, 7.8393
-0.0594, -0.0427, 7.8500
-0.0598, -0.0429, 7.8606
-0.0601, -0.0431, 7.8712
-0.0603, -0.0434, 7.8815
-0.0606, -0.0434, 7.8921
-0.0610, -0.0438, 7.9024
-0.0613, -0.0440, 7.9130
-0.0617, -0.0441, 7.9244
-0.0618, -0.0444, 7.9352
-0.0622, -0.0448, 7.9451
-0.0625, -0.0452, 7.9554
-0.0629, -0.0454, 7.9659
-0.0631, -0.0458, 7.9764
-0.0635, -0.0458, 7.9865
-0.0639, -0.0458, 7.9971
-0.0639, -0.0465, 8.0080
-0.0645, -0.0466, 8.0185
-0.0647, -0.0468, 8.0297
-0.0650, -0.0473, 8.0396
-0.0654, -0.0474, 8.0506
-0.0655, -0.0476, 8.0612
-0.0660, -0.0478, 8.0714
-0.0660, -0.0483, 8.0820
-0.0665, -0.0486, 8.0921
-0.0667, -0.0491, 8.1027
-0.0668, -0.0494, 8.1129
-0.0672, -0.0493, 8.1234
-0.0673, -0.0498, 8.1339
-0.0676, -0.0503, 8.1447
-0.0681, -0.0504, 8.1555
-0.0680, -0.0511, 8.1659
-0.0682, -0.0511, 8.1766
-0.0687, -0.0513, 8.1869
-0.0687, -0.0517, 8.1973
-0.0691, -0.0519, 8.2075
-0.0692, -0.0525, 8.2173
-0.0693, -0.0526, 8.2282
-0.0695, -0.0532, 8.2383
-0.0699, -0.0537, 8.2491
-0.0701, -0.0539, 8.2591
-0.0706, -0.0539, 8.2701
-0.0711, -0.0539, 8.2805
-0.0712, -0.0543, 8.2904
-0.0713, -0.0549, 8.3010
-0.0716, -0.0547, 8.3118
-0.0721, -0.0549, 8.3215
-0.0722, -0.0553, 8.3319
-0.0724, -0.0554, 8.3427
-0.0728, -0.0558, 8.3530
-0.0731, -0.0559, 8.3634
-0.0734, -0.0563, 8.3742
-0.0738, -0.0564, 8.3854
-0.0741, -0.0566, 8.3954
-0.0744, -0.0566, 8.4067
-0.0748, -0.0568, 8.4170
-0.0751, -0.0569, 8.4275
-0.0751, -0.0572, 8.4381
-0.0757, -0.0573, 8.4479
-0.0761, -0.0572, 8.4589
-0.0763, -0.0577, 8.4693
-0.0765, -0.0579, 8.4795
-0.0767, -0.0581, 8.4902
-0.0772, -0.0581, 8.5012
-0.0776, -0.0582, 8.5117
-0.0776, -0.0586, 8.5220
-0.0778, -0.0585, 8.5326
-0.0784, -0.0586, 8.5433
-0.0787, -0.0588, 8.5537
-0.0788, -0.0590, 8.5634
-0.0791, -0.0593, 8.5737
-0.0794, -0.0592, 8.5838
-0.0799, -0.0592, 8.5939
-0.0802, -0.0595, 8.6039
-0.0802, -0.0599, 8.6142
-0.0804, -0.0599, 8.6245
-0.0809, -0.0599, 8.6348
-0.0810, -0.0605, 8.6443
-0.0814, -0.0602, 8.6555
-0.0816, -0.0605, 8.6651
-0.0819, -0.0604, 8.6753
-0.0821, -0.0608, 8.6860
-0.0824, -0.0609, 8.6956
-0.0825, -0.0612, 8.7058
-0.0828, -0.0613, 8.7153
-0.0830, -0.0613, 8.7256
-0.0831, -0.0612, 8.7356
-0.0835, -0.0612, 8.7457
-0.0834, -0.0618, 8.7561
-0.0839, -0.0617, 8.7661
-0.0842, -0.0618, 8.7762
-0.0843, -0.0620, 8.7861
-0.0848, -0.0618, 8.7963
-0.0848, -0.0623, 8.8065
-0.0851, -0.0621, 8.8168
-0.0854, -0.0621, 8.8268
-0.0854, -0.0626, 8.8361
-0.0859, -0.0623, 8.8468
-0.0857, -0.0629, 8.8562
-0.0861, -0.0625, 8.8665
-0.0862, -0.0628, 8.8765
-0.0863, -0.0633, 8.8863
-0.0864, -0.0633, 8.8970
-0.0865, -0.0637, 8.9062
-0.0867, -0.0636, 8.9159
-0.0869, -0.0637, 8.9259
-0.0870, -0.0636, 8.9355
-0.0872, -0.0637, 8.9452
-0.0873, -0.0641, 8.9546
-0.0873, -0.0642, 8.9644
-0.0875, -0.0646, 8.9737
-0.0876, -0.0648, 8.9832
-0.0877, -0.0646, 8.9934
-0.0879, -0.0648, 9.0027
-0.0879, -0.0651, 9.0129
-0.0879, -0.0655, 9.0225
-0.0881, -0.0658, 9.0318
-0.0885, -0.0657, 9.0420
-0.0882, -0.0660, 9.0521
-0.0885, -0.0662, 9.0618
-0.0885, -0.0665, 9.0711
-0.0888, -0.0665, 9.0809
-0.0891, -0.0666, 9.0907
-0.0892, -0.0665, 9.1006
-0.0893, -0.0670, 9.1104
-0.0894, -0.0667, 9.1202
-0.0893, -0.0672, 9.1303
-0.0898, -0.0670, 9.1399
-0.0897, -0.0677, 9.1497
-0.0899, -0.0676, 9.1595
-0.0900, -0.0676, 9.1695
-0.0902, -0.0678, 9.1793
-0.0902, -0.0682, 9.1890
-0.0903, -0.0680, 9.1989
-0.0905, -0.0681, 9.2086
-0.0905, -0.0681, 9.2187
-0.0907, -0.0685, 9.2281
-0.0909, -0.0682, 9.2382
-0.0911, -0.0685, 9.2479
-0.0911, -0.0685, 9.2576
-0.0910, -0.0689, 9.2673
-0.0913, -0.0692, 9.2768
-0.0913, -0.0693, 9.2868
-0.0915, -0.0695, 9.2960
-0.0916, -0.0697, 9.3062
-0.0917, -0.0693, 9.3161
-0.0918, -0.0696, 9.3252
-0.0921, -0.0694, 9.3348
-0.0921, -0.0697, 9.3443
-0.0925, -0.0697, 9.3546
-0.0926, -0.0700, 9.3637
-0.0925, -0.0704, 9.3737
-0.0928, -0.0704, 9.3835
-0.0929, -0.0702, 9.3933
-0.0930, -0.0703, 9.4035
-0.0935, -0.0705, 9.4133
-0.0934, -0.0707, 9.4238
-0.0938, -0.0706, 9.4337
-0.0939, -0.0707, 9.4433
-0.0944, -0.0707, 9.4531
-0.0945, -0.0708, 9.4632
-0.0946, -0.0710, 9.4734
-0.0951, -0.0704, 9.4834
-0.0951, -0.0709, 9.4933
-0.0953, -0.0710, 9.5033
-0.0956, -0.0711, 9.5128
-0.0957, -0.0711, 9.5233
-0.0958, -0.0714, 9.5329
-0.0958, -0.0716, 9.5431
-0.0961, -0.0717, 9.5525
-0.0961, -0.0716, 9.5622
-0.0966, -0.0714, 9.5719
-0.0966, -0.0719, 9.5817
-0.0969, -0.0720, 9.5914
-0.0972, -0.0719, 9.6008
-0.0974, -0.0720, 9.6104
-0.0976, -0.0721, 9.6203
-0.0976, -0.0723, 9.6301
-0.0978, -0.0724, 9.6399
-0.0982, -0.0725, 9.6494
-0.0982, -0.0728, 9.6598
-0.0982, -0.0729, 9.6699
-0.0984, -0.0726, 9.6796
-0.0986, -0.0729, 9.6893
-0.0987, -0.0730, 9.6986
-0.0991, -0.0735, 9.7087
-0.0992, -0.0733, 9.7183
-0.0993, -0.0738, 9.7281
-0.0994, -0.0737, 9.7374
-0.0996, -0.0739, 9.7476
-0.0998, -0.0739, 9.7571
-0.0999, -0.0741, 9.7668
-0.1002, -0.0740, 9.7771
-0.1005, -0.0741, 9.7869
-0.1007, -0.0744, 9.7971
-0.1010, -0.0743, 9.8067
-0.1011, -0.0746, 9.8160
-0.1013, -0.0747, 9.8260
-0.1013, -0.0748, 9.8360
-0.1018, -0.0747, 9.8458
-0.1017, -0.0751, 9.8559
-0.1020, -0.0750, 9.8657
-0.1020, -0.0755, 9.8758
-0.1023, -0.0756, 9.8850
-0.1024, -0.0757, 9.8950
-0.1026, -0.0760, 9.9046
-0.1026, -0.0762, 9.9143
-0.1031, -0.0762, 9.9237
-0.1029, -0.0764, 9.9331
-0.1028, -0.0772, 9.9427
-0.1031, -0.0773, 9.9514
-0.1031, -0.0776, 9.9611
-0.1033, -0.0775, 9.9701
-0.1034, -0.0777, 9.9797
-0.1032, -0.0780, 9.9891
-0.1033, -0.0783, 9.9981
-0.1034, -0.0785, 10.0079
-0.1037, -0.0788, 10.0169
-0.1034, -0.0791, 10.0267
-0.1035, -0.0794, 10.0360
-0.1036, -0.0793, 10.0451
-0.1037, -0.0796, 10.0543
-0.1037, -0.0800, 10.0629
-0.1038, -0.0800, 10.0725
-0.1040, -0.0800, 10.0817
-0.1042, -0.0802, 10.0902
-0.1043, -0.0806, 10.0998
-0.1044, -0.0806, 10.1088
-0.1044, -0.0809, 10.1174
-0.1047, -0.0807, 10.1266
-0.1047, -0.0811, 10.1355
-0.1050, -0.0811, 10.1442
-0.1048, -0.0814, 10.1536
-0.1051, -0.0814, 10.1625
-0.1054, -0.0816, 10.1716
-0.1054, -0.0816, 10.1809
-0.1054, -0.0819, 10.1891
-0.1054, -0.0821, 10.1980
-0.1055, -0.0822, 10.2070
-0.1053, -0.0825, 10.2156
-0.1055, -0.0828, 10.2247
-0.1054, -0.0824, 10.2328
-0.1057, -0.0826, 10.2415
-0.1056, -0.0827, 10.2498
-0.1057, -0.0829, 10.2573
-0.1058, -0.0830, 10.2660
-0.1055, -0.0835, 10.2740
-0.1057, -0.0834, 10.2820
-0.1056, -0.0836, 10.2906
-0.1058, -0.0834, 10.2980
-0.1057, -0.0838, 10.3061
-0.1056, -0.0841, 10.3141
-0.1056, -0.0843, 10.3214
-0.1057, -0.0843, 10.3297
-0.1056, -0.0842, 10.3377
-0.1057, -0.0843, 10.3452
-0.1056, -0.0843, 10.3532
-0.1056, -0.0845, 10.3614
-0.1056, -0.0846, 10.3683
-0.1055, -0.0843, 10.3769
-0.1055, -0.0847, 10.3842
-0.1054, -0.0850, 10.3921
-0.1057, -0.0845, 10.3999
-0.1057, -0.0846, 10.4071
-0.1056, -0.0846, 10.4149
-0.1058, -0.0846, 10.4218
-0.1058, -0.0847, 10.4290
-0.1059, -0.0847, 10.4366
-0.1057, -0.0849, 10.4440
-0.1058, -0.0849, 10.4515
-0.1059, -0.0846, 10.4584
-0.1058, -0.0846, 10.4661
-0.1056, -0.0847, 10.4731
-0.1058, -0.0846, 10.4805
-0.1058, -0.0846, 10.4872
-0.1057, -0.0843, 10.4944
-0.1057, -0.0842, 10.5014
-0.1055, -0.0846, 10.5081
-0.1054, -0.0843, 10.5150
-0.1051, -0.0847, 10.5216
-0.1052, -0.0845, 10.5286
-0.1051, -0.0846, 10.5355
-0.1052, -0.0842, 10.5412
-0.1050, -0.0844, 10.5478
-0.1052, -0.0843, 10.5543
-0.1051, -0.0843, 10.5605
-0.1049, -0.0843, 10.5666
-0.1049, -0.0843, 10.5736
-0.1047, -0.0845, 10.5798
-0.1045, -0.0841, 10.5859
-0.1043, -0.0846, 10.5920
-0.1044, -0.0844, 10.5986
-0.1044, -0.0841, 10.6046
-0.1043, -0.0843, 10.6104
-0.1042, -0.0840, 10.6171
-0.1040, -0.0843, 10.6231
-0.1041, -0.0843, 10.6286
-0.1040, -0.0840, 10.6347
-0.1041, -0.0841, 10.6408
-0.1042, -0.0838, 10.6460
-0.1042, -0.0839, 10.6524
-0.1039, -0.0839, 10.6578
-0.1040, -0.0839, 10.6632
-0.1039, -0.0839, 10.6695
-0.1038, -0.0839, 10.6748
-0.1037, -0.0842, 10.6802
-0.1039, -0.0840, 10.6864
-0.1038, -0.0842, 10.6915
-0.1038, -0.0842, 10.6973
-0.1040, -0.0840, 10.7028
-0.1037, -0.0839, 10.7076
-0.1037, -0.0843, 10.7133
-0.1036, -0.0844, 10.7186
-0.1035, -0.0843, 10.7236
-0.1035, -0.0841, 10.7295
-0.1029, -0.0843, 10.7339
-0.1029, -0.0843, 10.7390
-0.1030, -0.0846, 10.7443
-0.1029, -0.0843, 10.7486
-0.1029, -0.0839, 10.7538
-0.1026, -0.0842, 10.7586
-0.1024, -0.0848, 10.7631
-0.1024, -0.0844, 10.7680
-0.1024, -0.0842, 10.7730
-0.1023, -0.0840, 10.7775
-0.1019, -0.0843, 10.7821
-0.1016, -0.0845, 10.7862
-0.1015, -0.0845, 10.7907
-0.1014, -0.0841, 10.7952
-0.1009, -0.0847, 10.7994
-0.1009, -0.0840, 10.8041
-0.1005, -0.0840, 10.8083
-0.1002, -0.0842, 10.8122
-0.0999, -0.0839, 10.8167
-0.0994, -0.0844, 10.8206
-0.0993, -0.0839, 10.8252
-0.0988, -0.0839, 10.8291
-0.0983, -0.0837, 10.8336
-0.0977, -0.0836, 10.8377
-0.0973, -0.0834, 10.8418
-0.0967, -0.0833, 10.8455
-0.0961, -0.0832, 10.8498
-0.0951, -0.0836, 10.8538
-0.0949, -0.0834, 10.8576
-0.0940, -0.0837, 10.8618
-0.0936, -0.0833, 10.8653
-0.0927, -0.0833, 10.8691
-0.0921, -0.0832, 10.8732
-0.0915, -0.0831, 10.8763
-0.0909, -0.0826, 10.8807
-0.0902, -0.0824, 10.8842
-0.0894, -0.0827, 10.8878
-0.0889, -0.0822, 10.8916
-0.0883, -0.0818, 10.8944
-0.0877, -0.0819, 10.8979
-0.0869, -0.0819, 10.9012
-0.0862, -0.0817, 10.9042
-0.0855, -0.0815, 10.9079
-0.0848, -0.0816, 10.9109
-0.0841, -0.0815, 10.9140
-0.0837, -0.0811, 10.9175
-0.0832, -0.0811, 10.9202
-0.0826, -0.0811, 10.9233
-0.0822, -0.0812, 10.9260
-0.0814, -0.0809, 10.9285
-0.0809, -0.0809, 10.9315
-0.0805, -0.0808, 10.9344
-0.0799, -0.0810, 10.9368
-0.0798, -0.0807, 10.9398
-0.0792, -0.0809, 10.9422
-0.0792, -0.0808, 10.9447
-0.0788, -0.0807, 10.9473
-0.0786, -0.0809, 10.9490
-0.0783, -0.0803, 10.9512
-0.0778, -0.0805, 10.9531
-0.0776, -0.0808, 10.9552
-0.0774, -0.0806, 10.9581
-0.0772, -0.0807, 10.9593
-0.0766, -0.0811, 10.9619
-0.0763, -0.0807, 10.9633
-0.0762, -0.0805, 10.9649
-0.0759, -0.0806, 10.9669
-0.0753, -0.0811, 10.9686
-0.0750, -0.0811, 10.9697
-0.0747, -0.0811, 10.9717
-0.0742, -0.0815, 10.9729
-0.0740, -0.0812, 10.9744
-0.0733, -0.0819, 10.9757
-0.0731, -0.0817, 10.9768
-0.0726, -0.0821, 10.9781
-0.0723, -0.0821, 10.9794
-0.0721, -0.0821, 10.9803
-0.0715, -0.0824, 10.9809
-0.0713, -0.0825, 10.9818
-0.0707, -0.0828, 10.9830
-0.0704, -0.0824, 10.9839
-0.0697, -0.0827, 10.9845
-0.0693, -0.0826, 10.9853
-0.0691, -0.0827, 10.9858
-0.0686, -0.0830, 10.9867
-0.0681, -0.0833, 10.9871
-0.0679, -0.0835, 10.9872
-0.0674, -0.0839, 10.9875
-0.0671, -0.0839, 10.9878
-0.0666, -0.0845, 10.9880
-0.0664, -0.0845, 10.9878
-0.0661, -0.0847, 10.9880
-0.0656, -0.0852, 10.9884
-0.0652, -0.0852, 10.9880
-0.0650, -0.0855, 10.9881
-0.0645, -0.0857, 10.9884
-0.0643, -0.0858, 10.9879
-0.0640, -0.0861, 10.9875
-0.0636, -0.0865, 10.9875
-0.0633, -0.0865, 10.9873
-0.0629, -0.0867, 10.9866
-0.0628, -0.0869, 10.9864
-0.0626, -0.0869, 10.9852
-0.0625, -0.0872, 10.9850
-0.0620, -0.0877, 10.9842
-0.0618, -0.0876, 10.9834
-0.0616, -0.0879, 10.9828
-0.0610, -0.0884, 10.9819
-0.0606, -0.0883, 10.9807
-0.0602, -0.0886, 10.9801
-0.0599, -0.0891, 10.9791
-0.0596, -0.0893, 10.9779
-0.0593, -0.0893, 10.9771
-0.0589, -0.0894, 10.9757
-0.0585, -0.0896, 10.9749
-0.0583, -0.0899, 10.9734
-0.0576, -0.0903, 10.9726
-0.0571, -0.0906, 10.9712
-0.0566, -0.0908, 10.9695
-0.0564, -0.0907, 10.9684
-0.0558, -0.0910, 10.9671
-0.0553, -0.0913, 10.9660
-0.0549, -0.0914, 10.9645
-0.0545, -0.0912, 10.9627
-0.0539, -0.0917, 10.9612
-0.0535, -0.0920, 10.9599
-0.0529, -0.0920, 10.9583
-0.0525, -0.0921, 10.9569
-0.0518, -0.0924, 10.9550
-0.0514, -0.0927, 10.9534
-0.0507, -0.0926, 10.9518
-0.0500, -0.0926, 10.9500
-0.0491, -0.0928, 10.9483
-0.0483, -0.0928, 10.9462
-0.0476, -0.0926, 10.9446
-0.0468, -0.0927, 10.9432
-0.0461, -0.0924, 10.9408
-0.0449, -0.0929, 10.9390
-0.0440, -0.0930, 10.9371
-0.0430, -0.0927, 10.9349
-0.0421, -0.0928, 10.9328
-0.0414, -0.0928, 10.9307
-0.0405, -0.0929, 10.9285
-0.0396, -0.0926, 10.9264
-0.0389, -0.0929, 10.9235
-0.0380, -0.0928, 10.9214
-0.0370, -0.0928, 10.9188
-0.0361, -0.0929, 10.9162
-0.0354, -0.0928, 10.9137
-0.0347, -0.0931, 10.9106
-0.0338, -0.0934, 10.9073
-0.0328, -0.0933, 10.9047
-0.0323, -0.0929, 10.9017
-0.0313, -0.0929, 10.8985
-0.0302, -0.0930, 10.8962
-0.0293, -0.0928, 10.8926
-0.0284, -0.0929, 10.8897
-0.0278, -0.0926, 10.8868
-0.0265, -0.0925, 10.8834
-0.0257, -0.0927, 10.8802
-0.0246, -0.0925, 10.8770
-0.0239, -0.0924, 10.8734
-0.0229, -0.0921, 10.8702
-0.0217, -0.0923, 10.8666
-0.0208, -0.0923, 10.8633
-0.0200, -0.0920, 10.8599
-0.0191, -0.0920, 10.8562
-0.0177, -0.0925, 10.8527
-0.0171, -0.0921, 10.8490
-0.0163, -0.0917, 10.8452
-0.0152, -0.0921, 10.8412
-0.0143, -0.0921, 10.8371
-0.0133, -0.0920, 10.8335
-0.0125, -0.0921, 10.8294
-0.0117, -0.0922, 10.8247
-0.0106, -0.0922, 10.8210
-0.0098, -0.0918, 10.8165
-0.0088, -0.0922, 10.8119
-0.0081, -0.0919, 10.8078
-0.0072, -0.0923, 10.8031
-0.0067, -0.0920, 10.7990
-0.0058, -0.0921, 10.7940
-0.0051, -0.0923, 10.7895
-0.0045, -0.0924, 10.7852
-0.0039, -0.0925, 10.7798
-0.0033, -0.0925, 10.7752
-0.0029, -0.0923, 10.7708
-0.0021, -0.0925, 10.7657
-0.0013, -0.0925, 10.7612
-0.0010, -0.0926, 10.7560
-0.0006, -0.0926, 10.7507
0.0000, -0.0927, 10.7457
0.0005, -0.0926, 10.7401
0.0012, -0.0930, 10.7350
0.0014, -0.0928, 10.7298
0.0020, -0.0927, 10.7242
0.0024, -0.0934, 10.7191
0.0026, -0.0929, 10.7137
0.0032, -0.0931, 10.7082
0.0034, -0.0933, 10.7031
0.0041, -0.0936, 10.6968
0.0046, -0.0936, 10.6915
0.0048, -0.0938, 10.6857
0.0053, -0.0941, 10.6801
0.0058, -0.0938, 10.6751
0.0062, -0.0939, 10.6696
0.0067, -0.0942, 10.6641
0.0072, -0.0947, 10.6583
0.0075, -0.0946, 10.6524
0.0079, -0.0945, 10.6459
0.0086, -0.0951, 10.6399
0.0090, -0.0950, 10.6333
0.0093, -0.0951, 10.6275
0.0098, -0.0954, 10.6212
0.0101, -0.0953, 10.6151
0.0107, -0.0957, 10.6086
0.0111, -0.0958, 10.6024
0.0114, -0.0955, 10.5959
0.0122, -0.0960, 10.5896
0.0124, -0.0963, 10.5831
0.0127, -0.0962, 10.5769
0.0133, -0.0967, 10.5705
0.0137, -0.0964, 10.5644
0.0139, -0.0963, 10.5572
0.0146, -0.0965, 10.5507
0.0151, -0.0968, 10.5437
0.0155, -0.0969, 10.5367
0.0159, -0.0971, 10.5295
0.0163, -0.0969, 10.5230
0.0167, -0.0972, 10.5163
0.0171, -0.0970, 10.5093
0.0178, -0.0972, 10.5027
0.0181, -0.0973, 10.4955
0.0183, -0.0971, 10.4887
0.0190, -0.0973, 10.4816
0.0193, -0.0973, 10.4748
0.0199, -0.0971, 10.4682
0.0205, -0.0972, 10.4608
0.0210, -0.0975, 10.4529
0.0214, -0.0974, 10.4456
0.0221, -0.0975, 10.4383
0.0226, -0.0972, 10.4315
0.0228, -0.0972, 10.4235
0.0238, -0.0975, 10.4164
0.0242, -0.0975, 10.4092
0.0247, -0.0974, 10.4019
0.0252, -0.0973, 10.3944
0.0260, -0.0974, 10.3864
0.0263, -0.0972, 10.3785
0.0270, -0.0970, 10.3710
0.0276, -0.0971, 10.3630
0.0280, -0.0970, 10.3556
0.0288, -0.0973, 10.3480
0.0293, -0.0973, 10.3402
0.0297, -0.0968, 10.3329
0.0305, -0.0972, 10.3245
0.0311, -0.0970, 10.3164
0.0318, -0.0970, 10.3087
0.0323, -0.0969, 10.3006
0.0331, -0.0970, 10.2926
0.0335, -0.0966, 10.2846
0.0344, -0.0970, 10.2764
0.0348, -0.0967, 10.2688
0.0357, -0.0968, 10.2601
0.0362, -0.0968, 10.2523
0.0367, -0.0962, 10.2441
0.0372, -0.0960, 10.2355
0.0380, -0.0961, 10.2279
0.0388, -0.0961, 10.2196
0.0392, -0.0959, 10.2115
0.0398, -0.0957, 10.2036
0.0406, -0.0956, 10.1948
0.0413, -0.0951, 10.1866
0.0417, -0.0951, 10.1782
0.0423, -0.0950, 10.1693
0.0428, -0.0947, 10.1618
0.0435, -0.0946, 10.1532
0.0442, -0.0945, 10.1442
0.0446, -0.0938, 10.1358
0.0453, -0.0939, 10.1271
0.0459, -0.0934, 10.1190
0.0462, -0.0933, 10.1110
0.0470, -0.0931, 10.1023
0.0477, -0.0928, 10.0939
0.0481, -0.0923, 10.0849
0.0485, -0.0918, 10.0770
0.0493, -0.0919, 10.0681
0.0499, -0.0915, 10.0595
0.0503, -0.0908, 10.0516
0.0508, -0.0907, 10.0429
0.0515, -0.0904, 10.0343
0.0522, -0.0899, 10.0253
0.0526, -0.0893, 10.0165
0.0533, -0.0893, 10.0085
0.0539, -0.0891, 10.0000
0.0546, -0.0888, 9.9915
0.0550, -0.0884, 9.9832
0.0557, -0.0880, 9.9738
0.0562, -0.0874, 9.9660
0.0569, -0.0872, 9.9572
0.0573, -0.0868, 9.9487
0.0579, -0.0864, 9.9402
0.0586, -0.0861, 9.9307
0.0591, -0.0856, 9.9221
0.0598, -0.0852, 9.9137
0.0602, -0.0847, 9.9045
0.0604, -0.0841, 9.8965
0.0613, -0.0842, 9.8877
0.0620, -0.0836, 9.8788
0.0623, -0.0829, 9.8703
0.0629, -0.0826, 9.8606
0.0633, -0.0820, 9.8519
0.0638, -0.0815, 9.8432
0.0642, -0.0808, 9.8340
0.0647, -0.0802, 9.8253
0.0654, -0.0797, 9.8167
0.0658, -0.0791, 9.8077
0.0663, -0.0788, 9.7990
0.0669, -0.0783, 9.7902
0.0673, -0.0774, 9.7811
0.0682, -0.0771, 9.7720
0.0685, -0.0766, 9.7630
0.0688, -0.0756, 9.7544
0.0693, -0.0751, 9.7461
0.0700, -0.0751, 9.7368
0.0703, -0.0743, 9.7278
0.0709, -0.0737, 9.7184
0.0716, -0.0731, 9.7099
0.0722, -0.0728, 9.7006
0.0724, -0.0719, 9.6917
0.0728, -0.0715, 9.6830
0.0735, -0.0706, 9.6737
0.0741, -0.0704, 9.6653
0.0745, -0.0698, 9.6557
0.0753, -0.0694, 9.6466
0.0754, -0.0686, 9.6382
0.0759, -0.0682, 9.6283
0.0765, -0.0677, 9.6195
0.0771, -0.0670, 9.6102
0.0775, -0.0661, 9.6017
0.0780, -0.0657, 9.5927
0.0784, -0.0654, 9.5835
0.0792, -0.0650, 9.5743
0.0795, -0.0643, 9.5650
0.0802, -0.0639, 9.5556
0.0807, -0.0633, 9.5468
0.0811, -0.0628, 9.5375
0.0817, -0.0621, 9.5281
0.0820, -0.0618, 9.5190
0.0827, -0.0611, 9.5096
0.0833, -0.0610, 9.5003
0.0839, -0.0605, 9.4917
0.0844, -0.0598, 9.4819
0.0852, -0.0596, 9.4730
0.0858, -0.0594, 9.4637
0.0862, -0.0587, 9.4542
0.0869, -0.0585, 9.4453
0.0876, -0.0584, 9.4360
0.0880, -0.0573, 9.4274
0.0887, -0.0570, 9.4175
0.0893, -0.0566, 9.4081
0.0901, -0.0564, 9.3990
0.0905, -0.0561, 9.3895
0.0912, -0.0554, 9.3805
0.0917, -0.0548, 9.3718
0.0923, -0.0541, 9.3620
0.0931, -0.0541, 9.3529
0.0936, -0.0540, 9.3434
0.0942, -0.0534, 9.3342
0.0947, -0.0530, 9.3253
0.0954, -0.0527, 9.3155
0.0963, -0.0526, 9.3063
0.0965, -0.0517, 9.2963
0.0972, -0.0511, 9.2873
0.0979, -0.0510, 9.2785
0.0985, -0.0508, 9.2688
0.0990, -0.0503, 9.2593
0.0995, -0.0495, 9.2501
0.1000, -0.0490, 9.2405
0.1008, -0.0486, 9.2314
0.1012, -0.0481, 9.2220
0.1021, -0.0480, 9.2122
0.1027, -0.0476, 9.2031
0.1031, -0.0469, 9.1933
0.1038, -0.0467, 9.1846
0.1045, -0.0466, 9.1757
0.1051, -0.0461, 9.1663
0.1057, -0.0453, 9.1567
0.1065, -0.0454, 9.1472
0.1070, -0.0447, 9.1376
0.1078, -0.0446, 9.1283
0.1084, -0.0442, 9.1192
0.1088, -0.0434, 9.1106
0.1096, -0.0435, 9.1002
0.1103, -0.0429, 9.0911
0.1108, -0.0425, 9.0820
0.1114, -0.0422, 9.0724
0.1120, -0.0415, 9.0637
0.1126, -0.0412, 9.0537
0.1135, -0.0409, 9.0440
0.1138, -0.0404, 9.0351
0.1146, -0.0399, 9.0256
0.1151, -0.0392, 9.0169
0.1157, -0.0390, 9.0074
0.1161, -0.0383, 8.9982
0.1169, -0.0380, 8.9889
0.1177, -0.0376, 8.9794
0.1182, -0.0374, 8.9702
0.1189, -0.0366, 8.9610
0.1195, -0.0365, 8.9521
0.1199, -0.0356, 8.9422
0.1205, -0.0350, 8.9327
0.1213, -0.0349, 8.9241
0.1217, -0.0341, 8.9152
0.1222, -0.0338, 8.9059
0.1228, -0.0330, 8.8966
0.1237, -0.0328, 8.8876
0.1243, -0.0325, 8.8794
0.1248, -0.0321, 8.8696
0.1253, -0.0310, 8.8609
0.1262, -0.0308, 8.8521
0.1267, -0.0303, 8.8429
0.1274, -0.0299, 8.8341
0.1279, -0.0295, 8.8250
0.1283, -0.0288, 8.8167
0.1291, -0.0282, 8.8075
0.1299, -0.0281, 8.7982
0.1304, -0.0277, 8.7895
0.1310, -0.0268, 8.7803
0.1316, -0.0264, 8.7714
0.1321, -0.0259, 8.7634
0.1330, -0.0257, 8.7540
0.1333, -0.0246, 8.7448
0.1337, -0.0242, 8.7361
0.1345, -0.0234, 8.7269
0.1352, -0.0231, 8.7188
0.1357, -0.0230, 8.7095
0.1364, -0.0222, 8.7002
0.1370, -0.0220, 8.6914
0.1375, -0.0215, 8.6826
0.1382, -0.0209, 8.6743
0.1388, -0.0205, 8.6653
0.1396, -0.0200, 8.6558
0.1403, -0.0195, 8.6473
0.1407, -0.0188, 8.6386
0.1415, -0.0188, 8.6297
0.1421, -0.0181, 8.6215
0.1428, -0.0178, 8.6118
0.1435, -0.0174, 8.6033
0.1440, -0.0169, 8.5942
0.1447, -0.0166, 8.5856
0.1452, -0.0158, 8.5767
0.1459, -0.0155, 8.5676
0.1466, -0.0150, 8.5589
0.1474, -0.0150, 8.5498
0.1482, -0.0147, 8.5410
0.1488, -0.0140, 8.5325
0.1496, -0.0137, 8.5235
0.1499, -0.0129, 8.5141
0.1508, -0.0126, 8.5052
0.1513, -0.0125, 8.4964
0.1520, -0.0116, 8.4881
0.1527, -0.0114, 8.4789
0.1532, -0.0108, 8.4698
0.1539, -0.0105, 8.4607
0.1548, -0.0102, 8.4516
0.1552, -0.0094, 8.4436
0.1561, -0.0091, 8.4348
0.1567, -0.0086, 8.4259
0.1572, -0.0079, 8.4175
0.1579, -0.0077, 8.4081
0.1588, -0.0072, 8.4000
0.1593, -0.0069, 8.3910
0.1601, -0.0066, 8.3821
0.1608, -0.0063, 8.3737
0.1614, -0.0055, 8.3651
0.1620, -0.0052, 8.3567
0.1624, -0.0045, 8.3480
0.1634, -0.0045, 8.3390
0.1639, -0.0039, 8.3303
0.1648, -0.0038, 8.3208
0.1653, -0.0030, 8.3123
0.1658, -0.0026, 8.3037
0.1663, -0.0022, 8.2949
0.1672, -0.0021, 8.2867
0.1679, -0.0016, 8.2776
0.1684, -0.0010, 8.2683
0.1689, -0.0004, 8.2601
0.1697, -0.0002, 8.2507
0.1702, 0.0004, 8.2422
0.1710, 0.0006, 8.2333
0.1716, 0.0011, 8.2246
0.1720, 0.0019, 8.2158
0.1727, 0.0022, 8.2075
0.1732, 0.0028, 8.1988
0.1742, 0.0028, 8.1901
0.1744, 0.0038, 8.1811
0.1749, 0.0042, 8.1726
0.1756, 0.0048, 8.1634
0.1761, 0.0053, 8.1552
0.1767, 0.0057, 8.1462
0.1774, 0.0064, 8.1374
0.1780, 0.0066, 8.1290
0.1786, 0.0069, 8.1203
0.1791, 0.0078, 8.1113
0.1798, 0.0079, 8.1032
0.1804, 0.0089, 8.0945
0.1807, 0.0092, 8.0856
0.1817, 0.0098, 8.0765
0.1821, 0.0101, 8.0676
0.1831, 0.0100, 8.0595
0.1834, 0.0111, 8.0506
0.1839, 0.0114, 8.0414
0.1844, 0.0120, 8.0324
0.1851, 0.0126, 8.0237
0.1858, 0.0130, 8.0155
0.1864, 0.0133, 8.0063
0.1869, 0.0138, 7.9976
0.1876, 0.0144, 7.9885
0.1882, 0.0148, 7.9793
0.1889, 0.0150, 7.9707
0.1892, 0.0157, 7.9615
0.1899, 0.0162, 7.9532
0.1906, 0.0167, 7.9440
0.1911, 0.0172, 7.9348
0.1917, 0.0178, 7.9260
0.1925, 0.0179, 7.9168
0.1929, 0.0187, 7.9088
0.1935, 0.0190, 7.8998
0.1939, 0.0195, 7.8907
0.1948, 0.0196, 7.8821
0.1955, 0.0203, 7.8732
0.1959, 0.0209, 7.8641
0.1967, 0.0208, 7.8559
0.1971, 0.0214, 7.8461
0.1980, 0.0218, 7.8376
0.1987, 0.0225, 7.8283
0.1991, 0.0230, 7.8193
0.1999, 0.0232, 7.8107
0.2005, 0.0233, 7.8020
0.2011, 0.0242, 7.7934
0.2016, 0.0244, 7.7836
0.2024, 0.0247, 7.7747
0.2031, 0.0253, 7.7661
0.2037, 0.0251, 7.7573
0.2043, 0.0259, 7.7476
0.2051, 0.0263, 7.7388
0.2056, 0.0269, 7.7298
0.2063, 0.0272, 7.7209
0.2069, 0.0275, 7.7119
0.2079, 0.0277, 7.7028
0.2084, 0.0282, 7.6942
0.2091, 0.0286, 7.6853
0.2098, 0.0290, 7.6766
0.2104, 0.0297, 7.6669
0.2112, 0.0296, 7.6578
0.2118, 0.0301, 7.6487
0.2124, 0.0308, 7.6393
0.2131, 0.0310, 7.6308
0.2138, 0.0314, 7.6224
0.2145, 0.0320, 7.6134
0.2151, 0.0323, 7.6048
0.2158, 0.0326, 7.5947
0.2165, 0.0329, 7.5857
0.2173, 0.0333, 7.5771
0.2178, 0.0337, 7.5682
0.2184, 0.0340, 7.5596
0.2192, 0.0344, 7.5502
0.2198, 0.0348, 7.5413
0.2205, 0.0353, 7.5325
0.2210, 0.0358, 7.5232
0.2219, 0.0364, 7.5146
0.2227, 0.0366, 7.5060
0.2230, 0.0371, 7.4967
0.2239, 0.0373, 7.4876
0.2245, 0.0376, 7.4786
0.2252, 0.0381, 7.4701
0.2260, 0.0384, 7.4612
0.2266, 0.0389, 7.4513
0.2273, 0.0397, 7.4427
0.2282, 0.0397, 7.4338
0.2285, 0.0406, 7.4251
0.2292, 0.0410, 7.4161
0.2299, 0.0413, 7.4070
0.2307, 0.0418, 7.3987
0.2313, 0.0424, 7.3899
0.2317, 0.0427, 7.3813
0.2326, 0.0430, 7.3725
0.2330, 0.0438, 7.3636
0.2336, 0.0444, 7.3549
0.2343, 0.0444, 7.3459
0.2349, 0.0452, 7.3380
0.2355, 0.0456, 7.3292
0.2362, 0.0460, 7.3207
0.2370, 0.0461, 7.3122
0.2373, 0.0473, 7.3034
0.2380, 0.0477, 7.2954
0.2388, 0.0479, 7.2866
0.2392, 0.0482, 7.2783
0.2397, 0.0489, 7.2695
0.2402, 0.0494, 7.2605
0.2409, 0.0500, 7.2521
0.2414, 0.0505, 7.2437
0.2419, 0.0512, 7.2356
0.2426, 0.0513, 7.2275
0.2431, 0.0519, 7.2181
0.2438, 0.0521, 7.2095
0.2444, 0.0527, 7.2010
0.2448, 0.0537, 7.1926
0.2454, 0.0540, 7.1844
0.2458, 0.0548, 7.1752
0.2466, 0.0554, 7.1667
0.2474, 0.0557, 7.1586
0.2478, 0.0563, 7.1502
0.2485, 0.0568, 7.1421
0.2490, 0.0572, 7.1334
0.2496, 0.0576, 7.1246
0.2503, 0.0580, 7.1162
0.2512, 0.0579, 7.1074
0.2517, 0.0586, 7.0993
0.2522, 0.0594, 7.0914
0.2530, 0.0595, 7.0822
0.2537, 0.0599, 7.0733
0.2541, 0.0604, 7.0649
0.2548, 0.0606, 7.0566
0.2554, 0.0614, 7.0487
0.2561, 0.0620, 7.0397
0.2569, 0.0618, 7.0308
0.2576, 0.0622, 7.0221
0.2579, 0.0631, 7.0144
0.2587, 0.0634, 7.0054
0.2594, 0.0640, 6.9966
0.2600, 0.0644, 6.9883
0.2605, 0.0647, 6.9796
0.2612, 0.0649, 6.9708
0.2618, 0.0653, 6.9624
0.2624, 0.0655, 6.9540
0.2631, 0.0663, 6.9457
0.2638, 0.0665, 6.9363
0.2645, 0.0672, 6.9280
0.2648, 0.0675, 6.9200
0.2656, 0.0682, 6.9108
0.2661, 0.0685, 6.9027
0.2668, 0.0689, 6.8942
0.2676, 0.0691, 6.8855
0.2682, 0.0696, 6.8781
0.2690, 0.0699, 6.8692
0.2694, 0.0704, 6.8614
0.2699, 0.0708, 6.8534
0.2705, 0.0712, 6.8443
0.2712, 0.0716, 6.8360
0.2720, 0.0718, 6.8275
0.2727, 0.0718, 6.8194
0.2734, 0.0724, 6.8117
0.2740, 0.0728, 6.8026
0.2746, 0.0732, 6.7945
0.2752, 0.0737, 6.7854
0.2760, 0.0739, 6.7771
0.2766, 0.0742, 6.7693
0.2775, 0.0743, 6.7605
0.2781, 0.0750, 6.7517
0.2788, 0.0754, 6.7436
0.2795, 0.0757, 6.7344
0.2802, 0.0755, 6.7266
0.2806, 0.0762, 6.7184
0.2811, 0.0769, 6.7096
0.2819, 0.0771, 6.7008
0.2826, 0.0773, 6.6923
0.2832, 0.0777, 6.6841
0.2840, 0.0780, 6.6758
0.2846, 0.0786, 6.6677
0.2850, 0.0792, 6.6590
0.2860, 0.0792, 6.6504
0.2863, 0.0798, 6.6426
0.2870, 0.0802, 6.6342
0.2874, 0.0808, 6.6262
0.2880, 0.0813, 6.6178
0.2886, 0.0817, 6.6091
0.2894, 0.0820, 6.6008
0.2899, 0.0826, 6.5924
0.2907, 0.0827, 6.5841
0.2911, 0.0833, 6.5765
0.2916, 0.0838, 6.5676
0.2923, 0.0842, 6.5592
0.2929, 0.0846, 6.5506
0.2936, 0.0852, 6.5421
0.2943, 0.0852, 6.5342
0.2950, 0.0860, 6.5261
0.2956, 0.0863, 6.5173
0.2960, 0.0865, 6.5091
0.2965, 0.0870, 6.5002
0.2971, 0.0877, 6.4923
0.2977, 0.0882, 6.4844
0.2984, 0.0882, 6.4754
0.2988, 0.0891, 6.4670
0.2997, 0.0894, 6.4585
0.3001, 0.0899, 6.4501
0.3006, 0.0903, 6.4425
0.3012, 0.0907, 6.4338
0.3017, 0.0914, 6.4253
0.3024, 0.0917, 6.4173
0.3029, 0.0921, 6.4091
0.3036, 0.0923, 6.4001
0.3042, 0.0931, 6.3921
0.3047, 0.0934, 6.3847
0.3053, 0.0938, 6.3761
0.3058, 0.0942, 6.3674
0.3064, 0.0947, 6.3594
0.3070, 0.0949, 6.3513
0.3076, 0.0952, 6.3434
0.3082, 0.0958, 6.3350
0.3087, 0.0964, 6.3258
0.3095, 0.0966, 6.3179
0.3100, 0.0969, 6.3097
0.3107, 0.0971, 6.3016
0.3113, 0.0977, 6.2930
0.3121, 0.0981, 6.2844
0.3124, 0.0987, 6.2767
0.3135, 0.0988, 6.2682
0.3139, 0.0992, 6.2594
0.3143, 0.0998, 6.2514
0.3150, 0.1002, 6.2432
0.3156, 0.1006, 6.2351
0.3163, 0.1011, 6.2265
0.3171, 0.1013, 6.2173
0.3176, 0.1016, 6.2096
0.3183, 0.1019, 6.2009
0.3189, 0.1024, 6.1932
0.3195, 0.1030, 6.1847
0.3200, 0.1033, 6.1759
0.3205, 0.1038, 6.1681
0.3212, 0.1042, 6.1594
0.3220, 0.1046, 6.1515
0.3222, 0.1051, 6.1432
0.3231, 0.1052, 6.1342
0.3234, 0.1063, 6.1268
0.3243, 0.1063, 6.1183
0.3249, 0.1068, 6.1101
0.3253, 0.1074, 6.1021
0.3261, 0.1078, 6.0939
0.3266, 0.1082, 6.0856
0.3273, 0.1085, 6.0776
0.3279, 0.1087, 6.0696
0.3286, 0.1088, 6.0616
0.3292, 0.1094, 6.0539
0.3297, 0.1098, 6.0457
0.3304, 0.1102, 6.0371
0.3310, 0.1105, 6.0288
0.3316, 0.1109, 6.0205
0.3322, 0.1113, 6.0128
0.3328, 0.1117, 6.0052
0.3335, 0.1118, 5.9965
0.3341, 0.1124, 5.9881
0.3348, 0.1125, 5.9802
0.3350, 0.1134, 5.9719
0.3358, 0.1137, 5.9640
0.3364, 0.1140, 5.9564
0.3371, 0.1143, 5.9475
0.3376, 0.1149, 5.9397
0.3383, 0.1152, 5.9316
0.3386, 0.1158, 5.9235
0.3394, 0.1161, 5.9158
0.3399, 0.1164, 5.9077
0.3407, 0.1166, 5.9000
0.3411, 0.1171, 5.8918
0.3416, 0.1177, 5.8837
0.3424, 0.1180, 5.8765
0.3429, 0.1183, 5.8686
0.3434, 0.1187, 5.8605
0.3441, 0.1192, 5.8525
0.3448, 0.1194, 5.8446
0.3454, 0.1201, 5.8371
0.3459, 0.1201, 5.8299
0.3464, 0.1207, 5.8218
0.3472, 0.1209, 5.8141
0.3476, 0.1216, 5.8054
0.3481, 0.1220, 5.7980
0.3487, 0.1220, 5.7906
0.3491, 0.1229, 5.7826
0.3496, 0.1231, 5.7752
0.3503, 0.1234, 5.7678
0.3508, 0.1238, 5.7598
0.3513, 0.1241, 5.7522
0.3521, 0.1246, 5.7442
0.3526, 0.1250, 5.7369
0.3531, 0.1253, 5.7293
0.3534, 0.1261, 5.7215
0.3542, 0.1260, 5.7143
0.3547, 0.1266, 5.7064
0.3553, 0.1269, 5.6989
0.3558, 0.1273, 5.6913
0.3564, 0.1278, 5.6846
0.3569, 0.1279, 5.6767
0.3575, 0.1286, 5.6692
0.3579, 0.1290, 5.6615
0.3586, 0.1292, 5.6532
0.3592, 0.1296, 5.6462
0.3597, 0.1300, 5.6390
0.3603, 0.1302, 5.6316
0.3609, 0.1308, 5.6244
0.3617, 0.1310, 5.6168
0.3622, 0.1314, 5.6090
0.3625, 0.1321, 5.6021
0.3634, 0.1321, 5.5944
0.3638, 0.1325, 5.5870
0.3643, 0.1329, 5.5798
0.3651, 0.1330, 5.5719
0.3660, 0.1331, 5.5647
0.3663, 0.1333, 5.5575
0.3669, 0.1338, 5.5495
0.3676, 0.1339, 5.5427
0.3681, 0.1342, 5.5350
0.3687, 0.1344, 5.5274
0.3692, 0.1349, 5.5203
0.3697, 0.1354, 5.5123
0.3704, 0.1356, 5.5055
0.3709, 0.1360, 5.4982
0.3715, 0.1361, 5.4908
0.3720, 0.1365, 5.4834
0.3727, 0.1371, 5.4752
0.3732, 0.1374, 5.4680
0.3737, 0.1378, 5.4608
0.3744, 0.1381, 5.4538
0.3749, 0.1386, 5.4469
0.3753, 0.1387, 5.4395
0.3762, 0.1389, 5.4321
0.3765, 0.1395, 5.4246
0.3770, 0.1398, 5.4173
0.3776, 0.1400, 5.4103
0.3781, 0.1407, 5.4028
0.3786, 0.1408, 5.3960
0.3794, 0.1414, 5.3884
0.3797, 0.1418, 5.3816
0.3805, 0.1418, 5.3740
0.3810, 0.1417, 5.3670
0.3817, 0.1423, 5.3603
0.3820, 0.1431, 5.3539
0.3827, 0.1432, 5.3460
0.3833, 0.1433, 5.3388
0.3837, 0.1440, 5.3313
0.3843, 0.1441, 5.3238
0.3849, 0.1445, 5.3173
0.3853, 0.1447, 5.3104
0.3859, 0.1451, 5.3034
0.3864, 0.1453, 5.2962
0.3870, 0.1455, 5.2885
0.3875, 0.1458, 5.2814
0.3882, 0.1458, 5.2742
0.3885, 0.1467, 5.2671
0.3890, 0.1467, 5.2603
0.3895, 0.1474, 5.2537
0.3901, 0.1475, 5.2468
0.3904, 0.1482, 5.2392
0.3911, 0.1485, 5.2320
0.3914, 0.1490, 5.2252
0.3919, 0.1493, 5.2177
0.3924, 0.1494, 5.2118
0.3929, 0.1500, 5.2048
0.3934, 0.1500, 5.1971
0.3938, 0.1507, 5.1906
0.3941, 0.1512, 5.1833
0.3947, 0.1514, 5.1763
0.3952, 0.1520, 5.1699
0.3956, 0.1523, 5.1627
0.3959, 0.1527, 5.1564
0.3965, 0.1532, 5.1488
0.3969, 0.1538, 5.1425
0.3972, 0.1543, 5.1351
0.3978, 0.1542, 5.1285
0.3984, 0.1543, 5.1220
0.3987, 0.1550, 5.1158
0.3994, 0.1551, 5.1089
0.3998, 0.1558, 5.1014
0.4002, 0.1563, 5.0946
0.4005, 0.1569, 5.0884
0.4013, 0.1569, 5.0813
0.4016, 0.1573, 5.0745
0.4020, 0.1576, 5.0682
0.4025, 0.1581, 5.0618
0.4028, 0.1587, 5.0551
0.4034, 0.1588, 5.0482
0.4039, 0.1593, 5.0421
0.4041, 0.1593, 5.0356
0.4045, 0.1597, 5.0284
0.4050, 0.1602, 5.0226
0.4054, 0.1608, 5.0164
0.4058, 0.1612, 5.0095
0.4060, 0.1617, 5.0031
0.4066, 0.1620, 4.9966
0.4070, 0.1621, 4.9904
0.4071, 0.1630, 4.9841
0.4075, 0.1632, 4.9777
0.4078, 0.1634, 4.9722
0.4083, 0.1636, 4.9657
0.4085, 0.1640, 4.9591
0.4089, 0.1643, 4.9528
0.4095, 0.1647, 4.9463
0.4095, 0.1655, 4.9405
0.4101, 0.1656, 4.9345
0.4105, 0.1658, 4.9285
0.4106, 0.1666, 4.9228
0.4113, 0.1665, 4.9162
0.4116, 0.1669, 4.9099
0.4119, 0.1673, 4.9039
0.4123, 0.1677, 4.8979
0.4128, 0.1679, 4.8922
0.4131, 0.1683, 4.8867
0.4135, 0.1686, 4.8809
0.4138, 0.1691, 4.8752
0.4143, 0.1693, 4.8688
0.4147, 0.1698, 4.8634
0.4151, 0.1699, 4.8572
0.4154, 0.1704, 4.8517
0.4158, 0.1707, 4.8461
0.4161, 0.1711, 4.8408
0.4167, 0.1713, 4.8353
0.4170, 0.1719, 4.8300
0.4174, 0.1719, 4.8243
0.4177, 0.1725, 4.8188
0.4183, 0.1726, 4.8132
0.4185, 0.1733, 4.8080
0.4189, 0.1735, 4.8022
0.4191, 0.1740, 4.7971
0.4194, 0.1740, 4.7917
0.4198, 0.1743, 4.7868
0.4199, 0.1747, 4.7816
0.4202, 0.1751, 4.7763
0.4207, 0.1751, 4.7713
0.4210, 0.1753, 4.7661
0.4216, 0.1756, 4.7611
0.4218, 0.1761, 4.7560
0.4220, 0.1763, 4.7512
0.4223, 0.1765, 4.7460
0.4227, 0.1770, 4.7413
0.4229, 0.1770, 4.7362
0.4234, 0.1772, 4.7319
0.4237, 0.1775, 4.7271
0.4240, 0.1776, 4.7214
0.4244, 0.1778, 4.7168
0.4247, 0.1780, 4.7117
0.4250, 0.1785, 4.7071
0.4256, 0.1784, 4.7029
0.4259, 0.1786, 4.6980
0.4264, 0.1787, 4.6941
0.4266, 0.1794, 4.6898
0.4270, 0.1792, 4.6850
0.4276, 0.1792, 4.6802
0.4279, 0.1792, 4.6754
0.4280, 0.1797, 4.6709
0.4285, 0.1796, 4.6668
0.4288, 0.1797, 4.6626
0.4291, 0.1801, 4.6582
0.4296, 0.1799, 4.6542
0.4300, 0.1800, 4.6496
0.4303, 0.1803, 4.6460
0.4306, 0.1803, 4.6421
0.4310, 0.1804, 4.6377
0.4312, 0.1809, 4.6333
0.4312, 0.1812, 4.6293
0.4319, 0.1807, 4.6256
0.4320, 0.1809, 4.6214
0.4324, 0.1809, 4.6176
0.4326, 0.1814, 4.6139
0.4329, 0.1813, 4.6097
0.4334, 0.1816, 4.6063
0.4335, 0.1818, 4.6025
0.4336, 0.1823, 4.5990
0.4340, 0.1821, 4.5957
0.4343, 0.1820, 4.5919
0.4346, 0.1824, 4.5879
0.4349, 0.1823, 4.5851
0.4353, 0.1825, 4.5808
0.4355, 0.1828, 4.5772
0.4358, 0.1828, 4.5739
0.4358, 0.1830, 4.5709
0.4360, 0.1831, 4.5682
0.4362, 0.1833, 4.5646
0.4364, 0.1835, 4.5612
0.4369, 0.1835, 4.5582
0.4373, 0.1834, 4.5550
0.4375, 0.1839, 4.5522
0.4376, 0.1839, 4.5489
0.4377, 0.1842, 4.5459
0.4382, 0.1843, 4.5433
0.4380, 0.1847, 4.5403
0.4383, 0.1849, 4.5370
0.4386, 0.1853, 4.5343
0.4387, 0.1851, 4.5308
0.4388, 0.1853, 4.5282
0.4391, 0.1854, 4.5252
0.4392, 0.1857, 4.5230
0.4395, 0.1858, 4.5199
0.4396, 0.1853, 4.5173
0.4399, 0.1855, 4.5153
0.4401, 0.1859, 4.5128
0.4403, 0.1861, 4.5101
0.4405, 0.1859, 4.5077
0.4407, 0.1864, 4.5051
0.4408, 0.1866, 4.5028
0.4410, 0.1863, 4.5000
0.4412, 0.1866, 4.4976
0.4413, 0.1869, 4.4956
0.4415, 0.1868, 4.4930
0.4418, 0.1868, 4.4907
0.4418, 0.1873, 4.4885
0.4420, 0.1874, 4.4861
0.4422, 0.1874, 4.4839
0.4423, 0.1878, 4.4817
0.4425, 0.1878, 4.4797
0.4425, 0.1881, 4.4776
0.4427, 0.1881, 4.4754
0.4429, 0.1882, 4.4738
0.4430, 0.1882, 4.4716
0.4433, 0.1884, 4.4696
0.4430, 0.1886, 4.4683
0.4433, 0.1883, 4.4657
0.4434, 0.1888, 4.4640
0.4437, 0.1885, 4.4624
0.4438, 0.1889, 4.4606
0.4438, 0.1892, 4.4598
0.4440, 0.1891, 4.4579
0.4440, 0.1893, 4.4561
0.4438, 0.1898, 4.4547
0.4439, 0.1896, 4.4527
0.4443, 0.1894, 4.4509
0.4444, 0.1896, 4.4496
0.4443, 0.1902, 4.4479
0.4446, 0.1900, 4.4469
0.4447, 0.1901, 4.4451
0.4446, 0.1902, 4.4440
0.4447, 0.1903, 4.4424
0.4449, 0.1905, 4.4410
0.4450, 0.1902, 4.4396
0.4451, 0.1907, 4.4382
0.4452, 0.1906, 4.4375
0.4453, 0.1905, 4.4359
0.4454, 0.1908, 4.4344
0.4455, 0.1907, 4.4334
0.4453, 0.1906, 4.4325
0.4459, 0.1904, 4.4315
0.4458, 0.1906, 4.4304
0.4458, 0.1905, 4.4289
0.4461, 0.1903, 4.4287
0.4461, 0.1907, 4.4271
0.4462, 0.1906, 4.4266
0.4464, 0.1902, 4.4254
0.4465, 0.1901, 4.4244
0.4465, 0.1904, 4.4242
0.4466, 0.1905, 4.4230
0.4467, 0.1903, 4.4223
0.4467, 0.1904, 4.4219
0.4469, 0.1905, 4.4210
0.4469, 0.1906, 4.4206
0.4470, 0.1904, 4.4196
0.4471, 0.1903, 4.4192
0.4472, 0.1903, 4.4187
0.4472, 0.1902, 4.4186
0.4473, 0.1902, 4.4178
0.4471, 0.1905, 4.4173
0.4474, 0.1901, 4.4166
0.4473, 0.1904, 4.4168
0.4473, 0.1901, 4.4163
0.4474, 0.1903, 4.4160
0.4474, 0.1904, 4.4158
0.4474, 0.1901, 4.4154
0.4475, 0.1903, 4.4155
0.4474, 0.1902, 4.4157
0.4472, 0.1904, 4.4151
0.4477, 0.1900, 4.4154
0.4477, 0.1901, 4.4148
0.4473, 0.1906, 4.4152
0.4475, 0.1903, 4.4150
0.4474, 0.1904, 4.4149
0.4474, 0.1906, 4.4150
0.4474, 0.1903, 4.4150
0.4473, 0.1905, 4.4153
0.4473, 0.1904, 4.4156
0.4473, 0.1901, 4.4152
0.4472, 0.1905, 4.4154
0.4473, 0.1901, 4.4157
0.4473, 0.1901, 4.4161
0.4473, 0.1905, 4.4164
0.4472, 0.1903, 4.4161
0.4471, 0.1904, 4.4171
0.4474, 0.1902, 4.4173
0.4471, 0.1904, 4.4175
0.4471, 0.1903, 4.4175
0.4472, 0.1901, 4.4175
0.4473, 0.1898, 4.4179
0.4473, 0.1902, 4.4182
0.4472, 0.1903, 4.4188
0.4472, 0.1901, 4.4191
0.4472, 0.1903, 4.4196
0.4470, 0.1904, 4.4202
0.4473, 0.1904, 4.4205
0.4472, 0.1901, 4.4205
0.4473, 0.1903, 4.4211
0.4471, 0.1903, 4.4212
0.4470, 0.1901, 4.4219
0.4470, 0.1904, 4.4223
0.4471, 0.1903, 4.4227
0.4467, 0.1905, 4.4233
0.4470, 0.1901, 4.4240
0.4468, 0.1907, 4.4244
0.4470, 0.1900, 4.4252
0.4469, 0.1903, 4.4253
0.4468, 0.1904, 4.4264
0.4470, 0.1902, 4.4268
0.4470, 0.1902, 4.4268
0.4468, 0.1904, 4.4274
0.4469, 0.1904, 4.4281
0.4469, 0.1905, 4.4287
0.4469, 0.1904, 4.4290
0.4467, 0.1909, 4.4299
0.4467, 0.1908, 4.4307
0.4470, 0.1904, 4.4308
0.4467, 0.1908, 4.4311
0.4466, 0.1909, 4.4320
0.4466, 0.1906, 4.4327
0.4468, 0.1904, 4.4333
0.4469, 0.1906, 4.4339
0.4469, 0.1906, 4.4346
0.4469, 0.1907, 4.4354
0.4468, 0.1906, 4.4357
0.4468, 0.1907, 4.4368
0.4470, 0.1902, 4.4369
0.4467, 0.1907, 4.4378
0.4469, 0.1904, 4.4389
0.4467, 0.1905, 4.4391
0.4467, 0.1905, 4.4400
0.4469, 0.1904, 4.4407
0.4469, 0.1900, 4.4412
0.4468, 0.1903, 4.4419
0.4468, 0.1900, 4.4423
0.4468, 0.1903, 4.4430
0.4468, 0.1901, 4.4439
0.4468, 0.1899, 4.4442
0.4466, 0.1901, 4.4452
0.4468, 0.1899, 4.4459
0.4469, 0.1899, 4.4468
0.4470, 0.1901, 4.4476
0.4469, 0.1898, 4.4479
0.4469, 0.1897, 4.4488
0.4469, 0.1897, 4.4493
0.4469, 0.1897, 4.4498
0.4470, 0.1895, 4.4506
0.4469, 0.1896, 4.4515
0.4469, 0.1898, 4.4522
0.4470, 0.1898, 4.4530
0.4469, 0.1900, 4.4536
0.4470, 0.1895, 4.4544
0.4469, 0.1895, 4.4551
0.4472, 0.1892, 4.4557
0.4472, 0.1893, 4.4568
0.4470, 0.1897, 4.4573
0.4470, 0.1897, 4.4582
0.4470, 0.1898, 4.4587
0.4469, 0.1895, 4.4594
0.4469, 0.1896, 4.4607
0.4470, 0.1895, 4.4613
0.4469, 0.1895, 4.4622
0.4471, 0.1894, 4.4625
0.4469, 0.1897, 4.4635
0.4469, 0.1897, 4.4643
0.4469, 0.1897, 4.4648
0.4469, 0.1898, 4.4657
0.4469, 0.1896, 4.4663
0.4466, 0.1901, 4.4672
0.4469, 0.1901, 4.4678
0.4470, 0.1897, 4.4684
0.4469, 0.1898, 4.4691
0.4468, 0.1898, 4.4698
0.4467, 0.1895, 4.4706
0.4468, 0.1896, 4.4718
0.4468, 0.1895, 4.4720
0.4465, 0.1899, 4.4725
0.4468, 0.1898, 4.4734
0.4467, 0.1894, 4.4740
0.4465, 0.1898, 4.4748
0.4467, 0.1898, 4.4758
0.4467, 0.1898, 4.4762
0.4467, 0.1896, 4.4770
0.4467, 0.1898, 4.4775
0.4468, 0.1896, 4.4783
0.4467, 0.1895, 4.4789
0.4466, 0.1895, 4.4793
0.4467, 0.1897, 4.4803
0.4469, 0.1894, 4.4809
0.4466, 0.1896, 4.4811
0.4467, 0.1897, 4.4818
0.4467, 0.1898, 4.4830
0.4465, 0.1899, 4.4835
0.4469, 0.1894, 4.4842
0.4468, 0.1897, 4.4846
0.4466, 0.1895, 4.4847
0.4465, 0.1899, 4.4863
0.4465, 0.1897, 4.4864
0.4466, 0.1897, 4.4871
0.4465, 0.1895, 4.4881
0.4464, 0.1899, 4.4886
0.4466, 0.1898, 4.4895
0.4464, 0.1901, 4.4896
0.4466, 0.1896, 4.4901
0.4464, 0.1899, 4.4910
0.4464, 0.1900, 4.4915
0.4463, 0.1901, 4.4927
0.4463, 0.1900, 4.4934
0.4464, 0.1898, 4.4935
0.4464, 0.1899, 4.4945
0.4463, 0.1904, 4.4950
0.4464, 0.1898, 4.4954
0.4464, 0.1899, 4.4961
0.4465, 0.1901, 4.4966
0.4464, 0.1899, 4.4974
0.4462, 0.1902, 4.4982
0.4462, 0.1902, 4.4984
0.4463, 0.1899, 4.4990
0.4464, 0.1902, 4.5001
0.4467, 0.1897, 4.5006
0.4466, 0.1899, 4.5013
0.4465, 0.1896, 4.5013
0.4466, 0.1897, 4.5019
0.4465, 0.1899, 4.5027
0.4465, 0.1898, 4.5027
0.4464, 0.1898, 4.5040
0.4464, 0.1898, 4.5038
0.4467, 0.1895, 4.5047
0.4464, 0.1899, 4.5051
0.4466, 0.1896, 4.5054
0.4465, 0.1897, 4.5059
0.4465, 0.1898, 4.5068
0.4465, 0.1898, 4.5071
0.4467, 0.1894, 4.5080
0.4465, 0.1898, 4.5083
0.4467, 0.1894, 4.5089
0.4468, 0.1891, 4.5096
0.4466, 0.1895, 4.5101
0.4468, 0.1897, 4.5103
0.4467, 0.1892, 4.5107
0.4466, 0.1896, 4.5114
0.4466, 0.1895, 4.5122
0.4465, 0.1895, 4.5126
0.4466, 0.1896, 4.5135
0.4467, 0.1900, 4.5137
0.4467, 0.1894, 4.5145
0.4466, 0.1896, 4.5151
0.4465, 0.1898, 4.5151
0.4465, 0.1897, 4.5160
0.4466, 0.1896, 4.5165
0.4467, 0.1897, 4.5169
0.4466, 0.1893, 4.5176
0.4466, 0.1895, 4.5183
0.4465, 0.1897, 4.5190
0.4466, 0.1895, 4.5194
0.4466, 0.1896, 4.5196
0.4465, 0.1896, 4.5204
0.4466, 0.1896, 4.5205
0.4465, 0.1897, 4.5214
0.4465, 0.1896, 4.5223
0.4466, 0.1894, 4.5227
0.4465, 0.1897, 4.5235
0.4464, 0.1899, 4.5237
0.4465, 0.1896, 4.5245
0.4465, 0.1896, 4.5249
0.4466, 0.1895, 4.5254
0.4466, 0.1895, 4.5258
0.4465, 0.1896, 4.5264
0.4465, 0.1896, 4.5267
0.4463, 0.1900, 4.5273
0.4464, 0.1901, 4.5273
0.4466, 0.1893, 4.5285
0.4466, 0.1897, 4.5291
0.4466, 0.1895, 4.5299
0.4466, 0.1897, 4.5297
0.4464, 0.1899, 4.5302
0.4465, 0.1896, 4.5310
0.4463, 0.1897, 4.5315
0.4464, 0.1897, 4.5318
0.4464, 0.1898, 4.5324
0.4465, 0.1896, 4.5331
0.4465, 0.1897, 4.5337
0.4466, 0.1896, 4.5339
0.4466, 0.1900, 4.5347
0.4464, 0.1899, 4.5352
0.4465, 0.1898, 4.5358
0.4465, 0.1898, 4.5363
0.4465, 0.1899, 4.5370
0.4463, 0.1902, 4.5372
0.4465, 0.1898, 4.5381
0.4464, 0.1897, 4.5383
0.4463, 0.1897, 4.5389
0.4464, 0.1898, 4.5396
0.4464, 0.1899, 4.5397
0.4463, 0.1899, 4.5405
0.4464, 0.1898, 4.5406
0.4462, 0.1900, 4.5414
0.4464, 0.1898, 4.5419
0.4462, 0.1900, 4.5424
0.4464, 0.1898, 4.5433
0.4462, 0.1901, 4.5439
0.4463, 0.1900, 4.5438
0.4462, 0.1900, 4.5446
0.4464, 0.1899, 4.5450
0.4463, 0.1900, 4.5457
0.4462, 0.1903, 4.5463
0.4462, 0.1902, 4.5466
0.4462, 0.1900, 4.5474
0.4462, 0.1899, 4.5481
0.4462, 0.1898, 4.5485
0.4462, 0.1896, 4.5488
0.4465, 0.1896, 4.5495
0.4463, 0.1899, 4.5500
0.4464, 0.1896, 4.5505
0.4464, 0.1898, 4.5508
0.4463, 0.1898, 4.5513
0.4465, 0.1896, 4.5513
0.4463, 0.1896, 4.5525
0.4463, 0.1899, 4.5530
0.4462, 0.1898, 4.5532
0.4462, 0.1897, 4.5537
0.4463, 0.1898, 4.5538
0.4463, 0.1896, 4.5544
0.4464, 0.1897, 4.5550
0.4463, 0.1896, 4.5552
0.4464, 0.1898, 4.5563
0.4463, 0.1899, 4.5566
0.4463, 0.1898, 4.5574
0.4464, 0.1894, 4.5579
0.4466, 0.1896, 4.5579
0.4466, 0.1895, 4.5591
0.4464, 0.1897, 4.5587
0.4465, 0.1897, 4.5600
0.4463, 0.1896, 4.5601
0.4463, 0.1895, 4.5609
0.4463, 0.1899, 4.5617
0.4463, 0.1898, 4.5619
0.4464, 0.1896, 4.5621
0.4464, 0.1896, 4.5629
0.4462, 0.1895, 4.5631
0.4463, 0.1895, 4.5636
0.4465, 0.1892, 4.5639
0.4462, 0.1894, 4.5643
0.4464, 0.1896, 4.5650
0.4462, 0.1897, 4.5659
0.4463, 0.1895, 4.5665
0.4464, 0.1892, 4.5665
0.4463, 0.1895, 4.5667
0.4462, 0.1894, 4.5677
0.4464, 0.1893, 4.5681
0.4462, 0.1896, 4.5684
0.4463, 0.1895, 4.5687
0.4463, 0.1895, 4.5689
0.4464, 0.1894, 4.5701
0.4463, 0.1895, 4.5702
0.4467, 0.1893, 4.5709
0.4463, 0.1899, 4.5713
0.4463, 0.1893, 4.5715
0.4463, 0.1896, 4.5721
0.4464, 0.1892, 4.5721
0.4464, 0.1894, 4.5725
0.4463, 0.1897, 4.5735
0.4463, 0.1895, 4.5735
0.4463, 0.1893, 4.5742
0.4462, 0.1894, 4.5743
0.4464, 0.1891, 4.5747
0.4462, 0.1894, 4.5753
0.4464, 0.1892, 4.5755
0.4462, 0.1897, 4.5765
0.4464, 0.1895, 4.5765
0.4462, 0.1897, 4.5770
0.4462, 0.1895, 4.5779
0.4462, 0.1894, 4.5776
0.4461, 0.1895, 4.5785
0.4462, 0.1896, 4.5789
0.4463, 0.1896, 4.5789
0.4463, 0.1896, 4.5798
0.4463, 0.1896, 4.5799
0.4462, 0.1898, 4.5800
0.4463, 0.1895, 4.5804
0.4462, 0.1898, 4.5810
0.4461, 0.1898, 4.5814
0.4461, 0.1895, 4.5818
0.4462, 0.1895, 4.5820
0.4462, 0.1896, 4.5830
0.4461, 0.1898, 4.5828
0.4461, 0.1898, 4.5833
0.4462, 0.1897, 4.5839
0.4461, 0.1897, 4.5839
0.4460, 0.1900, 4.5844
0.4462, 0.1897, 4.5850
0.4459, 0.1901, 4.5851
0.4463, 0.1896, 4.5856
0.4462, 0.1895, 4.5857
0.4459, 0.1898, 4.5862
0.4461, 0.1897, 4.5863
0.4460, 0.1900, 4.5866
0.4462, 0.1897, 4.5869
0.4461, 0.1897, 4.5875
0.4461, 0.1898, 4.5879
0.4463, 0.1895, 4.5879
0.4464, 0.1893, 4.5880
0.4461, 0.1895, 4.5884
0.4462, 0.1896, 4.5889
0.4462, 0.1897, 4.5891
0.4459, 0.1899, 4.5899
0.4463, 0.1892, 4.5901
0.4459, 0.1898, 4.5899
0.4460, 0.1897, 4.5907
0.4459, 0.1899, 4.5905
0.4459, 0.1896, 4.5909
0.4460, 0.1898, 4.5912
0.4460, 0.1900, 4.5908
0.4460, 0.1900, 4.5919
0.4462, 0.1895, 4.5920
0.4461, 0.1896, 4.5926
0.4462, 0.1896, 4.5925
0.4462, 0.1896, 4.5926
0.4463, 0.1894, 4.5927
0.4462, 0.1894, 4.5936
0.4461, 0.1894, 4.5933
0.4460, 0.1897, 4.5933
0.4460, 0.1895, 4.5937
0.4461, 0.1898, 4.5944
0.4463, 0.1896, 4.5945
0.4463, 0.1895, 4.5944
0.4463, 0.1894, 4.5948
0.4462, 0.1894, 4.5945
0.4463, 0.1896, 4.5946
0.4463, 0.1895, 4.5954
0.4464, 0.1896, 4.5948
0.4463, 0.1896, 4.5955
0.4461, 0.1895, 4.5958
0.4462, 0.1891, 4.5961
0.4461, 0.1893, 4.5962
0.4462, 0.1896, 4.5960
0.4463, 0.1892, 4.5961
0.4461, 0.1894, 4.5966
0.4462, 0.1892, 4.5963
0.4462, 0.1895, 4.5971
0.4463, 0.1895, 4.5971
0.4461, 0.1894, 4.5970
0.4460, 0.1895, 4.5972
0.4462, 0.1897, 4.5970
0.4461, 0.1892, 4.5974
0.4463, 0.1892, 4.5976
0.4461, 0.1894, 4.5975
0.4461, 0.1892, 4.5981
0.4462, 0.1891, 4.5979
0.4462, 0.1894, 4.5985
0.4462, 0.1891, 4.5982
0.4463, 0.1893, 4.5982
0.4462, 0.1894, 4.5983
0.4462, 0.1891, 4.5985
0.4460, 0.1894, 4.5985
0.4461, 0.1895, 4.5988
0.4462, 0.1891, 4.5984
0.4462, 0.1894, 4.5989
0.4459, 0.1896, 4.5986
0.4462, 0.1895, 4.5989
0.4460, 0.1897, 4.5992
0.4460, 0.1894, 4.5987
0.4462, 0.1894, 4.5990
0.4463, 0.1894, 4.5994
0.4463, 0.1894, 4.5995
0.4461, 0.1896, 4.5993
0.4460, 0.1893, 4.5995
0.4462, 0.1892, 4.5994
0.4462, 0.1897, 4.5991
0.4462, 0.1896, 4.5993
0.4461, 0.1894, 4.5989
0.4460, 0.1894, 4.5995
0.4460, 0.1895, 4.5995
0.4460, 0.1895, 4.5994
0.4460, 0.1896, 4.5995
0.4459, 0.1895, 4.5991
0.4461, 0.1894, 4.5995
0.4462, 0.1893, 4.5987
0.4460, 0.1895, 4.5993
0.4459, 0.1896, 4.5993
0.4459, 0.1895, 4.5996
0.4460, 0.1896, 4.5993
0.4459, 0.1896, 4.5992
0.4460, 0.1893, 4.5993
0.4460, 0.1898, 4.5993
0.4460, 0.1898, 4.5990
0.4460, 0.1896, 4.5990
0.4461, 0.1894, 4.5990
0.4460, 0.1898, 4.5989
0.4459, 0.1897, 4.5991
0.4460, 0.1896, 4.5993
0.4458, 0.1896, 4.5991
0.4459, 0.1897, 4.5994
0.4460, 0.1900, 4.5991
0.4459, 0.1899, 4.5990
0.4460, 0.1896, 4.5990
0.4460, 0.1897, 4.5991
0.4458, 0.1900, 4.5995
0.4458, 0.1898, 4.5990
0.4459, 0.1897, 4.5991
0.4460, 0.1897, 4.5992
0.4458, 0.1897, 4.5990
0.4459, 0.1900, 4.5990
0.4459, 0.1897, 4.5987
0.4459, 0.1897, 4.5986
0.4459, 0.1897, 4.5990
0.4459, 0.1898, 4.5988
0.4459, 0.1897, 4.5989
0.4459, 0.1898, 4.5993
0.4460, 0.1894, 4.5984
0.4460, 0.1897, 4.5989
0.4458, 0.1896, 4.5987
0.4459, 0.1897, 4.5984
0.4460, 0.1894, 4.5990
0.4460, 0.1895, 4.5988
0.4461, 0.1894, 4.5987
0.4460, 0.1896, 4.5990
0.4459, 0.1897, 4.5986
0.4461, 0.1894, 4.5987
0.4461, 0.1895, 4.5987
0.4459, 0.1896, 4.5987
0.4462, 0.1895, 4.5984
0.4459, 0.1896, 4.5987
0.4459, 0.1895, 4.5985
0.4459, 0.1894, 4.5987
0.4460, 0.1894, 4.5985
0.4460, 0.1895, 4.5986
0.4459, 0.1897, 4.5986
0.4460, 0.1895, 4.5987
0.4463, 0.1895, 4.5987
0.4461, 0.1896, 4.5985
0.4461, 0.1895, 4.5988
0.4462, 0.1898, 4.5986
0.4461, 0.1894, 4.5989
0.4461, 0.1895, 4.5987
0.4462, 0.1895, 4.5988
0.4461, 0.1895, 4.5987
0.4462, 0.1893, 4.5988
0.4461, 0.1895, 4.5985
0.4460, 0.1896, 4.5989
0.4461, 0.1896, 4.5986
0.4459, 0.1897, 4.5989
0.4459, 0.1893, 4.5991
0.4460, 0.1894, 4.5988
0.4459, 0.1895, 4.5988
0.4460, 0.1891, 4.5984
0.4459, 0.1897, 4.5987
