-0.0001, -0.0000, -0.0005
-0.0000, -0.0003, -0.0003
-0.0001, -0.0003, -0.0004
-0.0001, -0.0003, -0.0005
-0.0000, -0.0005, 0.0001
-0.0001, -0.0004, -0.0001
-0.0001, -0.0001, -0.0003
-0.0003, 0.0000, -0.0002
-0.0001, -0.0004, -0.0004
0.0000, -0.0003, -0.0003
0.0002, -0.0005, 0.0000
0.0001, -0.0003, -0.0004
-0.0001, 0.0000, 0.0002
-0.0000, -0.0003, -0.0002
-0.0000, -0.0003, -0.0005
0.0000, -0.0004, 0.0001
-0.0001, 0.0000, -0.0004
-0.0000, 0.0001, -0.0002
-0.0001, 0.0001, 0.0001
-0.0001, -0.0001, -0.0003
-0.0002, 0.0001, -0.0002
-0.0005, 0.0004, -0.0003
-0.0002, -0.0003, -0.0005
-0.0003, 0.0005, -0.0002
-0.0001, 0.0001, -0.0005
-0.0000, -0.0000, -0.0006
-0.0002, 0.0001, -0.0004
-0.0002, 0.0003, -0.0004
-0.0002, 0.0003, -0.0002
-0.0002, 0.0000, -0.0001
-0.0003, 0.0002, -0.0002
-0.0000, 0.0002, 0.0001
-0.0001, 0.0000, -0.0002
-0.0004, 0.0005, -0.0006
-0.0002, -0.0001, -0.0004
-0.0003, 0.0002, -0.0000
-0.0003, 0.0000, -0.0004
-0.0002, 0.0001, -0.0006
-0.0001, 0.0001, -0.0001
0.0000, -0.0002, -0.0004
-0.0001, -0.0001, 0.0000
-0.0003, 0.0005, 0.0001
-0.0003, 0.0003, -0.0006
-0.0003, 0.0004, 0.0004
-0.0003, 0.0003, -0.0002
-0.0002, 0.0001, -0.0001
-0.0002, -0.0000, -0.0002
-0.0002, 0.0002, -0.0006
-0.0002, 0.0002, -0.0002
-0.0001, -0.0002, -0.0003
-0.0003, 0.0001, 0.0003
-0.0003, -0.0000, 0.0001
-0.0003, 0.0001, -0.0001
-0.0002, 0.0000, -0.0000
-0.0001, -0.0001, -0.0003
-0.0000, 0.0000, 0.0002
-0.0002, 0.0002, -0.0005
-0.0002, 0.0003, -0.0004
-0.0001, 0.0002, -0.0002
-0.0001, 0.0001, -0.0001
-0.0004, 0.0003, 0.0001
-0.0002, 0.0000, -0.0000
-0.0001, -0.0001, 0.0000
-0.0001, -0.0001, 0.0004
-0.0002, 0.0003, -0.0003
0.0000, -0.0001, 0.0001
0.0002, -0.0000, -0.0002
0.0000, -0.0003, -0.0000
0.0000, 0.0001, 0.0000
0.0000, 0.0000, -0.0003
0.0001, -0.0002, 0.0001
0.0001, -0.0002, -0.0000
-0.0000, -0.0002, 0.0002
0.0000, -0.0001, 0.0003
-0.0000, -0.0000, -0.0004
0.0002, -0.0005, 0.0002
0.0001, -0.0004, -0.0004
-0.0002, -0.0004, 0.0003
0.0000, -0.0003, -0.0000
-0.0000, -0.0002, -0.0002
-0.0002, 0.0002, -0.0002
-0.0001, 0.0003, -0.0002
-0.0001, -0.0001, -0.0002
-0.0000, 0.0000, -0.0003
-0.0002, -0.0002, -0.0000
0.0001, -0.0003, -0.0003
0.0002, -0.0005, -0.0005
-0.0001, -0.0000, 0.0000
0.0002, -0.0004, -0.0000
0.0000, -0.0006, -0.0003
0.0000, -0.0004, -0.0002
-0.0001, -0.0001, -0.0001
0.0002, -0.0002, -0.0000
0.0000, -0.0000, 0.0000
-0.0001, 0.0002, -0.0001
-0.0000, -0.0000, -0.0001
0.0000, -0.0001, -0.0005
-0.0000, -0.0001, -0.0001
-0.0001, 0.0000, -0.0004
-0.0002, -0.0001, -0.0003
-0.0001, 0.0001, -0.0006
-0.0001, -0.0000, -0.0002
0.0000, 0.0001, 0.0001
-0.0002, 0.0001, -0.0001
-0.0000, -0.0001, -0.0000
-0.0002, 0.0000, -0.0002
-0.0002, 0.0002, -0.0001
-0.0001, 0.0003, -0.0001
-0.0001, 0.0001, -0.0005
-0.0001, 0.0001, -0.0002
-0.0001, 0.0000, -0.0004
-0.0001, -0.0000, -0.0005
-0.0005, 0.0002, 0.0000
-0.0003, 0.0001, -0.0002
0.0001, 0.0000, 0.0000
-0.0004, 0.0001, -0.0004
-0.0004, 0.0003, 0.0002
-0.0004, 0.0001, 0.0000
-0.0005, 0.0002, -0.0000
-0.0004, 0.0002, -0.0006
-0.0002, -0.0000, -0.0007
-0.0003, 0.0001, -0.0001
-0.0002, 0.0003, 0.0000
-0.0003, 0.0003, -0.0003
-0.0002, 0.0001, -0.0001
-0.0002, 0.0000, 0.0003
-0.0003, 0.0003, 0.0002
-0.0002, 0.0001, 0.0002
-0.0004, 0.0005, -0.0001
-0.0003, 0.0004, -0.0001
-0.0003, 0.0003, -0.0003
-0.0001, 0.0001, -0.0002
-0.0002, 0.0004, -0.0002
-0.0001, 0.0000, -0.0004
-0.0002, 0.0002, 0.0003
-0.0000, -0.0000, -0.0002
-0.0003, -0.0001, -0.0000
-0.0003, 0.0001, -0.0002
-0.0001, -0.0001, -0.0005
-0.0003, 0.0001, -0.0002
-0.0003, 0.0003, -0.0005
-0.0001, 0.0003, -0.0005
-0.0001, 0.0000, -0.0003
-0.0004, 0.0003, -0.0002
-0.0004, 0.0006, -0.0000
-0.0002, 0.0002, 0.0001
-0.0003, 0.0001, -0.0003
-0.0004, 0.0003, 0.0001
-0.0002, 0.0001, -0.0002
-0.0001, 0.0000, -0.0003
-0.0001, -0.0001, -0.0002
0.0001, -0.0002, -0.0005
-0.0003, 0.0002, 0.0000
-0.0003, 0.0003, -0.0003
-0.0003, 0.0002, 0.0001
-0.0003, 0.0000, 0.0000
-0.0001, -0.0001, -0.0003
-0.0004, -0.0001, -0.0003
-0.0003, 0.0002, -0.0005
-0.0001, -0.0001, -0.0002
-0.0002, -0.0002, -0.0004
-0.0002, 0.0002, -0.0002
-0.0002, 0.0001, -0.0003
0.0000, -0.0002, -0.0004
-0.0002, -0.0003, -0.0002
-0.0001, 0.0001, -0.0000
-0.0003, 0.0003, 0.0002
-0.0002, 0.0001, -0.0002
-0.0003, 0.0001, -0.0001
-0.0001, 0.0001, 0.0001
-0.0001, 0.0000, -0.0005
-0.0002, 0.0002, -0.0005
-0.0002, -0.0000, -0.0002
-0.0000, -0.0002, -0.0004
-0.0002, -0.0001, 0.0002
-0.0001, 0.0000, -0.0002
-0.0003, 0.0002, 0.0002
-0.0001, -0.0003, -0.0002
-0.0002, 0.0002, -0.0002
-0.0000, 0.0000, 0.0000
0.0000, -0.0001, 0.0002
-0.0000, -0.0001, -0.0001
-0.0002, -0.0001, -0.0003
-0.0003, -0.0002, -0.0001
-0.0002, -0.0001, 0.0003
-0.0002, -0.0000, -0.0003
-0.0003, 0.0001, -0.0000
-0.0003, 0.0001, -0.0003
-0.0002, 0.0001, -0.0003
-0.0002, 0.0002, 0.0002
-0.0002, 0.0003, -0.0004
-0.0002, -0.0000, -0.0001
-0.0003, 0.0001, 0.0001
-0.0003, 0.0001, -0.0001
-0.0002, 0.0002, 0.0001
-0.0003, 0.0004, -0.0003
-0.0002, 0.0001, 0.0003
-0.0002, 0.0001, -0.0001
-0.0002, 0.0000, 0.0000
-0.0003, -0.0001, 0.0000
-0.0004, 0.0001, -0.0001
-0.0003, -0.0003, -0.0004
-0.0005, 0.0001, 0.0002
-0.0006, -0.0000, -0.0004
-0.0004, 0.0005, -0.0000
-0.0004, 0.0003, -0.0009
-0.0003, 0.0000, 0.0000
-0.0004, 0.0004, -0.0000
-0.0004, 0.0002, -0.0003
-0.0008, 0.0008, -0.0002
-0.0005, 0.0005, -0.0004
-0.0007, 0.0005, -0.0001
-0.0004, 0.0004, -0.0002
-0.0005, 0.0005, -0.0003
-0.0003, 0.0004, 0.0000
-0.0003, 0.0004, -0.0003
-0.0004, 0.0004, -0.0001
-0.0003, 0.0004, -0.0001
-0.0001, -0.0002, -0.0002
-0.0002, 0.0001, -0.0001
-0.0003, 0.0001, -0.0001
-0.0003, 0.0005, -0.0001
-0.0005, 0.0004, -0.0004
-0.0004, 0.0003, -0.0004
-0.0005, 0.0003, 0.0000
-0.0005, 0.0002, -0.0004
-0.0005, 0.0005, 0.0001
-0.0005, 0.0003, -0.0003
-0.0005, 0.0004, -0.0003
-0.0005, 0.0004, -0.0000
-0.0003, 0.0004, -0.0004
-0.0002, 0.0003, 0.0000
-0.0003, 0.0002, 0.0003
-0.0004, 0.0005, 0.0002
-0.0004, 0.0005, -0.0002
-0.0003, 0.0002, -0.0003
-0.0005, 0.0006, -0.0002
-0.0006, 0.0006, 0.0001
-0.0005, 0.0002, -0.0002
-0.0006, 0.0004, -0.0004
-0.0006, 0.0005, -0.0003
-0.0005, 0.0002, -0.0002
-0.0002, 0.0001, -0.0003
-0.0002, 0.0002, -0.0001
-0.0000, 0.0001, -0.0004
-0.0003, 0.0004, -0.0000
-0.0004, 0.0006, 0.0000
-0.0002, 0.0000, -0.0002
-0.0003, 0.0003, 0.0000
-0.0001, 0.0002, -0.0001
-0.0001, -0.0001, -0.0001
-0.0003, -0.0000, -0.0001
-0.0002, 0.0001, -0.0005
-0.0004, 0.0002, -0.0006
-0.0003, 0.0001, -0.0003
-0.0004, 0.0002, -0.0001
-0.0004, 0.0004, 0.0001
-0.0002, 0.0001, -0.0002
-0.0003, 0.0003, 0.0001
-0.0001, 0.0001, -0.0002
-0.0000, -0.0003, 0.0000
-0.0004, 0.0003, -0.0006
-0.0003, 0.0003, -0.0004
-0.0001, -0.0002, -0.0001
-0.0002, 0.0002, -0.0001
-0.0004, 0.0001, 0.0000
-0.0003, -0.0004, 0.0000
-0.0003, 0.0001, -0.0000
-0.0003, 0.0002, 0.0002
-0.0001, -0.0002, -0.0003
-0.0002, 0.0002, -0.0002
-0.0005, 0.0003, 0.0002
-0.0002, 0.0005, -0.0003
-0.0004, 0.0006, 0.0004
-0.0002, -0.0001, -0.0003
-0.0004, 0.0003, -0.0003
-0.0001, -0.0002, -0.0005
-0.0003, 0.0002, -0.0002
-0.0003, 0.0001, 0.0002
-0.0002, -0.0000, -0.0004
-0.0005, 0.0005, -0.0000
-0.0003, 0.0003, -0.0003
-0.0003, 0.0003, -0.0003
-0.0005, 0.0005, -0.0002
-0.0002, 0.0001, -0.0006
-0.0003, 0.0003, -0.0001
-0.0003, 0.0001, -0.0004
-0.0003, 0.0001, 0.0002
-0.0003, 0.0001, -0.0001
-0.0003, -0.0003, -0.0001
-0.0002, -0.0002, 0.0002
-0.0003, 0.0001, -0.0001
-0.0004, 0.0001, -0.0001
-0.0003, -0.0000, -0.0003
-0.0003, 0.0001, -0.0005
-0.0002, -0.0003, -0.0000
-0.0002, -0.0000, -0.0004
-0.0003, 0.0002, 0.0002
-0.0002, -0.0001, 0.0002
-0.0004, 0.0003, -0.0000
-0.0003, 0.0004, -0.0000
-0.0003, 0.0000, -0.0001
-0.0003, 0.0002, 0.0001
-0.0003, 0.0002, 0.0001
-0.0003, 0.0003, -0.0002
-0.0002, 0.0002, -0.0003
-0.0002, 0.0000, -0.0003
-0.0002, -0.0000, 0.0003
-0.0004, 0.0003, -0.0005
-0.0004, 0.0004, 0.0000
-0.0001, 0.0001, 0.0002
-0.0003, 0.0002, 0.0002
-0.0003, 0.0002, 0.0002
-0.0005, 0.0003, -0.0002
-0.0002, 0.0001, 0.0002
-0.0003, 0.0005, -0.0001
-0.0006, 0.0004, -0.0003
-0.0001, -0.0002, -0.0002
-0.0003, 0.0002, -0.0002
-0.0003, 0.0002, -0.0003
-0.0004, -0.0000, -0.0003
-0.0004, 0.0003, -0.0003
-0.0003, 0.0003, -0.0003
-0.0005, 0.0003, -0.0002
-0.0003, 0.0001, -0.0001
-0.0003, 0.0001, -0.0001
-0.0004, -0.0000, -0.0003
-0.0004, 0.0003, -0.0004
-0.0001, -0.0002, -0.0002
-0.0002, 0.0004, 0.0004
-0.0002, 0.0002, 0.0001
-0.0005, 0.0001, 0.0002
-0.0003, 0.0002, -0.0004
-0.0004, 0.0000, 0.0003
-0.0002, 0.0002, -0.0002
-0.0003, 0.0003, 0.0000
-0.0004, 0.0004, 0.0001
-0.0005, 0.0003, -0.0003
-0.0003, 0.0004, 0.0003
-0.0005, 0.0003, -0.0002
-0.0004, 0.0005, 0.0000
-0.0006, 0.0004, -0.0001
-0.0003, 0.0003, -0.0002
-0.0006, 0.0003, -0.0001
-0.0005, 0.0002, -0.0001
-0.0004, 0.0001, 0.0002
-0.0005, 0.0004, 0.0001
-0.0004, 0.0002, 0.0002
-0.0003, -0.0001, 0.0004
-0.0003, 0.0001, -0.0001
-0.0002, 0.0000, 0.0002
-0.0003, 0.0002, -0.0001
-0.0004, 0.0003, 0.0001
-0.0003, 0.0001, 0.0002
-0.0005, 0.0001, -0.0003
-0.0004, 0.0002, 0.0001
-0.0003, 0.0004, -0.0000
-0.0003, 0.0004, 0.0001
-0.0005, 0.0003, -0.0001
-0.0004, 0.0004, 0.0001
-0.0004, 0.0001, 0.0002
-0.0004, 0.0003, -0.0004
-0.0004, 0.0002, -0.0002
-0.0005, 0.0004, -0.0000
-0.0003, 0.0001, -0.0002
-0.0003, 0.0001, 0.0000
-0.0004, 0.0002, 0.0001
-0.0001, -0.0000, -0.0001
-0.0004, 0.0003, 0.0003
-0.0003, 0.0001, 0.0004
-0.0004, 0.0002, 0.0000
-0.0005, 0.0002, -0.0003
-0.0004, 0.0002, -0.0000
-0.0002, 0.0001, -0.0000
-0.0005, 0.0001, 0.0003
-0.0001, -0.0002, 0.0003
0.0000, -0.0002, -0.0001
-0.0002, 0.0001, 0.0001
-0.0003, 0.0002, -0.0004
-0.0006, 0.0004, 0.0004
-0.0003, 0.0001, 0.0002
-0.0002, 0.0001, -0.0001
-0.0003, 0.0002, 0.0002
-0.0003, 0.0001, -0.0001
-0.0004, 0.0002, 0.0002
-0.0005, 0.0004, 0.0004
-0.0002, -0.0000, 0.0002
-0.0000, -0.0001, 0.0005
-0.0003, 0.0003, 0.0001
-0.0004, 0.0005, 0.0003
-0.0005, 0.0003, 0.0005
-0.0003, -0.0001, 0.0000
-0.0004, 0.0001, 0.0002
-0.0004, -0.0001, -0.0000
-0.0003, 0.0002, 0.0002
-0.0003, 0.0001, 0.0000
-0.0004, 0.0005, 0.0002
-0.0001, 0.0001, 0.0003
-0.0004, 0.0003, 0.0002
-0.0002, -0.0000, 0.0008
-0.0005, 0.0001, 0.0003
-0.0005, -0.0001, 0.0007
-0.0002, -0.0002, 0.0007
-0.0002, -0.0002, 0.0003
-0.0002, 0.0000, 0.0001
-0.0004, -0.0000, 0.0003
-0.0002, -0.0001, 0.0003
-0.0005, 0.0001, 0.0001
-0.0005, 0.0001, 0.0007
-0.0002, -0.0001, 0.0004
-0.0004, 0.0003, 0.0005
-0.0004, 0.0002, 0.0006
-0.0005, 0.0004, 0.0002
-0.0004, 0.0003, 0.0005
-0.0004, 0.0001, 0.0005
-0.0003, -0.0001, 0.0007
-0.0004, 0.0001, 0.0010
-0.0003, -0.0000, 0.0003
-0.0004, 0.0001, 0.0004
-0.0004, 0.0000, 0.0004
-0.0004, 0.0002, 0.0004
-0.0005, -0.0000, 0.0010
-0.0004, 0.0002, 0.0009
-0.0004, 0.0001, 0.0007
-0.0004, 0.0000, 0.0008
-0.0005, 0.0001, 0.0007
-0.0004, 0.0002, 0.0008
-0.0008, 0.0006, 0.0008
-0.0005, 0.0001, 0.0014
-0.0005, 0.0002, 0.0010
-0.0005, 0.0004, 0.0010
-0.0008, 0.0004, 0.0007
-0.0006, 0.0003, 0.0007
-0.0007, 0.0001, 0.0012
-0.0006, -0.0002, 0.0008
-0.0007, 0.0004, 0.0012
-0.0009, 0.0003, 0.0008
-0.0004, -0.0001, 0.0011
-0.0005, 0.0002, 0.0014
-0.0006, 0.0002, 0.0008
-0.0006, 0.0001, 0.0009
-0.0004, -0.0002, 0.0014
-0.0006, 0.0002, 0.0011
-0.0005, 0.0000, 0.0010
-0.0006, -0.0001, 0.0011
-0.0006, 0.0002, 0.0013
-0.0006, 0.0002, 0.0013
-0.0005, 0.0002, 0.0014
-0.0009, 0.0007, 0.0015
-0.0008, 0.0003, 0.0015
-0.0008, 0.0003, 0.0016
-0.0009, 0.0004, 0.0013
-0.0010, 0.0003, 0.0017
-0.0007, 0.0002, 0.0014
-0.0010, 0.0004, 0.0017
-0.0010, 0.0003, 0.0018
-0.0010, 0.0003, 0.0013
-0.0009, 0.0000, 0.0019
-0.0010, 0.0002, 0.0018
-0.0010, 0.0003, 0.0021
-0.0010, 0.0003, 0.0022
-0.0010, 0.0004, 0.0015
-0.0011, 0.0005, 0.0021
-0.0007, 0.0002, 0.0019
-0.0008, 0.0004, 0.0022
-0.0009, 0.0002, 0.0024
-0.0008, -0.0001, 0.0024
-0.0010, 0.0002, 0.0025
-0.0009, 0.0001, 0.0025
-0.0010, 0.0001, 0.0028
-0.0008, 0.0001, 0.0028
-0.0010, 0.0001, 0.0027
-0.0010, 0.0005, 0.0029
-0.0009, 0.0003, 0.0026
-0.0010, 0.0002, 0.0027
-0.0011, 0.0003, 0.0029
-0.0009, -0.0000, 0.0029
-0.0010, 0.0002, 0.0034
-0.0009, -0.0001, 0.0032
-0.0010, 0.0002, 0.0033
-0.0011, 0.0003, 0.0032
-0.0012, 0.0004, 0.0033
-0.0012, 0.0002, 0.0033
-0.0012, 0.0004, 0.0034
-0.0011, 0.0001, 0.0037
-0.0011, 0.0003, 0.0039
-0.0012, 0.0003, 0.0035
-0.0011, 0.0000, 0.0038
-0.0010, 0.0001, 0.0038
-0.0011, 0.0002, 0.0042
-0.0012, 0.0001, 0.0042
-0.0013, 0.0005, 0.0042
-0.0012, 0.0004, 0.0043
-0.0010, -0.0001, 0.0047
-0.0011, -0.0000, 0.0044
-0.0013, 0.0004, 0.0046
-0.0012, 0.0004, 0.0048
-0.0012, 0.0003, 0.0049
-0.0013, 0.0000, 0.0049
-0.0012, -0.0000, 0.0050
-0.0012, 0.0002, 0.0050
-0.0012, 0.0003, 0.0056
-0.0011, 0.0000, 0.0053
-0.0011, -0.0001, 0.0059
-0.0012, -0.0000, 0.0059
-0.0013, 0.0002, 0.0059
-0.0012, 0.0000, 0.0059
-0.0013, -0.0000, 0.0063
-0.0014, 0.0001, 0.0060
-0.0014, -0.0001, 0.0063
-0.0015, 0.0002, 0.0061
-0.0014, 0.0001, 0.0069
-0.0013, 0.0001, 0.0070
-0.0012, 0.0000, 0.0072
-0.0014, 0.0000, 0.0075
-0.0014, -0.0002, 0.0077
-0.0015, -0.0000, 0.0080
-0.0014, 0.0001, 0.0079
-0.0014, 0.0002, 0.0078
-0.0016, 0.0002, 0.0087
-0.0016, 0.0002, 0.0086
-0.0018, 0.0003, 0.0091
-0.0016, 0.0002, 0.0090
-0.0015, 0.0003, 0.0100
-0.0015, 0.0000, 0.0102
-0.0015, -0.0001, 0.0102
-0.0016, 0.0002, 0.0103
-0.0017, 0.0000, 0.0105
-0.0018, 0.0003, 0.0113
-0.0018, 0.0004, 0.0115
-0.0019, 0.0002, 0.0113
-0.0018, 0.0001, 0.0119
-0.0019, 0.0003, 0.0124
-0.0019, -0.0001, 0.0128
-0.0019, -0.0000, 0.0129
-0.0017, 0.0001, 0.0132
-0.0019, -0.0000, 0.0137
-0.0017, 0.0001, 0.0137
-0.0018, 0.0003, 0.0141
-0.0019, 0.0002, 0.0147
-0.0017, 0.0002, 0.0152
-0.0019, 0.0003, 0.0154
-0.0022, 0.0002, 0.0159
-0.0020, -0.0000, 0.0170
-0.0019, 0.0000, 0.0171
-0.0022, 0.0004, 0.0176
-0.0022, 0.0005, 0.0179
-0.0022, 0.0003, 0.0180
-0.0020, -0.0000, 0.0190
-0.0020, 0.0003, 0.0192
-0.0021, 0.0003, 0.0196
-0.0022, 0.0003, 0.0201
-0.0023, 0.0005, 0.0204
-0.0022, 0.0004, 0.0216
-0.0021, 0.0002, 0.0216
-0.0022, 0.0003, 0.0224
-0.0021, 0.0003, 0.0231
-0.0023, 0.0005, 0.0232
-0.0025, 0.0008, 0.0238
-0.0023, 0.0006, 0.0244
-0.0023, 0.0005, 0.0251
-0.0023, 0.0002, 0.0257
-0.0025, 0.0001, 0.0260
-0.0025, 0.0004, 0.0268
-0.0026, 0.0002, 0.0274
-0.0024, 0.0003, 0.0280
-0.0025, 0.0002, 0.0290
-0.0025, 0.0005, 0.0293
-0.0026, 0.0006, 0.0304
-0.0024, 0.0007, 0.0305
-0.0025, 0.0001, 0.0314
-0.0025, 0.0004, 0.0317
-0.0028, 0.0007, 0.0324
-0.0027, 0.0003, 0.0328
-0.0025, 0.0002, 0.0338
-0.0027, 0.0004, 0.0343
-0.0028, 0.0005, 0.0350
-0.0026, 0.0001, 0.0357
-0.0025, -0.0001, 0.0367
-0.0025, -0.0001, 0.0370
-0.0027, 0.0004, 0.0383
-0.0026, 0.0002, 0.0387
-0.0026, -0.0000, 0.0392
-0.0027, 0.0002, 0.0402
-0.0027, 0.0002, 0.0411
-0.0028, 0.0001, 0.0416
-0.0027, 0.0001, 0.0428
-0.0027, 0.0001, 0.0439
-0.0028, 0.0000, 0.0443
-0.0028, 0.0002, 0.0454
-0.0030, 0.0004, 0.0463
-0.0030, 0.0003, 0.0466
-0.0029, 0.0002, 0.0475
-0.0028, -0.0001, 0.0486
-0.0030, -0.0001, 0.0492
-0.0028, -0.0001, 0.0503
-0.0028, 0.0001, 0.0512
-0.0027, -0.0004, 0.0523
-0.0030, 0.0001, 0.0529
-0.0029, 0.0002, 0.0541
-0.0030, 0.0001, 0.0549
-0.0029, 0.0004, 0.0559
-0.0030, 0.0002, 0.0571
-0.0030, 0.0001, 0.0577
-0.0030, 0.0000, 0.0588
-0.0031, 0.0000, 0.0600
-0.0030, -0.0001, 0.0613
-0.0030, -0.0000, 0.0620
-0.0030, -0.0000, 0.0633
-0.0030, 0.0000, 0.0644
-0.0029, -0.0003, 0.0654
-0.0031, -0.0001, 0.0661
-0.0031, -0.0000, 0.0674
-0.0032, -0.0000, 0.0682
-0.0031, -0.0001, 0.0696
-0.0032, 0.0000, 0.0709
-0.0033, 0.0002, 0.0718
-0.0033, 0.0001, 0.0731
-0.0033, 0.0003, 0.0747
-0.0032, 0.0004, 0.0757
-0.0032, -0.0000, 0.0768
-0.0035, 0.0006, 0.0779
-0.0035, 0.0002, 0.0796
-0.0033, 0.0004, 0.0804
-0.0034, 0.0005, 0.0819
-0.0032, 0.0005, 0.0831
-0.0033, 0.0001, 0.0843
-0.0035, 0.0006, 0.0858
-0.0034, 0.0005, 0.0870
-0.0036, 0.0004, 0.0887
-0.0034, 0.0001, 0.0902
-0.0035, 0.0001, 0.0911
-0.0034, 0.0003, 0.0927
-0.0034, 0.0004, 0.0940
-0.0034, 0.0001, 0.0954
-0.0035, 0.0002, 0.0971
-0.0035, 0.0003, 0.0986
-0.0035, 0.0003, 0.1007
-0.0036, 0.0004, 0.1020
-0.0037, 0.0005, 0.1032
-0.0036, 0.0006, 0.1050
-0.0036, 0.0004, 0.1062
-0.0036, 0.0006, 0.1083
-0.0036, 0.0004, 0.1098
-0.0037, 0.0006, 0.1114
-0.0037, 0.0005, 0.1133
-0.0038, 0.0005, 0.1150
-0.0037, 0.0004, 0.1167
-0.0037, 0.0006, 0.1184
-0.0037, 0.0006, 0.1202
-0.0036, 0.0002, 0.1219
-0.0039, 0.0010, 0.1237
-0.0039, 0.0006, 0.1255
-0.0038, 0.0004, 0.1273
-0.0035, 0.0001, 0.1285
-0.0036, 0.0001, 0.1304
-0.0038, 0.0005, 0.1325
-0.0038, 0.0003, 0.1343
-0.0038, 0.0002, 0.1362
-0.0038, 0.0001, 0.1382
-0.0036, 0.0001, 0.1403
-0.0036, 0.0002, 0.1422
-0.0036, 0.0004, 0.1443
-0.0036, 0.0003, 0.1462
-0.0038, 0.0002, 0.1482
-0.0039, 0.0005, 0.1502
-0.0038, 0.0006, 0.1523
-0.0036, 0.0003, 0.1549
-0.0036, 0.0004, 0.1566
-0.0038, 0.0003, 0.1593
-0.0038, 0.0003, 0.1609
-0.0040, 0.0006, 0.1629
-0.0036, 0.0003, 0.1655
-0.0037, 0.0001, 0.1673
-0.0037, 0.0001, 0.1694
-0.0038, 0.0001, 0.1718
-0.0037, -0.0000, 0.1740
-0.0041, 0.0003, 0.1764
-0.0040, 0.0005, 0.1786
-0.0038, 0.0003, 0.1811
-0.0037, 0.0001, 0.1835
-0.0035, -0.0002, 0.1858
-0.0036, -0.0000, 0.1883
-0.0037, 0.0001, 0.1903
-0.0037, 0.0001, 0.1927
-0.0040, 0.0002, 0.1950
-0.0038, 0.0001, 0.1975
-0.0038, 0.0001, 0.2003
-0.0039, 0.0001, 0.2028
-0.0037, -0.0001, 0.2056
-0.0038, 0.0003, 0.2081
-0.0037, 0.0000, 0.2104
-0.0039, 0.0001, 0.2133
-0.0037, -0.0002, 0.2155
-0.0037, -0.0001, 0.2186
-0.0036, -0.0001, 0.2212
-0.0038, -0.0000, 0.2236
-0.0038, -0.0000, 0.2264
-0.0037, -0.0002, 0.2292
-0.0040, 0.0000, 0.2321
-0.0039, -0.0001, 0.2347
-0.0038, -0.0004, 0.2376
-0.0039, -0.0002, 0.2406
-0.0035, -0.0002, 0.2431
-0.0036, 0.0000, 0.2461
-0.0036, -0.0002, 0.2488
-0.0039, 0.0002, 0.2519
-0.0039, -0.0002, 0.2547
-0.0038, -0.0001, 0.2568
-0.0038, -0.0003, 0.2606
-0.0038, -0.0001, 0.2632
-0.0037, -0.0001, 0.2661
-0.0037, -0.0002, 0.2695
-0.0038, -0.0005, 0.2720
-0.0037, -0.0003, 0.2751
-0.0036, -0.0007, 0.2778
-0.0038, -0.0003, 0.2802
-0.0038, -0.0003, 0.2835
-0.0037, -0.0005, 0.2861
-0.0035, -0.0008, 0.2894
-0.0036, -0.0005, 0.2922
-0.0037, -0.0006, 0.2952
-0.0037, -0.0006, 0.2987
-0.0037, -0.0007, 0.3009
-0.0036, -0.0006, 0.3040
-0.0035, -0.0009, 0.3069
-0.0035, -0.0007, 0.3094
-0.0034, -0.0010, 0.3129
-0.0034, -0.0010, 0.3159
-0.0036, -0.0007, 0.3188
-0.0036, -0.0009, 0.3217
-0.0038, -0.0006, 0.3249
-0.0039, -0.0009, 0.3279
-0.0038, -0.0008, 0.3305
-0.0038, -0.0009, 0.3340
-0.0037, -0.0010, 0.3370
-0.0036, -0.0012, 0.3399
-0.0035, -0.0009, 0.3430
-0.0039, -0.0006, 0.3466
-0.0039, -0.0006, 0.3501
-0.0038, -0.0005, 0.3530
-0.0039, -0.0004, 0.3559
-0.0037, -0.0006, 0.3594
-0.0038, -0.0007, 0.3627
-0.0040, -0.0005, 0.3657
-0.0040, -0.0003, 0.3690
-0.0039, -0.0004, 0.3724
-0.0037, -0.0008, 0.3756
-0.0038, -0.0006, 0.3787
-0.0038, -0.0007, 0.3819
-0.0040, -0.0004, 0.3850
-0.0040, -0.0005, 0.3887
-0.0040, -0.0003, 0.3917
-0.0037, -0.0008, 0.3954
-0.0041, -0.0001, 0.3991
-0.0040, -0.0005, 0.4020
-0.0041, -0.0003, 0.4055
-0.0039, -0.0005, 0.4086
-0.0037, -0.0006, 0.4121
-0.0040, -0.0004, 0.4152
-0.0039, -0.0006, 0.4189
-0.0039, -0.0010, 0.4223
-0.0038, -0.0006, 0.4255
-0.0039, -0.0008, 0.4290
-0.0040, -0.0007, 0.4326
-0.0038, -0.0005, 0.4357
-0.0037, -0.0007, 0.4397
-0.0036, -0.0009, 0.4424
-0.0036, -0.0012, 0.4462
-0.0038, -0.0008, 0.4498
-0.0037, -0.0010, 0.4535
-0.0038, -0.0008, 0.4575
-0.0036, -0.0012, 0.4609
-0.0037, -0.0011, 0.4643
-0.0034, -0.0013, 0.4683
-0.0035, -0.0014, 0.4716
-0.0038, -0.0011, 0.4753
-0.0037, -0.0012, 0.4786
-0.0038, -0.0012, 0.4823
-0.0035, -0.0014, 0.4864
-0.0035, -0.0008, 0.4909
-0.0037, -0.0010, 0.4945
-0.0035, -0.0010, 0.4979
-0.0035, -0.0010, 0.5022
-0.0037, -0.0006, 0.5059
-0.0039, -0.0006, 0.5095
-0.0040, -0.0008, 0.5130
-0.0039, -0.0010, 0.5166
-0.0039, -0.0010, 0.5208
-0.0039, -0.0008, 0.5245
-0.0039, -0.0007, 0.5284
-0.0040, -0.0007, 0.5324
-0.0039, -0.0008, 0.5359
-0.0039, -0.0009, 0.5403
-0.0041, -0.0004, 0.5439
-0.0040, -0.0008, 0.5477
-0.0041, -0.0005, 0.5513
-0.0040, -0.0009, 0.5547
-0.0041, -0.0007, 0.5588
-0.0040, -0.0008, 0.5628
-0.0042, -0.0008, 0.5664
-0.0042, -0.0009, 0.5702
-0.0043, -0.0007, 0.5734
-0.0045, -0.0003, 0.5780
-0.0041, -0.0010, 0.5813
-0.0043, -0.0007, 0.5853
-0.0043, -0.0008, 0.5887
-0.0043, -0.0009, 0.5921
-0.0040, -0.0010, 0.5962
-0.0041, -0.0009, 0.6001
-0.0041, -0.0010, 0.6036
-0.0040, -0.0011, 0.6079
-0.0040, -0.0012, 0.6117
-0.0039, -0.0012, 0.6155
-0.0041, -0.0014, 0.6199
-0.0041, -0.0012, 0.6230
-0.0041, -0.0014, 0.6272
-0.0043, -0.0014, 0.6314
-0.0044, -0.0011, 0.6355
-0.0043, -0.0011, 0.6393
-0.0040, -0.0015, 0.6433
-0.0042, -0.0011, 0.6473
-0.0041, -0.0014, 0.6514
-0.0042, -0.0012, 0.6559
-0.0044, -0.0012, 0.6594
-0.0042, -0.0011, 0.6640
-0.0041, -0.0011, 0.6677
-0.0045, -0.0010, 0.6719
-0.0042, -0.0013, 0.6763
-0.0045, -0.0012, 0.6800
-0.0042, -0.0010, 0.6847
-0.0042, -0.0008, 0.6884
-0.0043, -0.0012, 0.6928
-0.0045, -0.0013, 0.6969
-0.0042, -0.0015, 0.7009
-0.0042, -0.0012, 0.7056
-0.0041, -0.0013, 0.7095
-0.0041, -0.0014, 0.7134
-0.0043, -0.0012, 0.7172
-0.0040, -0.0014, 0.7216
-0.0040, -0.0017, 0.7264
-0.0041, -0.0015, 0.7299
-0.0041, -0.0014, 0.7349
-0.0042, -0.0014, 0.7392
-0.0039, -0.0018, 0.7433
-0.0041, -0.0015, 0.7481
-0.0040, -0.0017, 0.7516
-0.0038, -0.0018, 0.7563
-0.0039, -0.0015, 0.7603
-0.0040, -0.0017, 0.7644
-0.0040, -0.0017, 0.7687
-0.0040, -0.0017, 0.7733
-0.0040, -0.0018, 0.7773
-0.0040, -0.0019, 0.7822
-0.0040, -0.0020, 0.7859
-0.0038, -0.0020, 0.7903
-0.0039, -0.0019, 0.7941
-0.0040, -0.0019, 0.7992
-0.0043, -0.0016, 0.8031
-0.0041, -0.0021, 0.8071
-0.0043, -0.0018, 0.8118
-0.0041, -0.0020, 0.8152
-0.0042, -0.0016, 0.8199
-0.0040, -0.0018, 0.8245
-0.0042, -0.0020, 0.8286
-0.0042, -0.0021, 0.8332
-0.0044, -0.0020, 0.8369
-0.0043, -0.0018, 0.8416
-0.0044, -0.0019, 0.8456
-0.0045, -0.0022, 0.8506
-0.0043, -0.0022, 0.8545
-0.0046, -0.0021, 0.8587
-0.0046, -0.0017, 0.8634
-0.0047, -0.0017, 0.8675
-0.0046, -0.0019, 0.8716
-0.0049, -0.0015, 0.8767
-0.0049, -0.0016, 0.8804
-0.0050, -0.0018, 0.8858
-0.0050, -0.0016, 0.8901
-0.0050, -0.0017, 0.8942
-0.0053, -0.0016, 0.8989
-0.0053, -0.0016, 0.9032
-0.0054, -0.0015, 0.9080
-0.0053, -0.0017, 0.9123
-0.0054, -0.0017, 0.9162
-0.0057, -0.0013, 0.9211
-0.0059, -0.0013, 0.9259
-0.0057, -0.0016, 0.9301
-0.0058, -0.0017, 0.9348
-0.0059, -0.0014, 0.9396
-0.0060, -0.0014, 0.9443
-0.0059, -0.0017, 0.9482
-0.0060, -0.0018, 0.9526
-0.0061, -0.0018, 0.9566
-0.0062, -0.0013, 0.9613
-0.0059, -0.0022, 0.9660
-0.0060, -0.0018, 0.9704
-0.0061, -0.0017, 0.9746
-0.0060, -0.0020, 0.9791
-0.0060, -0.0019, 0.9835
-0.0060, -0.0021, 0.9880
-0.0061, -0.0021, 0.9925
-0.0062, -0.0019, 0.9973
-0.0060, -0.0021, 1.0015
-0.0059, -0.0026, 1.0062
-0.0060, -0.0026, 1.0109
-0.0058, -0.0026, 1.0154
-0.0058, -0.0028, 1.0198
-0.0058, -0.0027, 1.0243
-0.0059, -0.0027, 1.0288
-0.0060, -0.0028, 1.0332
-0.0059, -0.0029, 1.0376
-0.0060, -0.0027, 1.0426
-0.0061, -0.0028, 1.0468
-0.0059, -0.0030, 1.0516
-0.0062, -0.0027, 1.0563
-0.0061, -0.0030, 1.0608
-0.0062, -0.0030, 1.0655
-0.0063, -0.0027, 1.0692
-0.0062, -0.0031, 1.0740
-0.0064, -0.0030, 1.0786
-0.0065, -0.0030, 1.0827
-0.0064, -0.0030, 1.0878
-0.0065, -0.0029, 1.0922
-0.0065, -0.0030, 1.0968
-0.0066, -0.0029, 1.1012
-0.0066, -0.0031, 1.1054
-0.0066, -0.0029, 1.1098
-0.0063, -0.0034, 1.1140
-0.0066, -0.0033, 1.1185
-0.0066, -0.0034, 1.1232
-0.0067, -0.0033, 1.1272
-0.0068, -0.0032, 1.1315
-0.0067, -0.0033, 1.1361
-0.0067, -0.0033, 1.1406
-0.0065, -0.0036, 1.1454
-0.0067, -0.0037, 1.1496
-0.0070, -0.0035, 1.1538
-0.0068, -0.0038, 1.1576
-0.0071, -0.0036, 1.1626
-0.0072, -0.0035, 1.1671
-0.0072, -0.0037, 1.1715
-0.0073, -0.0037, 1.1760
-0.0073, -0.0038, 1.1805
-0.0074, -0.0035, 1.1848
-0.0075, -0.0037, 1.1888
-0.0078, -0.0034, 1.1935
-0.0077, -0.0037, 1.1985
-0.0078, -0.0035, 1.2026
-0.0078, -0.0038, 1.2070
-0.0078, -0.0037, 1.2114
-0.0079, -0.0035, 1.2158
-0.0080, -0.0038, 1.2202
-0.0082, -0.0037, 1.2243
-0.0081, -0.0035, 1.2293
-0.0083, -0.0036, 1.2331
-0.0083, -0.0037, 1.2378
-0.0083, -0.0036, 1.2427
-0.0083, -0.0038, 1.2465
-0.0083, -0.0038, 1.2511
-0.0083, -0.0040, 1.2557
-0.0082, -0.0039, 1.2599
-0.0083, -0.0043, 1.2644
-0.0083, -0.0043, 1.2691
-0.0084, -0.0040, 1.2734
-0.0085, -0.0041, 1.2781
-0.0085, -0.0040, 1.2824
-0.0084, -0.0044, 1.2868
-0.0087, -0.0039, 1.2912
-0.0087, -0.0038, 1.2961
-0.0086, -0.0042, 1.3003
-0.0085, -0.0040, 1.3048
-0.0086, -0.0041, 1.3097
-0.0087, -0.0043, 1.3139
-0.0087, -0.0042, 1.3189
-0.0087, -0.0042, 1.3230
-0.0087, -0.0045, 1.3277
-0.0089, -0.0042, 1.3323
-0.0090, -0.0038, 1.3367
-0.0090, -0.0042, 1.3407
-0.0089, -0.0042, 1.3452
-0.0092, -0.0040, 1.3500
-0.0089, -0.0041, 1.3551
-0.0087, -0.0046, 1.3588
-0.0088, -0.0042, 1.3637
-0.0088, -0.0047, 1.3683
-0.0093, -0.0042, 1.3729
-0.0092, -0.0045, 1.3772
-0.0091, -0.0046, 1.3814
-0.0089, -0.0047, 1.3858
-0.0089, -0.0045, 1.3899
-0.0090, -0.0048, 1.3941
-0.0091, -0.0048, 1.3991
-0.0090, -0.0051, 1.4034
-0.0090, -0.0051, 1.4082
-0.0091, -0.0050, 1.4127
-0.0089, -0.0054, 1.4165
-0.0090, -0.0051, 1.4214
-0.0088, -0.0054, 1.4251
-0.0091, -0.0051, 1.4296
-0.0090, -0.0053, 1.4341
-0.0091, -0.0052, 1.4383
-0.0091, -0.0053, 1.4428
-0.0092, -0.0051, 1.4475
-0.0093, -0.0049, 1.4519
-0.0094, -0.0050, 1.4560
-0.0091, -0.0051, 1.4604
-0.0091, -0.0051, 1.4652
-0.0090, -0.0053, 1.4693
-0.0090, -0.0050, 1.4739
-0.0093, -0.0052, 1.4787
-0.0092, -0.0051, 1.4830
-0.0093, -0.0048, 1.4876
-0.0091, -0.0051, 1.4924
-0.0090, -0.0050, 1.4972
-0.0093, -0.0050, 1.5018
-0.0095, -0.0046, 1.5061
-0.0095, -0.0046, 1.5110
-0.0094, -0.0049, 1.5151
-0.0096, -0.0048, 1.5199
-0.0094, -0.0048, 1.5245
-0.0093, -0.0052, 1.5289
-0.0093, -0.0050, 1.5337
-0.0092, -0.0048, 1.5388
-0.0092, -0.0049, 1.5433
-0.0093, -0.0046, 1.5482
-0.0092, -0.0046, 1.5529
-0.0091, -0.0049, 1.5579
-0.0092, -0.0046, 1.5624
-0.0091, -0.0049, 1.5671
-0.0091, -0.0051, 1.5718
-0.0093, -0.0046, 1.5763
-0.0090, -0.0049, 1.5815
-0.0092, -0.0048, 1.5863
-0.0092, -0.0046, 1.5909
-0.0094, -0.0047, 1.5961
-0.0092, -0.0049, 1.6008
-0.0093, -0.0048, 1.6057
-0.0093, -0.0049, 1.6100
-0.0091, -0.0048, 1.6148
-0.0093, -0.0049, 1.6193
-0.0093, -0.0045, 1.6242
-0.0095, -0.0044, 1.6289
-0.0095, -0.0046, 1.6335
-0.0095, -0.0049, 1.6381
-0.0096, -0.0046, 1.6433
-0.0096, -0.0048, 1.6482
-0.0094, -0.0049, 1.6528
-0.0096, -0.0047, 1.6574
-0.0097, -0.0046, 1.6621
-0.0096, -0.0049, 1.6675
-0.0094, -0.0045, 1.6726
-0.0094, -0.0047, 1.6768
-0.0092, -0.0052, 1.6816
-0.0095, -0.0047, 1.6867
-0.0095, -0.0048, 1.6922
-0.0093, -0.0049, 1.6966
-0.0093, -0.0049, 1.7016
-0.0095, -0.0045, 1.7066
-0.0093, -0.0049, 1.7113
-0.0095, -0.0045, 1.7169
-0.0095, -0.0044, 1.7212
-0.0094, -0.0046, 1.7262
-0.0093, -0.0046, 1.7316
-0.0095, -0.0044, 1.7364
-0.0095, -0.0042, 1.7413
-0.0095, -0.0046, 1.7461
-0.0096, -0.0047, 1.7509
-0.0097, -0.0043, 1.7565
-0.0095, -0.0045, 1.7613
-0.0096, -0.0040, 1.7666
-0.0098, -0.0041, 1.7711
-0.0098, -0.0041, 1.7764
-0.0098, -0.0041, 1.7816
-0.0099, -0.0040, 1.7864
-0.0097, -0.0041, 1.7917
-0.0097, -0.0042, 1.7967
-0.0098, -0.0042, 1.8015
-0.0097, -0.0046, 1.8068
-0.0097, -0.0047, 1.8119
-0.0097, -0.0045, 1.8171
-0.0095, -0.0047, 1.8223
-0.0094, -0.0045, 1.8273
-0.0096, -0.0044, 1.8330
-0.0095, -0.0045, 1.8374
-0.0096, -0.0043, 1.8425
-0.0096, -0.0048, 1.8476
-0.0094, -0.0047, 1.8524
-0.0093, -0.0049, 1.8577
-0.0093, -0.0048, 1.8619
-0.0094, -0.0049, 1.8672
-0.0092, -0.0052, 1.8723
-0.0092, -0.0052, 1.8777
-0.0093, -0.0051, 1.8823
-0.0092, -0.0056, 1.8871
-0.0092, -0.0055, 1.8923
-0.0095, -0.0052, 1.8972
-0.0092, -0.0056, 1.9020
-0.0090, -0.0059, 1.9071
-0.0090, -0.0059, 1.9120
-0.0091, -0.0057, 1.9170
-0.0091, -0.0059, 1.9220
-0.0092, -0.0056, 1.9270
-0.0091, -0.0056, 1.9325
-0.0090, -0.0060, 1.9366
-0.0090, -0.0061, 1.9423
-0.0091, -0.0061, 1.9474
-0.0091, -0.0058, 1.9521
-0.0089, -0.0057, 1.9577
-0.0091, -0.0057, 1.9624
-0.0090, -0.0060, 1.9673
-0.0089, -0.0057, 1.9733
-0.0091, -0.0058, 1.9782
-0.0091, -0.0057, 1.9831
-0.0094, -0.0055, 1.9880
-0.0093, -0.0054, 1.9935
-0.0092, -0.0055, 1.9991
-0.0092, -0.0054, 2.0039
-0.0093, -0.0055, 2.0093
-0.0093, -0.0052, 2.0150
-0.0092, -0.0056, 2.0202
-0.0093, -0.0055, 2.0256
-0.0091, -0.0059, 2.0305
-0.0094, -0.0053, 2.0360
-0.0094, -0.0054, 2.0412
-0.0094, -0.0051, 2.0468
-0.0095, -0.0051, 2.0521
-0.0096, -0.0048, 2.0571
-0.0095, -0.0052, 2.0626
-0.0093, -0.0054, 2.0677
-0.0093, -0.0054, 2.0735
-0.0089, -0.0056, 2.0789
-0.0090, -0.0058, 2.0835
-0.0090, -0.0055, 2.0895
-0.0091, -0.0057, 2.0942
-0.0092, -0.0055, 2.0995
-0.0091, -0.0057, 2.1048
-0.0091, -0.0057, 2.1100
-0.0094, -0.0056, 2.1158
-0.0091, -0.0061, 2.1206
-0.0092, -0.0059, 2.1260
-0.0092, -0.0058, 2.1313
-0.0092, -0.0059, 2.1364
-0.0091, -0.0062, 2.1419
-0.0091, -0.0060, 2.1471
-0.0091, -0.0061, 2.1520
-0.0092, -0.0064, 2.1573
-0.0092, -0.0062, 2.1625
-0.0093, -0.0061, 2.1681
-0.0091, -0.0060, 2.1729
-0.0093, -0.0060, 2.1786
-0.0093, -0.0065, 2.1834
-0.0094, -0.0060, 2.1891
-0.0092, -0.0061, 2.1947
-0.0092, -0.0064, 2.1996
-0.0093, -0.0058, 2.2051
-0.0095, -0.0059, 2.2114
-0.0094, -0.0059, 2.2164
-0.0096, -0.0059, 2.2219
-0.0096, -0.0059, 2.2277
-0.0096, -0.0058, 2.2328
-0.0097, -0.0061, 2.2389
-0.0096, -0.0059, 2.2442
-0.0098, -0.0058, 2.2497
-0.0097, -0.0058, 2.2550
-0.0099, -0.0058, 2.2606
-0.0099, -0.0054, 2.2662
-0.0099, -0.0057, 2.2719
-0.0100, -0.0057, 2.2776
-0.0101, -0.0054, 2.2827
-0.0100, -0.0057, 2.2891
-0.0101, -0.0054, 2.2940
-0.0101, -0.0056, 2.3000
-0.0099, -0.0054, 2.3056
-0.0100, -0.0057, 2.3110
-0.0099, -0.0056, 2.3168
-0.0099, -0.0058, 2.3221
-0.0100, -0.0056, 2.3274
-0.0100, -0.0057, 2.3335
-0.0101, -0.0057, 2.3391
-0.0099, -0.0058, 2.3450
-0.0099, -0.0055, 2.3502
-0.0097, -0.0058, 2.3563
-0.0094, -0.0064, 2.3620
-0.0096, -0.0062, 2.3668
-0.0097, -0.0063, 2.3729
-0.0095, -0.0065, 2.3779
-0.0096, -0.0066, 2.3835
-0.0097, -0.0063, 2.3890
-0.0096, -0.0066, 2.3942
-0.0094, -0.0066, 2.4002
-0.0095, -0.0064, 2.4056
-0.0094, -0.0070, 2.4111
-0.0096, -0.0069, 2.4169
-0.0095, -0.0070, 2.4223
-0.0094, -0.0070, 2.4274
-0.0094, -0.0068, 2.4334
-0.0096, -0.0070, 2.4389
-0.0096, -0.0070, 2.4449
-0.0096, -0.0070, 2.4504
-0.0095, -0.0072, 2.4564
-0.0096, -0.0069, 2.4623
-0.0096, -0.0069, 2.4683
-0.0096, -0.0071, 2.4736
-0.0095, -0.0073, 2.4794
-0.0094, -0.0073, 2.4857
-0.0096, -0.0072, 2.4911
-0.0096, -0.0072, 2.4969
-0.0095, -0.0073, 2.5029
-0.0098, -0.0072, 2.5095
-0.0097, -0.0071, 2.5151
-0.0098, -0.0070, 2.5210
-0.0099, -0.0071, 2.5268
-0.0101, -0.0067, 2.5332
-0.0099, -0.0072, 2.5384
-0.0102, -0.0070, 2.5443
-0.0101, -0.0071, 2.5505
-0.0099, -0.0070, 2.5562
-0.0101, -0.0069, 2.5624
-0.0101, -0.0070, 2.5682
-0.0100, -0.0071, 2.5743
-0.0101, -0.0072, 2.5802
-0.0102, -0.0071, 2.5855
-0.0102, -0.0071, 2.5922
-0.0102, -0.0070, 2.5976
-0.0102, -0.0073, 2.6034
-0.0101, -0.0075, 2.6095
-0.0100, -0.0074, 2.6153
-0.0100, -0.0075, 2.6214
-0.0102, -0.0074, 2.6272
-0.0101, -0.0075, 2.6330
-0.0102, -0.0076, 2.6390
-0.0101, -0.0078, 2.6440
-0.0100, -0.0079, 2.6501
-0.0103, -0.0078, 2.6558
-0.0104, -0.0079, 2.6616
-0.0104, -0.0079, 2.6674
-0.0104, -0.0079, 2.6730
-0.0104, -0.0084, 2.6785
-0.0104, -0.0084, 2.6841
-0.0105, -0.0083, 2.6899
-0.0104, -0.0086, 2.6956
-0.0103, -0.0088, 2.7013
-0.0107, -0.0083, 2.7075
-0.0107, -0.0083, 2.7134
-0.0105, -0.0084, 2.7192
-0.0107, -0.0086, 2.7246
-0.0108, -0.0083, 2.7306
-0.0110, -0.0084, 2.7364
-0.0107, -0.0085, 2.7416
-0.0111, -0.0083, 2.7479
-0.0112, -0.0082, 2.7545
-0.0113, -0.0084, 2.7599
-0.0111, -0.0088, 2.7664
-0.0113, -0.0088, 2.7719
-0.0114, -0.0086, 2.7776
-0.0117, -0.0083, 2.7840
-0.0116, -0.0082, 2.7900
-0.0117, -0.0084, 2.7952
-0.0119, -0.0082, 2.8019
-0.0119, -0.0082, 2.8075
-0.0121, -0.0083, 2.8136
-0.0122, -0.0083, 2.8199
-0.0123, -0.0081, 2.8259
-0.0124, -0.0082, 2.8317
-0.0123, -0.0083, 2.8378
-0.0123, -0.0084, 2.8438
-0.0122, -0.0085, 2.8499
-0.0123, -0.0085, 2.8561
-0.0122, -0.0085, 2.8625
-0.0124, -0.0088, 2.8682
-0.0124, -0.0087, 2.8744
-0.0125, -0.0086, 2.8801
-0.0125, -0.0088, 2.8860
-0.0126, -0.0087, 2.8923
-0.0126, -0.0088, 2.8977
-0.0124, -0.0091, 2.9037
-0.0125, -0.0091, 2.9104
-0.0125, -0.0093, 2.9154
-0.0126, -0.0093, 2.9216
-0.0126, -0.0094, 2.9279
-0.0126, -0.0096, 2.9336
-0.0126, -0.0098, 2.9390
-0.0129, -0.0095, 2.9456
-0.0128, -0.0096, 2.9507
-0.0128, -0.0097, 2.9567
-0.0128, -0.0098, 2.9627
-0.0128, -0.0098, 2.9682
-0.0126, -0.0101, 2.9744
-0.0131, -0.0099, 2.9802
-0.0131, -0.0100, 2.9856
-0.0130, -0.0103, 2.9919
-0.0131, -0.0100, 2.9978
-0.0131, -0.0100, 3.0036
-0.0132, -0.0099, 3.0101
-0.0131, -0.0099, 3.0158
-0.0133, -0.0100, 3.0215
-0.0132, -0.0099, 3.0278
-0.0132, -0.0099, 3.0338
-0.0132, -0.0101, 3.0398
-0.0135, -0.0099, 3.0459
-0.0138, -0.0097, 3.0514
-0.0136, -0.0097, 3.0582
-0.0136, -0.0097, 3.0646
-0.0137, -0.0095, 3.0701
-0.0137, -0.0095, 3.0763
-0.0141, -0.0091, 3.0827
-0.0139, -0.0093, 3.0888
-0.0139, -0.0097, 3.0949
-0.0142, -0.0091, 3.1010
-0.0141, -0.0092, 3.1071
-0.0142, -0.0091, 3.1135
-0.0143, -0.0090, 3.1194
-0.0142, -0.0093, 3.1264
-0.0143, -0.0092, 3.1323
-0.0143, -0.0091, 3.1381
-0.0143, -0.0092, 3.1443
-0.0142, -0.0092, 3.1514
-0.0142, -0.0091, 3.1573
-0.0142, -0.0089, 3.1633
-0.0143, -0.0089, 3.1698
-0.0139, -0.0093, 3.1759
-0.0141, -0.0091, 3.1815
-0.0140, -0.0093, 3.1881
-0.0140, -0.0094, 3.1940
-0.0140, -0.0093, 3.2002
-0.0140, -0.0096, 3.2067
-0.0141, -0.0095, 3.2126
-0.0142, -0.0092, 3.2186
-0.0142, -0.0094, 3.2248
-0.0142, -0.0094, 3.2303
-0.0138, -0.0098, 3.2368
-0.0139, -0.0096, 3.2431
-0.0140, -0.0096, 3.2490
-0.0139, -0.0095, 3.2557
-0.0139, -0.0098, 3.2616
-0.0140, -0.0096, 3.2675
-0.0139, -0.0100, 3.2738
-0.0140, -0.0097, 3.2807
-0.0138, -0.0099, 3.2871
-0.0141, -0.0095, 3.2933
-0.0142, -0.0093, 3.3000
-0.0140, -0.0095, 3.3061
-0.0141, -0.0097, 3.3124
-0.0141, -0.0094, 3.3186
-0.0142, -0.0089, 3.3255
-0.0142, -0.0091, 3.3320
-0.0142, -0.0093, 3.3379
-0.0143, -0.0091, 3.3448
-0.0143, -0.0091, 3.3516
-0.0141, -0.0093, 3.3573
-0.0146, -0.0086, 3.3638
-0.0144, -0.0092, 3.3705
-0.0143, -0.0089, 3.3771
-0.0142, -0.0088, 3.3838
-0.0143, -0.0087, 3.3901
-0.0147, -0.0084, 3.3969
-0.0145, -0.0086, 3.4036
-0.0144, -0.0087, 3.4100
-0.0144, -0.0087, 3.4168
-0.0142, -0.0089, 3.4224
-0.0145, -0.0086, 3.4290
-0.0146, -0.0086, 3.4353
-0.0144, -0.0089, 3.4420
-0.0142, -0.0091, 3.4483
-0.0144, -0.0091, 3.4549
-0.0143, -0.0091, 3.4609
-0.0144, -0.0093, 3.4667
-0.0144, -0.0091, 3.4733
-0.0142, -0.0094, 3.4795
-0.0141, -0.0096, 3.4856
-0.0139, -0.0098, 3.4923
-0.0139, -0.0101, 3.4983
-0.0139, -0.0097, 3.5043
-0.0138, -0.0102, 3.5104
-0.0140, -0.0101, 3.5169
-0.0138, -0.0101, 3.5236
-0.0139, -0.0101, 3.5297
-0.0138, -0.0102, 3.5355
-0.0139, -0.0100, 3.5425
-0.0137, -0.0101, 3.5489
-0.0136, -0.0103, 3.5549
-0.0138, -0.0101, 3.5615
-0.0135, -0.0103, 3.5681
-0.0136, -0.0102, 3.5745
-0.0136, -0.0103, 3.5813
-0.0137, -0.0105, 3.5878
-0.0140, -0.0099, 3.5942
-0.0139, -0.0101, 3.6009
-0.0137, -0.0103, 3.6073
-0.0136, -0.0102, 3.6143
-0.0139, -0.0102, 3.6212
-0.0138, -0.0098, 3.6277
-0.0136, -0.0101, 3.6344
-0.0141, -0.0097, 3.6416
-0.0139, -0.0100, 3.6480
-0.0141, -0.0095, 3.6549
-0.0137, -0.0099, 3.6614
-0.0139, -0.0096, 3.6676
-0.0139, -0.0096, 3.6748
-0.0138, -0.0100, 3.6815
-0.0139, -0.0100, 3.6878
-0.0140, -0.0098, 3.6947
-0.0140, -0.0099, 3.7013
-0.0138, -0.0099, 3.7078
-0.0138, -0.0098, 3.7144
-0.0140, -0.0098, 3.7205
-0.0140, -0.0098, 3.7270
-0.0139, -0.0101, 3.7342
-0.0137, -0.0101, 3.7404
-0.0139, -0.0100, 3.7467
-0.0140, -0.0102, 3.7535
-0.0137, -0.0108, 3.7596
-0.0138, -0.0106, 3.7664
-0.0139, -0.0104, 3.7727
-0.0136, -0.0108, 3.7799
-0.0136, -0.0108, 3.7866
-0.0136, -0.0109, 3.7931
-0.0136, -0.0109, 3.7996
-0.0134, -0.0113, 3.8065
-0.0135, -0.0111, 3.8129
-0.0134, -0.0110, 3.8196
-0.0136, -0.0110, 3.8267
-0.0137, -0.0112, 3.8333
-0.0135, -0.0113, 3.8401
-0.0136, -0.0112, 3.8473
-0.0137, -0.0111, 3.8535
-0.0139, -0.0110, 3.8605
-0.0137, -0.0111, 3.8673
-0.0140, -0.0109, 3.8743
-0.0140, -0.0107, 3.8814
-0.0139, -0.0108, 3.8887
-0.0140, -0.0108, 3.8954
-0.0139, -0.0108, 3.9024
-0.0138, -0.0110, 3.9093
-0.0141, -0.0106, 3.9164
-0.0141, -0.0107, 3.9236
-0.0142, -0.0106, 3.9303
-0.0140, -0.0105, 3.9373
-0.0143, -0.0104, 3.9442
-0.0141, -0.0104, 3.9512
-0.0143, -0.0106, 3.9577
-0.0146, -0.0103, 3.9652
-0.0144, -0.0102, 3.9723
-0.0147, -0.0099, 3.9787
-0.0145, -0.0101, 3.9860
-0.0145, -0.0101, 3.9922
-0.0144, -0.0104, 3.9993
-0.0145, -0.0102, 4.0062
-0.0147, -0.0103, 4.0132
-0.0147, -0.0104, 4.0200
-0.0147, -0.0106, 4.0267
-0.0146, -0.0109, 4.0338
-0.0149, -0.0105, 4.0413
-0.0148, -0.0105, 4.0481
-0.0147, -0.0106, 4.0548
-0.0149, -0.0104, 4.0619
-0.0149, -0.0104, 4.0692
-0.0148, -0.0104, 4.0762
-0.0150, -0.0106, 4.0832
-0.0151, -0.0106, 4.0895
-0.0149, -0.0108, 4.0966
-0.0151, -0.0107, 4.1038
-0.0153, -0.0109, 4.1108
-0.0151, -0.0110, 4.1182
-0.0152, -0.0111, 4.1250
-0.0153, -0.0106, 4.1327
-0.0151, -0.0109, 4.1400
-0.0153, -0.0111, 4.1466
-0.0152, -0.0110, 4.1538
-0.0155, -0.0108, 4.1612
-0.0154, -0.0112, 4.1680
-0.0155, -0.0105, 4.1756
-0.0154, -0.0107, 4.1831
-0.0154, -0.0110, 4.1899
-0.0154, -0.0110, 4.1969
-0.0157, -0.0109, 4.2039
-0.0155, -0.0112, 4.2113
-0.0157, -0.0109, 4.2186
-0.0156, -0.0113, 4.2258
-0.0158, -0.0111, 4.2324
-0.0159, -0.0109, 4.2395
-0.0160, -0.0110, 4.2465
-0.0158, -0.0112, 4.2534
-0.0162, -0.0110, 4.2609
-0.0160, -0.0111, 4.2682
-0.0160, -0.0115, 4.2752
-0.0162, -0.0112, 4.2820
-0.0163, -0.0115, 4.2891
-0.0164, -0.0115, 4.2964
-0.0164, -0.0116, 4.3032
-0.0164, -0.0118, 4.3101
-0.0164, -0.0121, 4.3178
-0.0164, -0.0122, 4.3247
-0.0164, -0.0122, 4.3316
-0.0164, -0.0122, 4.3387
-0.0164, -0.0121, 4.3457
-0.0166, -0.0123, 4.3526
-0.0168, -0.0123, 4.3599
-0.0168, -0.0123, 4.3659
-0.0169, -0.0122, 4.3734
-0.0170, -0.0124, 4.3808
-0.0167, -0.0125, 4.3872
-0.0169, -0.0126, 4.3947
-0.0168, -0.0129, 4.4017
-0.0168, -0.0128, 4.4085
-0.0169, -0.0130, 4.4163
-0.0171, -0.0129, 4.4229
-0.0172, -0.0128, 4.4296
-0.0170, -0.0132, 4.4371
-0.0170, -0.0134, 4.4441
-0.0170, -0.0132, 4.4511
-0.0171, -0.0133, 4.4586
-0.0171, -0.0132, 4.4655
-0.0171, -0.0132, 4.4721
-0.0171, -0.0135, 4.4792
-0.0170, -0.0136, 4.4864
-0.0170, -0.0134, 4.4934
-0.0169, -0.0135, 4.5005
-0.0171, -0.0137, 4.5072
-0.0172, -0.0139, 4.5137
-0.0172, -0.0137, 4.5215
-0.0173, -0.0140, 4.5276
-0.0174, -0.0139, 4.5351
-0.0173, -0.0143, 4.5423
-0.0172, -0.0140, 4.5485
-0.0175, -0.0139, 4.5556
-0.0173, -0.0138, 4.5628
-0.0174, -0.0142, 4.5693
-0.0175, -0.0141, 4.5761
-0.0176, -0.0140, 4.5832
-0.0175, -0.0140, 4.5902
-0.0176, -0.0142, 4.5969
-0.0177, -0.0139, 4.6039
-0.0177, -0.0140, 4.6114
-0.0176, -0.0143, 4.6176
-0.0174, -0.0141, 4.6246
-0.0179, -0.0140, 4.6317
-0.0177, -0.0142, 4.6384
-0.0180, -0.0138, 4.6456
-0.0179, -0.0139, 4.6529
-0.0180, -0.0138, 4.6594
-0.0179, -0.0143, 4.6666
-0.0180, -0.0140, 4.6737
-0.0181, -0.0139, 4.6806
-0.0180, -0.0143, 4.6878
-0.0178, -0.0141, 4.6947
-0.0178, -0.0141, 4.7016
-0.0178, -0.0139, 4.7094
-0.0179, -0.0141, 4.7163
-0.0178, -0.0141, 4.7234
-0.0179, -0.0137, 4.7308
-0.0177, -0.0138, 4.7376
-0.0179, -0.0138, 4.7445
-0.0178, -0.0139, 4.7519
-0.0178, -0.0138, 4.7586
-0.0180, -0.0138, 4.7653
-0.0181, -0.0136, 4.7726
-0.0182, -0.0135, 4.7791
-0.0181, -0.0135, 4.7861
-0.0178, -0.0138, 4.7934
-0.0178, -0.0140, 4.7998
-0.0178, -0.0139, 4.8068
-0.0179, -0.0138, 4.8135
-0.0182, -0.0135, 4.8210
-0.0182, -0.0133, 4.8279
-0.0181, -0.0137, 4.8347
-0.0182, -0.0133, 4.8420
-0.0179, -0.0137, 4.8488
-0.0181, -0.0135, 4.8559
-0.0182, -0.0135, 4.8628
-0.0183, -0.0134, 4.8697
-0.0182, -0.0133, 4.8764
-0.0183, -0.0135, 4.8833
-0.0184, -0.0132, 4.8904
-0.0183, -0.0135, 4.8977
-0.0184, -0.0134, 4.9046
-0.0182, -0.0134, 4.9116
-0.0182, -0.0132, 4.9185
-0.0181, -0.0135, 4.9253
-0.0184, -0.0133, 4.9323
-0.0186, -0.0132, 4.9395
-0.0185, -0.0134, 4.9462
-0.0183, -0.0138, 4.9532
-0.0184, -0.0134, 4.9611
-0.0183, -0.0134, 4.9667
-0.0182, -0.0134, 4.9741
-0.0183, -0.0134, 4.9809
-0.0181, -0.0135, 4.9878
-0.0182, -0.0134, 4.9951
-0.0183, -0.0136, 5.0014
-0.0183, -0.0137, 5.0085
-0.0183, -0.0135, 5.0154
-0.0184, -0.0134, 5.0221
-0.0185, -0.0135, 5.0287
-0.0183, -0.0137, 5.0356
-0.0182, -0.0136, 5.0423
-0.0183, -0.0138, 5.0489
-0.0185, -0.0137, 5.0557
-0.0184, -0.0135, 5.0624
-0.0182, -0.0134, 5.0695
-0.0185, -0.0136, 5.0755
-0.0184, -0.0138, 5.0826
-0.0184, -0.0139, 5.0893
-0.0183, -0.0141, 5.0960
-0.0182, -0.0139, 5.1029
-0.0182, -0.0139, 5.1098
-0.0179, -0.0143, 5.1167
-0.0182, -0.0143, 5.1235
-0.0181, -0.0140, 5.1300
-0.0181, -0.0143, 5.1365
-0.0182, -0.0141, 5.1439
-0.0183, -0.0142, 5.1506
-0.0181, -0.0141, 5.1577
-0.0182, -0.0143, 5.1645
-0.0181, -0.0145, 5.1714
-0.0183, -0.0142, 5.1783
-0.0180, -0.0147, 5.1852
-0.0179, -0.0146, 5.1920
-0.0182, -0.0144, 5.1996
-0.0181, -0.0146, 5.2065
-0.0180, -0.0145, 5.2130
-0.0181, -0.0145, 5.2202
-0.0179, -0.0146, 5.2269
-0.0180, -0.0143, 5.2340
-0.0180, -0.0148, 5.2410
-0.0178, -0.0148, 5.2477
-0.0180, -0.0147, 5.2546
-0.0178, -0.0150, 5.2613
-0.0181, -0.0148, 5.2680
-0.0181, -0.0146, 5.2749
-0.0178, -0.0152, 5.2817
-0.0181, -0.0148, 5.2886
-0.0181, -0.0149, 5.2958
-0.0182, -0.0150, 5.3027
-0.0181, -0.0148, 5.3093
-0.0181, -0.0148, 5.3165
-0.0181, -0.0149, 5.3229
-0.0180, -0.0149, 5.3299
-0.0181, -0.0148, 5.3370
-0.0180, -0.0152, 5.3437
-0.0181, -0.0151, 5.3509
-0.0182, -0.0151, 5.3578
-0.0179, -0.0152, 5.3650
-0.0179, -0.0149, 5.3718
-0.0179, -0.0152, 5.3785
-0.0180, -0.0150, 5.3856
-0.0182, -0.0154, 5.3930
-0.0183, -0.0152, 5.4003
-0.0182, -0.0151, 5.4077
-0.0182, -0.0152, 5.4144
-0.0181, -0.0151, 5.4215
-0.0182, -0.0148, 5.4285
-0.0185, -0.0149, 5.4357
-0.0184, -0.0148, 5.4430
-0.0185, -0.0146, 5.4506
-0.0184, -0.0145, 5.4575
-0.0186, -0.0146, 5.4650
-0.0188, -0.0144, 5.4725
-0.0187, -0.0143, 5.4792
-0.0188, -0.0142, 5.4866
-0.0189, -0.0141, 5.4939
-0.0188, -0.0143, 5.5008
-0.0187, -0.0142, 5.5086
-0.0187, -0.0141, 5.5155
-0.0188, -0.0140, 5.5223
-0.0190, -0.0141, 5.5294
-0.0191, -0.0139, 5.5370
-0.0192, -0.0137, 5.5437
-0.0190, -0.0140, 5.5510
-0.0192, -0.0137, 5.5582
-0.0190, -0.0142, 5.5650
-0.0194, -0.0136, 5.5725
-0.0193, -0.0140, 5.5797
-0.0193, -0.0140, 5.5870
-0.0193, -0.0137, 5.5944
-0.0191, -0.0141, 5.6015
-0.0192, -0.0139, 5.6093
-0.0195, -0.0136, 5.6162
-0.0193, -0.0136, 5.6240
-0.0194, -0.0141, 5.6312
-0.0193, -0.0140, 5.6384
-0.0194, -0.0139, 5.6462
-0.0195, -0.0138, 5.6533
-0.0195, -0.0140, 5.6607
-0.0196, -0.0142, 5.6685
-0.0196, -0.0141, 5.6757
-0.0197, -0.0141, 5.6835
-0.0198, -0.0138, 5.6905
-0.0197, -0.0140, 5.6982
-0.0195, -0.0145, 5.7052
-0.0199, -0.0139, 5.7130
-0.0197, -0.0142, 5.7199
-0.0198, -0.0141, 5.7282
-0.0199, -0.0139, 5.7358
-0.0198, -0.0138, 5.7431
-0.0198, -0.0142, 5.7511
-0.0198, -0.0144, 5.7577
-0.0197, -0.0141, 5.7652
-0.0198, -0.0144, 5.7728
-0.0198, -0.0145, 5.7804
-0.0199, -0.0145, 5.7881
-0.0201, -0.0143, 5.7951
-0.0199, -0.0143, 5.8023
-0.0199, -0.0148, 5.8098
-0.0201, -0.0147, 5.8171
-0.0203, -0.0142, 5.8241
-0.0203, -0.0144, 5.8321
-0.0200, -0.0149, 5.8391
-0.0202, -0.0148, 5.8465
-0.0201, -0.0148, 5.8547
-0.0203, -0.0149, 5.8612
-0.0201, -0.0152, 5.8688
-0.0202, -0.0155, 5.8761
-0.0203, -0.0152, 5.8838
-0.0202, -0.0155, 5.8909
-0.0204, -0.0155, 5.8984
-0.0204, -0.0156, 5.9059
-0.0206, -0.0156, 5.9137
-0.0205, -0.0157, 5.9211
-0.0204, -0.0159, 5.9286
-0.0205, -0.0160, 5.9359
-0.0207, -0.0160, 5.9435
-0.0205, -0.0165, 5.9506
-0.0206, -0.0162, 5.9582
-0.0206, -0.0164, 5.9656
-0.0207, -0.0162, 5.9731
-0.0207, -0.0161, 5.9809
-0.0208, -0.0166, 5.9883
-0.0207, -0.0169, 5.9960
-0.0208, -0.0166, 6.0041
-0.0208, -0.0166, 6.0112
-0.0210, -0.0164, 6.0182
-0.0210, -0.0165, 6.0262
-0.0209, -0.0169, 6.0337
-0.0208, -0.0165, 6.0411
-0.0210, -0.0167, 6.0488
-0.0210, -0.0167, 6.0557
-0.0212, -0.0167, 6.0636
-0.0212, -0.0167, 6.0706
-0.0211, -0.0170, 6.0782
-0.0211, -0.0169, 6.0854
-0.0211, -0.0170, 6.0931
-0.0213, -0.0165, 6.1004
-0.0211, -0.0167, 6.1076
-0.0211, -0.0169, 6.1148
-0.0213, -0.0172, 6.1224
-0.0213, -0.0172, 6.1294
-0.0215, -0.0168, 6.1364
-0.0215, -0.0169, 6.1442
-0.0217, -0.0168, 6.1511
-0.0216, -0.0170, 6.1595
-0.0215, -0.0168, 6.1667
-0.0217, -0.0167, 6.1740
-0.0217, -0.0168, 6.1818
-0.0218, -0.0167, 6.1891
-0.0220, -0.0166, 6.1968
-0.0219, -0.0168, 6.2048
-0.0220, -0.0164, 6.2114
-0.0222, -0.0166, 6.2190
-0.0224, -0.0163, 6.2265
-0.0222, -0.0167, 6.2343
-0.0222, -0.0166, 6.2417
-0.0224, -0.0166, 6.2489
-0.0224, -0.0165, 6.2563
-0.0226, -0.0161, 6.2647
-0.0226, -0.0162, 6.2715
-0.0228, -0.0163, 6.2796
-0.0225, -0.0163, 6.2871
-0.0224, -0.0161, 6.2943
-0.0225, -0.0163, 6.3019
-0.0224, -0.0162, 6.3089
-0.0227, -0.0157, 6.3163
-0.0228, -0.0157, 6.3237
-0.0230, -0.0156, 6.3309
-0.0229, -0.0156, 6.3384
-0.0229, -0.0158, 6.3461
-0.0228, -0.0158, 6.3527
-0.0228, -0.0159, 6.3605
-0.0229, -0.0156, 6.3677
-0.0230, -0.0153, 6.3754
-0.0229, -0.0152, 6.3826
-0.0229, -0.0155, 6.3895
-0.0227, -0.0157, 6.3973
-0.0229, -0.0154, 6.4049
-0.0230, -0.0153, 6.4113
-0.0231, -0.0152, 6.4194
-0.0228, -0.0156, 6.4266
-0.0227, -0.0157, 6.4343
-0.0231, -0.0151, 6.4420
-0.0229, -0.0153, 6.4488
-0.0230, -0.0155, 6.4567
-0.0230, -0.0155, 6.4640
-0.0232, -0.0153, 6.4712
-0.0231, -0.0153, 6.4787
-0.0231, -0.0151, 6.4866
-0.0229, -0.0153, 6.4936
-0.0229, -0.0153, 6.5013
-0.0231, -0.0153, 6.5093
-0.0231, -0.0154, 6.5165
-0.0232, -0.0154, 6.5237
-0.0230, -0.0156, 6.5310
-0.0233, -0.0154, 6.5386
-0.0231, -0.0155, 6.5460
-0.0229, -0.0155, 6.5529
-0.0230, -0.0156, 6.5606
-0.0230, -0.0156, 6.5679
-0.0230, -0.0156, 6.5751
-0.0229, -0.0158, 6.5826
-0.0230, -0.0159, 6.5898
-0.0228, -0.0159, 6.5966
-0.0228, -0.0163, 6.6041
-0.0227, -0.0161, 6.6110
-0.0226, -0.0162, 6.6188
-0.0226, -0.0162, 6.6259
-0.0226, -0.0165, 6.6329
-0.0227, -0.0163, 6.6406
-0.0226, -0.0164, 6.6475
-0.0224, -0.0167, 6.6550
-0.0225, -0.0166, 6.6628
-0.0223, -0.0163, 6.6699
-0.0224, -0.0165, 6.6774
-0.0224, -0.0168, 6.6848
-0.0223, -0.0168, 6.6919
-0.0223, -0.0170, 6.6995
-0.0225, -0.0166, 6.7072
-0.0225, -0.0167, 6.7145
-0.0224, -0.0170, 6.7222
-0.0224, -0.0172, 6.7294
-0.0225, -0.0169, 6.7368
-0.0224, -0.0169, 6.7447
-0.0224, -0.0168, 6.7524
-0.0224, -0.0172, 6.7597
-0.0224, -0.0169, 6.7676
-0.0223, -0.0170, 6.7752
-0.0223, -0.0171, 6.7822
-0.0223, -0.0170, 6.7894
-0.0224, -0.0171, 6.7974
-0.0223, -0.0170, 6.8047
-0.0224, -0.0169, 6.8124
-0.0224, -0.0170, 6.8197
-0.0222, -0.0173, 6.8270
-0.0224, -0.0170, 6.8347
-0.0226, -0.0172, 6.8420
-0.0223, -0.0177, 6.8493
-0.0223, -0.0176, 6.8568
-0.0223, -0.0175, 6.8648
-0.0223, -0.0170, 6.8724
-0.0223, -0.0172, 6.8794
-0.0223, -0.0174, 6.8869
-0.0221, -0.0177, 6.8942
-0.0224, -0.0172, 6.9028
-0.0223, -0.0176, 6.9103
-0.0221, -0.0174, 6.9179
-0.0223, -0.0174, 6.9256
-0.0223, -0.0175, 6.9331
-0.0223, -0.0175, 6.9407
-0.0224, -0.0176, 6.9484
-0.0221, -0.0177, 6.9560
-0.0221, -0.0176, 6.9644
-0.0225, -0.0172, 6.9724
-0.0227, -0.0172, 6.9798
-0.0224, -0.0175, 6.9881
-0.0227, -0.0168, 6.9956
-0.0227, -0.0173, 7.0032
-0.0229, -0.0172, 7.0110
-0.0228, -0.0172, 7.0192
-0.0228, -0.0170, 7.0276
-0.0230, -0.0169, 7.0357
-0.0231, -0.0169, 7.0434
-0.0231, -0.0168, 7.0514
-0.0231, -0.0169, 7.0589
-0.0233, -0.0166, 7.0668
-0.0232, -0.0167, 7.0750
-0.0232, -0.0170, 7.0827
-0.0234, -0.0168, 7.0904
-0.0233, -0.0170, 7.0986
-0.0236, -0.0166, 7.1063
-0.0236, -0.0170, 7.1140
-0.0236, -0.0167, 7.1217
-0.0238, -0.0170, 7.1297
-0.0236, -0.0166, 7.1379
-0.0237, -0.0167, 7.1454
-0.0237, -0.0167, 7.1538
-0.0238, -0.0168, 7.1618
-0.0239, -0.0168, 7.1692
-0.0240, -0.0165, 7.1776
-0.0241, -0.0167, 7.1849
-0.0239, -0.0170, 7.1933
-0.0241, -0.0168, 7.2014
-0.0241, -0.0168, 7.2094
-0.0242, -0.0169, 7.2175
-0.0242, -0.0168, 7.2259
-0.0243, -0.0171, 7.2337
-0.0244, -0.0166, 7.2421
-0.0245, -0.0170, 7.2501
-0.0246, -0.0170, 7.2581
-0.0246, -0.0172, 7.2667
-0.0246, -0.0172, 7.2747
-0.0247, -0.0173, 7.2829
-0.0249, -0.0171, 7.2908
-0.0248, -0.0172, 7.2990
-0.0250, -0.0169, 7.3071
-0.0249, -0.0173, 7.3155
-0.0251, -0.0173, 7.3236
-0.0250, -0.0173, 7.3322
-0.0249, -0.0173, 7.3405
-0.0248, -0.0173, 7.3482
-0.0250, -0.0175, 7.3561
-0.0252, -0.0176, 7.3641
-0.0251, -0.0180, 7.3721
-0.0252, -0.0178, 7.3801
-0.0252, -0.0178, 7.3883
-0.0251, -0.0179, 7.3961
-0.0251, -0.0183, 7.4044
-0.0252, -0.0185, 7.4118
-0.0252, -0.0186, 7.4203
-0.0251, -0.0188, 7.4282
-0.0252, -0.0188, 7.4362
-0.0252, -0.0190, 7.4445
-0.0252, -0.0190, 7.4530
-0.0253, -0.0192, 7.4616
-0.0253, -0.0192, 7.4695
-0.0254, -0.0194, 7.4775
-0.0253, -0.0192, 7.4859
-0.0252, -0.0195, 7.4942
-0.0254, -0.0198, 7.5025
-0.0255, -0.0198, 7.5105
-0.0259, -0.0196, 7.5190
-0.0259, -0.0195, 7.5274
-0.0261, -0.0197, 7.5353
-0.0259, -0.0200, 7.5433
-0.0263, -0.0199, 7.5519
-0.0262, -0.0202, 7.5601
-0.0264, -0.0201, 7.5683
-0.0264, -0.0201, 7.5770
-0.0266, -0.0201, 7.5848
-0.0267, -0.0203, 7.5936
-0.0265, -0.0207, 7.6014
-0.0264, -0.0204, 7.6094
-0.0267, -0.0203, 7.6176
-0.0267, -0.0205, 7.6262
-0.0265, -0.0209, 7.6336
-0.0269, -0.0207, 7.6422
-0.0268, -0.0209, 7.6496
-0.0269, -0.0208, 7.6578
-0.0268, -0.0211, 7.6658
-0.0268, -0.0213, 7.6736
-0.0269, -0.0210, 7.6817
-0.0270, -0.0213, 7.6896
-0.0269, -0.0215, 7.6975
-0.0270, -0.0214, 7.7055
-0.0271, -0.0214, 7.7136
-0.0271, -0.0216, 7.7215
-0.0270, -0.0216, 7.7301
-0.0273, -0.0215, 7.7377
-0.0273, -0.0215, 7.7457
-0.0273, -0.0215, 7.7537
-0.0275, -0.0215, 7.7620
-0.0275, -0.0218, 7.7702
-0.0276, -0.0214, 7.7783
-0.0277, -0.0216, 7.7863
-0.0276, -0.0216, 7.7951
-0.0278, -0.0218, 7.8028
-0.0278, -0.0217, 7.8108
-0.0280, -0.0214, 7.8193
-0.0280, -0.0217, 7.8275
-0.0282, -0.0212, 7.8363
-0.0282, -0.0213, 7.8446
-0.0283, -0.0208, 7.8523
-0.0281, -0.0213, 7.8609
-0.0280, -0.0214, 7.8689
-0.0284, -0.0212, 7.8770
-0.0282, -0.0211, 7.8853
-0.0283, -0.0208, 7.8933
-0.0284, -0.0208, 7.9013
-0.0284, -0.0212, 7.9097
-0.0286, -0.0207, 7.9170
-0.0287, -0.0207, 7.9254
-0.0286, -0.0208, 7.9334
-0.0284, -0.0210, 7.9414
-0.0285, -0.0209, 7.9494
-0.0285, -0.0211, 7.9575
-0.0281, -0.0209, 7.9653
-0.0283, -0.0210, 7.9736
-0.0282, -0.0210, 7.9810
-0.0285, -0.0207, 7.9888
-0.0283, -0.0208, 7.9970
-0.0282, -0.0210, 8.0048
-0.0281, -0.0210, 8.0130
-0.0283, -0.0208, 8.0213
-0.0284, -0.0208, 8.0287
-0.0282, -0.0207, 8.0367
-0.0282, -0.0209, 8.0447
-0.0285, -0.0204, 8.0529
-0.0286, -0.0206, 8.0607
-0.0285, -0.0206, 8.0685
-0.0285, -0.0209, 8.0767
-0.0285, -0.0209, 8.0845
-0.0286, -0.0208, 8.0925
-0.0287, -0.0203, 8.1005
-0.0286, -0.0208, 8.1087
-0.0287, -0.0206, 8.1168
-0.0288, -0.0204, 8.1243
-0.0287, -0.0207, 8.1326
-0.0288, -0.0207, 8.1408
-0.0288, -0.0205, 8.1490
-0.0286, -0.0207, 8.1562
-0.0286, -0.0208, 8.1643
-0.0288, -0.0209, 8.1720
-0.0287, -0.0211, 8.1793
-0.0285, -0.0210, 8.1872
-0.0286, -0.0211, 8.1949
-0.0287, -0.0211, 8.2021
-0.0287, -0.0211, 8.2101
-0.0286, -0.0212, 8.2175
-0.0287, -0.0211, 8.2255
-0.0287, -0.0210, 8.2328
-0.0283, -0.0212, 8.2410
-0.0284, -0.0212, 8.2487
-0.0282, -0.0213, 8.2562
-0.0282, -0.0215, 8.2643
-0.0282, -0.0213, 8.2723
-0.0284, -0.0214, 8.2795
-0.0285, -0.0214, 8.2870
-0.0285, -0.0214, 8.2955
-0.0285, -0.0215, 8.3031
-0.0282, -0.0218, 8.3112
-0.0281, -0.0217, 8.3191
-0.0282, -0.0215, 8.3270
-0.0282, -0.0214, 8.3352
-0.0283, -0.0217, 8.3428
-0.0282, -0.0217, 8.3508
-0.0283, -0.0215, 8.3593
-0.0284, -0.0218, 8.3665
-0.0284, -0.0219, 8.3746
-0.0285, -0.0217, 8.3828
-0.0282, -0.0221, 8.3909
-0.0283, -0.0220, 8.3985
-0.0285, -0.0218, 8.4061
-0.0285, -0.0218, 8.4143
-0.0285, -0.0220, 8.4221
-0.0285, -0.0221, 8.4291
-0.0286, -0.0223, 8.4374
-0.0287, -0.0221, 8.4449
-0.0283, -0.0224, 8.4528
-0.0283, -0.0224, 8.4607
-0.0284, -0.0224, 8.4676
-0.0283, -0.0224, 8.4758
-0.0283, -0.0224, 8.4839
-0.0280, -0.0229, 8.4917
-0.0282, -0.0226, 8.5002
-0.0281, -0.0225, 8.5080
-0.0281, -0.0228, 8.5160
-0.0281, -0.0229, 8.5241
-0.0282, -0.0228, 8.5323
-0.0280, -0.0230, 8.5403
-0.0281, -0.0230, 8.5483
-0.0281, -0.0230, 8.5564
-0.0282, -0.0228, 8.5644
-0.0284, -0.0227, 8.5726
-0.0281, -0.0228, 8.5808
-0.0286, -0.0225, 8.5889
-0.0284, -0.0228, 8.5975
-0.0286, -0.0227, 8.6055
-0.0286, -0.0223, 8.6137
-0.0287, -0.0222, 8.6227
-0.0286, -0.0224, 8.6308
-0.0287, -0.0227, 8.6389
-0.0286, -0.0224, 8.6471
-0.0290, -0.0221, 8.6555
-0.0291, -0.0221, 8.6639
-0.0291, -0.0220, 8.6721
-0.0292, -0.0218, 8.6804
-0.0292, -0.0222, 8.6882
-0.0294, -0.0220, 8.6962
-0.0293, -0.0219, 8.7046
-0.0295, -0.0221, 8.7127
-0.0293, -0.0219, 8.7210
-0.0294, -0.0221, 8.7296
-0.0294, -0.0222, 8.7378
-0.0293, -0.0223, 8.7458
-0.0293, -0.0221, 8.7545
-0.0292, -0.0222, 8.7621
-0.0294, -0.0224, 8.7709
-0.0295, -0.0224, 8.7792
-0.0292, -0.0225, 8.7877
-0.0294, -0.0227, 8.7961
-0.0295, -0.0224, 8.8043
-0.0296, -0.0223, 8.8124
-0.0296, -0.0222, 8.8214
-0.0296, -0.0226, 8.8296
-0.0297, -0.0224, 8.8381
-0.0297, -0.0225, 8.8469
-0.0297, -0.0226, 8.8546
-0.0299, -0.0223, 8.8636
-0.0298, -0.0223, 8.8724
-0.0298, -0.0227, 8.8802
-0.0300, -0.0225, 8.8891
-0.0301, -0.0224, 8.8976
-0.0301, -0.0227, 8.9056
-0.0301, -0.0223, 8.9145
-0.0301, -0.0226, 8.9231
-0.0302, -0.0227, 8.9311
-0.0304, -0.0225, 8.9397
-0.0304, -0.0229, 8.9478
-0.0306, -0.0227, 8.9559
-0.0306, -0.0229, 8.9639
-0.0307, -0.0229, 8.9727
-0.0309, -0.0226, 8.9808
-0.0307, -0.0232, 8.9892
-0.0307, -0.0233, 8.9976
-0.0308, -0.0231, 9.0063
-0.0305, -0.0233, 9.0145
-0.0306, -0.0231, 9.0227
-0.0308, -0.0233, 9.0312
-0.0307, -0.0235, 9.0395
-0.0304, -0.0241, 9.0480
-0.0305, -0.0239, 9.0563
-0.0307, -0.0241, 9.0646
-0.0308, -0.0240, 9.0731
-0.0309, -0.0240, 9.0812
-0.0310, -0.0240, 9.0898
-0.0311, -0.0242, 9.0981
-0.0312, -0.0243, 9.1065
-0.0310, -0.0242, 9.1152
-0.0311, -0.0244, 9.1236
-0.0313, -0.0243, 9.1320
-0.0315, -0.0243, 9.1406
-0.0315, -0.0244, 9.1493
-0.0315, -0.0246, 9.1574
-0.0315, -0.0243, 9.1665
-0.0316, -0.0242, 9.1747
-0.0317, -0.0245, 9.1828
-0.0317, -0.0249, 9.1915
-0.0318, -0.0248, 9.1995
-0.0317, -0.0248, 9.2078
-0.0318, -0.0252, 9.2167
-0.0321, -0.0249, 9.2248
-0.0318, -0.0251, 9.2333
-0.0320, -0.0250, 9.2417
-0.0320, -0.0250, 9.2495
-0.0322, -0.0252, 9.2578
-0.0322, -0.0252, 9.2658
-0.0322, -0.0253, 9.2739
-0.0321, -0.0255, 9.2825
-0.0323, -0.0254, 9.2904
-0.0322, -0.0257, 9.2986
-0.0321, -0.0255, 9.3072
-0.0320, -0.0258, 9.3155
-0.0321, -0.0260, 9.3236
-0.0322, -0.0260, 9.3319
-0.0320, -0.0260, 9.3402
-0.0323, -0.0259, 9.3486
-0.0323, -0.0259, 9.3565
-0.0324, -0.0261, 9.3650
-0.0325, -0.0258, 9.3734
-0.0325, -0.0255, 9.3815
-0.0325, -0.0259, 9.3894
-0.0328, -0.0256, 9.3987
-0.0329, -0.0253, 9.4070
-0.0329, -0.0254, 9.4155
-0.0326, -0.0254, 9.4240
-0.0328, -0.0252, 9.4320
-0.0329, -0.0253, 9.4406
-0.0328, -0.0252, 9.4491
-0.0330, -0.0250, 9.4571
-0.0333, -0.0247, 9.4657
-0.0332, -0.0253, 9.4737
-0.0333, -0.0250, 9.4820
-0.0335, -0.0248, 9.4898
-0.0333, -0.0251, 9.4983
-0.0337, -0.0246, 9.5062
-0.0336, -0.0246, 9.5148
-0.0338, -0.0245, 9.5229
-0.0336, -0.0246, 9.5312
-0.0337, -0.0245, 9.5396
-0.0337, -0.0243, 9.5475
-0.0338, -0.0247, 9.5553
-0.0335, -0.0246, 9.5634
-0.0336, -0.0245, 9.5719
-0.0338, -0.0239, 9.5801
-0.0335, -0.0245, 9.5883
-0.0336, -0.0245, 9.5961
-0.0337, -0.0243, 9.6049
-0.0336, -0.0240, 9.6130
-0.0337, -0.0243, 9.6209
-0.0338, -0.0242, 9.6289
-0.0339, -0.0240, 9.6373
-0.0339, -0.0240, 9.6456
-0.0340, -0.0241, 9.6533
-0.0338, -0.0242, 9.6622
-0.0339, -0.0240, 9.6702
-0.0339, -0.0241, 9.6783
-0.0340, -0.0241, 9.6866
-0.0341, -0.0238, 9.6948
-0.0341, -0.0241, 9.7023
-0.0342, -0.0236, 9.7112
-0.0342, -0.0236, 9.7190
-0.0344, -0.0235, 9.7269
-0.0342, -0.0238, 9.7353
-0.0344, -0.0235, 9.7431
-0.0345, -0.0241, 9.7509
-0.0347, -0.0240, 9.7594
-0.0345, -0.0241, 9.7675
-0.0347, -0.0237, 9.7758
-0.0343, -0.0241, 9.7838
-0.0344, -0.0238, 9.7915
-0.0344, -0.0242, 9.7996
-0.0343, -0.0241, 9.8079
-0.0343, -0.0242, 9.8153
-0.0344, -0.0242, 9.8242
-0.0343, -0.0241, 9.8320
-0.0343, -0.0241, 9.8404
-0.0340, -0.0243, 9.8487
-0.0341, -0.0241, 9.8568
-0.0337, -0.0244, 9.8650
-0.0340, -0.0248, 9.8725
-0.0341, -0.0247, 9.8810
-0.0338, -0.0247, 9.8898
-0.0340, -0.0246, 9.8976
-0.0339, -0.0248, 9.9067
-0.0337, -0.0248, 9.9151
-0.0335, -0.0251, 9.9239
-0.0337, -0.0248, 9.9313
-0.0339, -0.0250, 9.9400
-0.0338, -0.0249, 9.9483
-0.0336, -0.0251, 9.9566
-0.0339, -0.0251, 9.9650
-0.0339, -0.0250, 9.9738
-0.0336, -0.0252, 9.9818
-0.0336, -0.0252, 9.9897
-0.0339, -0.0252, 9.9986
-0.0336, -0.0254, 10.0064
-0.0340, -0.0253, 10.0147
-0.0340, -0.0255, 10.0229
-0.0338, -0.0254, 10.0307
-0.0339, -0.0255, 10.0399
-0.0339, -0.0255, 10.0478
-0.0338, -0.0260, 10.0561
-0.0338, -0.0259, 10.0650
-0.0338, -0.0262, 10.0732
-0.0335, -0.0262, 10.0823
-0.0334, -0.0263, 10.0907
-0.0336, -0.0260, 10.0991
-0.0333, -0.0265, 10.1083
-0.0335, -0.0262, 10.1163
-0.0338, -0.0260, 10.1251
-0.0336, -0.0263, 10.1339
-0.0336, -0.0266, 10.1427
-0.0337, -0.0266, 10.1513
-0.0335, -0.0264, 10.1603
-0.0338, -0.0264, 10.1689
-0.0338, -0.0265, 10.1779
-0.0338, -0.0265, 10.1863
-0.0338, -0.0266, 10.1955
-0.0337, -0.0264, 10.2044
-0.0339, -0.0260, 10.2130
-0.0339, -0.0262, 10.2220
-0.0340, -0.0262, 10.2311
-0.0341, -0.0263, 10.2395
-0.0340, -0.0260, 10.2483
-0.0343, -0.0258, 10.2572
-0.0343, -0.0260, 10.2661
-0.0346, -0.0258, 10.2749
-0.0347, -0.0258, 10.2837
-0.0350, -0.0258, 10.2932
-0.0351, -0.0256, 10.3025
-0.0350, -0.0256, 10.3111
-0.0348, -0.0259, 10.3200
-0.0350, -0.0258, 10.3293
-0.0351, -0.0257, 10.3382
-0.0352, -0.0259, 10.3475
-0.0354, -0.0257, 10.3566
-0.0352, -0.0260, 10.3656
-0.0355, -0.0257, 10.3750
-0.0353, -0.0258, 10.3840
-0.0356, -0.0257, 10.3931
-0.0356, -0.0257, 10.4029
-0.0355, -0.0255, 10.4120
-0.0358, -0.0259, 10.4213
-0.0359, -0.0256, 10.4307
-0.0359, -0.0258, 10.4395
-0.0362, -0.0257, 10.4493
-0.0362, -0.0256, 10.4584
-0.0363, -0.0256, 10.4672
-0.0362, -0.0254, 10.4770
-0.0363, -0.0254, 10.4859
-0.0364, -0.0256, 10.4958
-0.0365, -0.0258, 10.5045
-0.0366, -0.0257, 10.5135
-0.0366, -0.0256, 10.5225
-0.0370, -0.0258, 10.5318
-0.0368, -0.0259, 10.5411
-0.0367, -0.0260, 10.5502
-0.0368, -0.0258, 10.5594
-0.0371, -0.0259, 10.5686
-0.0372, -0.0256, 10.5778
-0.0370, -0.0266, 10.5868
-0.0372, -0.0259, 10.5969
-0.0369, -0.0262, 10.6059
-0.0371, -0.0261, 10.6149
-0.0370, -0.0261, 10.6244
-0.0370, -0.0265, 10.6333
-0.0371, -0.0266, 10.6434
-0.0374, -0.0266, 10.6523
-0.0372, -0.0265, 10.6617
-0.0371, -0.0269, 10.6709
-0.0372, -0.0268, 10.6804
-0.0372, -0.0271, 10.6894
-0.0376, -0.0269, 10.6994
-0.0374, -0.0270, 10.7085
-0.0373, -0.0272, 10.7177
-0.0376, -0.0271, 10.7269
-0.0374, -0.0272, 10.7361
-0.0372, -0.0273, 10.7453
-0.0374, -0.0273, 10.7546
-0.0375, -0.0272, 10.7640
-0.0376, -0.0270, 10.7736
-0.0378, -0.0274, 10.7821
-0.0377, -0.0275, 10.7914
-0.0376, -0.0275, 10.8008
-0.0376, -0.0275, 10.8094
-0.0376, -0.0277, 10.8186
-0.0375, -0.0278, 10.8274
-0.0374, -0.0281, 10.8360
-0.0374, -0.0283, 10.8455
-0.0374, -0.0282, 10.8551
-0.0374, -0.0282, 10.8641
-0.0373, -0.0284, 10.8733
-0.0372, -0.0285, 10.8825
-0.0373, -0.0282, 10.8912
-0.0371, -0.0286, 10.9007
-0.0369, -0.0289, 10.9096
-0.0371, -0.0285, 10.9187
-0.0369, -0.0289, 10.9280
-0.0369, -0.0288, 10.9374
-0.0370, -0.0289, 10.9471
-0.0369, -0.0287, 10.9562
-0.0368, -0.0291, 10.9656
-0.0369, -0.0290, 10.9746
-0.0369, -0.0288, 10.9841
-0.0368, -0.0291, 10.9938
-0.0366, -0.0293, 11.0026
-0.0365, -0.0289, 11.0116
-0.0366, -0.0291, 11.0213
-0.0371, -0.0287, 11.0303
-0.0366, -0.0289, 11.0395
-0.0368, -0.0289, 11.0485
-0.0370, -0.0289, 11.0573
-0.0370, -0.0288, 11.0668
-0.0372, -0.0280, 11.0755
-0.0371, -0.0288, 11.0847
-0.0373, -0.0283, 11.0938
-0.0372, -0.0284, 11.1025
-0.0372, -0.0284, 11.1118
-0.0371, -0.0283, 11.1211
-0.0373, -0.0280, 11.1301
-0.0373, -0.0284, 11.1393
-0.0373, -0.0281, 11.1484
-0.0373, -0.0282, 11.1575
-0.0373, -0.0280, 11.1671
-0.0374, -0.0282, 11.1755
-0.0374, -0.0283, 11.1846
-0.0375, -0.0281, 11.1939
-0.0378, -0.0279, 11.2026
-0.0378, -0.0275, 11.2122
-0.0376, -0.0277, 11.2212
-0.0375, -0.0280, 11.2300
-0.0376, -0.0276, 11.2396
-0.0374, -0.0276, 11.2481
-0.0374, -0.0276, 11.2573
-0.0377, -0.0275, 11.2661
-0.0377, -0.0275, 11.2748
-0.0378, -0.0277, 11.2835
-0.0378, -0.0275, 11.2926
-0.0378, -0.0274, 11.3013
-0.0378, -0.0280, 11.3097
-0.0382, -0.0273, 11.3181
-0.0379, -0.0277, 11.3276
-0.0381, -0.0273, 11.3361
-0.0383, -0.0274, 11.3445
-0.0381, -0.0273, 11.3537
-0.0379, -0.0274, 11.3624
-0.0382, -0.0270, 11.3710
-0.0382, -0.0273, 11.3803
-0.0379, -0.0272, 11.3889
-0.0380, -0.0270, 11.3977
-0.0382, -0.0271, 11.4067
-0.0383, -0.0275, 11.4149
-0.0379, -0.0273, 11.4247
-0.0380, -0.0273, 11.4335
-0.0379, -0.0272, 11.4427
-0.0379, -0.0275, 11.4516
-0.0380, -0.0274, 11.4604
-0.0380, -0.0273, 11.4700
-0.0379, -0.0272, 11.4785
-0.0378, -0.0273, 11.4873
-0.0375, -0.0275, 11.4966
-0.0378, -0.0273, 11.5052
-0.0376, -0.0274, 11.5141
-0.0375, -0.0276, 11.5234
-0.0374, -0.0277, 11.5317
-0.0376, -0.0279, 11.5403
-0.0374, -0.0282, 11.5494
-0.0374, -0.0280, 11.5581
-0.0376, -0.0279, 11.5669
-0.0376, -0.0281, 11.5760
-0.0377, -0.0280, 11.5843
-0.0375, -0.0283, 11.5930
-0.0373, -0.0283, 11.6022
-0.0372, -0.0285, 11.6112
-0.0371, -0.0287, 11.6207
-0.0371, -0.0287, 11.6296
-0.0369, -0.0291, 11.6384
-0.0369, -0.0292, 11.6473
-0.0369, -0.0291, 11.6566
-0.0368, -0.0291, 11.6655
-0.0366, -0.0294, 11.6746
-0.0366, -0.0295, 11.6839
-0.0368, -0.0294, 11.6927
-0.0367, -0.0300, 11.7022
-0.0366, -0.0301, 11.7112
-0.0364, -0.0299, 11.7209
-0.0362, -0.0301, 11.7296
-0.0361, -0.0303, 11.7394
-0.0362, -0.0302, 11.7484
-0.0361, -0.0304, 11.7575
-0.0360, -0.0307, 11.7664
-0.0362, -0.0304, 11.7755
-0.0363, -0.0303, 11.7848
-0.0361, -0.0307, 11.7933
-0.0363, -0.0306, 11.8033
-0.0363, -0.0306, 11.8123
-0.0365, -0.0305, 11.8211
-0.0363, -0.0311, 11.8304
-0.0363, -0.0308, 11.8396
-0.0365, -0.0305, 11.8489
-0.0364, -0.0306, 11.8585
-0.0366, -0.0304, 11.8682
-0.0365, -0.0305, 11.8773
-0.0366, -0.0306, 11.8868
-0.0364, -0.0304, 11.8964
-0.0366, -0.0302, 11.9060
-0.0366, -0.0305, 11.9149
-0.0364, -0.0305, 11.9246
-0.0367, -0.0304, 11.9344
-0.0370, -0.0304, 11.9435
-0.0369, -0.0305, 11.9534
-0.0370, -0.0300, 11.9626
-0.0369, -0.0304, 11.9719
-0.0370, -0.0300, 11.9816
-0.0371, -0.0299, 11.9904
-0.0371, -0.0300, 12.0003
-0.0370, -0.0299, 12.0100
-0.0371, -0.0298, 12.0189
-0.0373, -0.0298, 12.0285
-0.0374, -0.0296, 12.0379
-0.0374, -0.0297, 12.0474
-0.0374, -0.0295, 12.0569
-0.0374, -0.0299, 12.0653
-0.0376, -0.0299, 12.0748
-0.0379, -0.0295, 12.0841
-0.0377, -0.0295, 12.0930
-0.0378, -0.0296, 12.1025
-0.0379, -0.0297, 12.1114
-0.0378, -0.0297, 12.1211
-0.0377, -0.0296, 12.1305
-0.0379, -0.0295, 12.1393
-0.0377, -0.0299, 12.1490
-0.0380, -0.0297, 12.1581
-0.0380, -0.0296, 12.1674
-0.0381, -0.0296, 12.1766
-0.0381, -0.0296, 12.1858
-0.0385, -0.0289, 12.1954
-0.0383, -0.0297, 12.2045
-0.0382, -0.0298, 12.2139
-0.0383, -0.0296, 12.2234
-0.0383, -0.0295, 12.2323
-0.0384, -0.0294, 12.2422
-0.0383, -0.0295, 12.2510
-0.0382, -0.0296, 12.2600
-0.0384, -0.0292, 12.2698
-0.0385, -0.0292, 12.2785
-0.0384, -0.0290, 12.2878
-0.0383, -0.0291, 12.2971
-0.0384, -0.0294, 12.3058
-0.0384, -0.0295, 12.3150
-0.0384, -0.0293, 12.3239
-0.0384, -0.0293, 12.3326
-0.0384, -0.0295, 12.3423
-0.0387, -0.0295, 12.3510
-0.0384, -0.0292, 12.3597
-0.0386, -0.0292, 12.3688
-0.0383, -0.0299, 12.3777
-0.0384, -0.0296, 12.3871
-0.0382, -0.0301, 12.3960
-0.0382, -0.0302, 12.4046
-0.0384, -0.0297, 12.4140
-0.0383, -0.0298, 12.4228
-0.0382, -0.0299, 12.4319
-0.0381, -0.0300, 12.4408
-0.0380, -0.0300, 12.4499
-0.0380, -0.0301, 12.4591
-0.0379, -0.0304, 12.4679
-0.0381, -0.0304, 12.4768
-0.0381, -0.0302, 12.4860
-0.0377, -0.0305, 12.4951
-0.0377, -0.0306, 12.5045
-0.0378, -0.0301, 12.5133
-0.0378, -0.0304, 12.5217
-0.0377, -0.0307, 12.5308
-0.0377, -0.0306, 12.5394
-0.0377, -0.0308, 12.5483
-0.0378, -0.0306, 12.5573
-0.0378, -0.0304, 12.5659
-0.0380, -0.0305, 12.5745
-0.0380, -0.0302, 12.5838
-0.0380, -0.0300, 12.5921
-0.0381, -0.0300, 12.6012
-0.0382, -0.0299, 12.6096
-0.0383, -0.0300, 12.6181
-0.0381, -0.0299, 12.6274
-0.0381, -0.0299, 12.6362
-0.0383, -0.0297, 12.6448
-0.0383, -0.0297, 12.6540
-0.0383, -0.0295, 12.6625
-0.0384, -0.0296, 12.6713
-0.0384, -0.0295, 12.6799
-0.0383, -0.0295, 12.6890
-0.0385, -0.0292, 12.6979
-0.0385, -0.0295, 12.7069
-0.0386, -0.0294, 12.7151
-0.0389, -0.0288, 12.7244
-0.0387, -0.0293, 12.7329
-0.0385, -0.0290, 12.7417
-0.0387, -0.0290, 12.7503
-0.0389, -0.0289, 12.7594
-0.0390, -0.0287, 12.7681
-0.0390, -0.0287, 12.7765
-0.0390, -0.0288, 12.7853
-0.0392, -0.0283, 12.7940
-0.0390, -0.0285, 12.8023
-0.0390, -0.0287, 12.8107
-0.0392, -0.0287, 12.8190
-0.0395, -0.0284, 12.8274
-0.0393, -0.0283, 12.8364
-0.0394, -0.0283, 12.8447
-0.0395, -0.0282, 12.8527
-0.0394, -0.0284, 12.8620
-0.0395, -0.0284, 12.8700
-0.0392, -0.0287, 12.8792
-0.0395, -0.0282, 12.8877
-0.0394, -0.0283, 12.8962
-0.0395, -0.0283, 12.9052
-0.0395, -0.0282, 12.9130
-0.0395, -0.0283, 12.9221
-0.0394, -0.0283, 12.9309
-0.0396, -0.0281, 12.9390
-0.0394, -0.0285, 12.9481
-0.0392, -0.0283, 12.9569
-0.0394, -0.0282, 12.9656
-0.0394, -0.0283, 12.9747
-0.0396, -0.0280, 12.9837
-0.0393, -0.0285, 12.9919
-0.0394, -0.0286, 13.0011
-0.0392, -0.0287, 13.0098
-0.0390, -0.0289, 13.0185
-0.0394, -0.0285, 13.0279
-0.0393, -0.0284, 13.0357
-0.0392, -0.0283, 13.0449
-0.0392, -0.0282, 13.0537
-0.0393, -0.0286, 13.0620
-0.0393, -0.0285, 13.0708
-0.0395, -0.0286, 13.0793
-0.0392, -0.0287, 13.0884
-0.0392, -0.0284, 13.0970
-0.0392, -0.0288, 13.1054
-0.0393, -0.0286, 13.1148
-0.0393, -0.0286, 13.1239
-0.0391, -0.0290, 13.1326
-0.0390, -0.0292, 13.1412
-0.0391, -0.0290, 13.1502
-0.0391, -0.0291, 13.1593
-0.0390, -0.0292, 13.1685
-0.0388, -0.0293, 13.1770
-0.0389, -0.0294, 13.1865
-0.0387, -0.0294, 13.1954
-0.0386, -0.0294, 13.2040
-0.0385, -0.0298, 13.2133
-0.0386, -0.0297, 13.2225
-0.0388, -0.0297, 13.2315
-0.0386, -0.0297, 13.2410
-0.0386, -0.0298, 13.2499
-0.0386, -0.0297, 13.2589
-0.0385, -0.0301, 13.2681
-0.0384, -0.0302, 13.2770
-0.0384, -0.0302, 13.2856
-0.0384, -0.0302, 13.2954
-0.0385, -0.0300, 13.3041
-0.0385, -0.0300, 13.3136
-0.0386, -0.0300, 13.3225
-0.0387, -0.0300, 13.3312
-0.0388, -0.0301, 13.3408
-0.0386, -0.0304, 13.3497
-0.0386, -0.0303, 13.3592
-0.0385, -0.0300, 13.3689
-0.0388, -0.0297, 13.3778
-0.0387, -0.0301, 13.3868
-0.0389, -0.0299, 13.3967
-0.0388, -0.0299, 13.4058
-0.0390, -0.0297, 13.4153
-0.0388, -0.0302, 13.4251
-0.0388, -0.0299, 13.4340
-0.0391, -0.0298, 13.4441
-0.0391, -0.0299, 13.4535
-0.0395, -0.0296, 13.4633
-0.0392, -0.0298, 13.4724
-0.0393, -0.0298, 13.4820
-0.0393, -0.0294, 13.4916
-0.0393, -0.0294, 13.5012
-0.0394, -0.0292, 13.5108
-0.0393, -0.0297, 13.5203
-0.0393, -0.0293, 13.5296
-0.0393, -0.0293, 13.5397
-0.0394, -0.0292, 13.5492
-0.0395, -0.0295, 13.5582
-0.0397, -0.0291, 13.5683
-0.0397, -0.0290, 13.5772
-0.0397, -0.0293, 13.5866
-0.0400, -0.0291, 13.5960
-0.0400, -0.0290, 13.6050
-0.0401, -0.0291, 13.6148
-0.0400, -0.0291, 13.6245
-0.0401, -0.0289, 13.6337
-0.0403, -0.0288, 13.6436
-0.0400, -0.0291, 13.6527
-0.0399, -0.0290, 13.6622
-0.0400, -0.0290, 13.6719
-0.0400, -0.0292, 13.6813
-0.0399, -0.0293, 13.6908
-0.0399, -0.0293, 13.7002
-0.0399, -0.0295, 13.7094
-0.0402, -0.0291, 13.7193
-0.0402, -0.0291, 13.7290
-0.0400, -0.0293, 13.7383
-0.0401, -0.0295, 13.7481
-0.0400, -0.0296, 13.7571
-0.0400, -0.0293, 13.7668
-0.0398, -0.0295, 13.7767
-0.0399, -0.0295, 13.7858
-0.0398, -0.0295, 13.7956
-0.0399, -0.0294, 13.8049
-0.0399, -0.0293, 13.8140
-0.0398, -0.0293, 13.8236
-0.0396, -0.0299, 13.8325
-0.0396, -0.0299, 13.8424
-0.0398, -0.0296, 13.8509
-0.0399, -0.0293, 13.8599
-0.0398, -0.0299, 13.8690
-0.0398, -0.0297, 13.8787
-0.0398, -0.0295, 13.8885
-0.0396, -0.0298, 13.8979
-0.0395, -0.0302, 13.9074
-0.0395, -0.0301, 13.9167
-0.0395, -0.0299, 13.9261
-0.0395, -0.0300, 13.9359
-0.0393, -0.0301, 13.9453
-0.0393, -0.0302, 13.9545
-0.0395, -0.0301, 13.9636
-0.0392, -0.0306, 13.9736
-0.0393, -0.0304, 13.9826
-0.0393, -0.0304, 13.9925
-0.0393, -0.0304, 14.0022
-0.0391, -0.0304, 14.0118
-0.0391, -0.0304, 14.0214
-0.0390, -0.0305, 14.0304
-0.0389, -0.0309, 14.0401
-0.0390, -0.0308, 14.0493
-0.0391, -0.0306, 14.0587
-0.0389, -0.0307, 14.0683
-0.0389, -0.0308, 14.0772
-0.0390, -0.0310, 14.0863
-0.0392, -0.0306, 14.0957
-0.0392, -0.0306, 14.1048
-0.0389, -0.0309, 14.1138
-0.0390, -0.0308, 14.1230
-0.0390, -0.0309, 14.1327
-0.0391, -0.0308, 14.1418
-0.0391, -0.0305, 14.1510
-0.0389, -0.0307, 14.1600
-0.0391, -0.0307, 14.1691
-0.0393, -0.0307, 14.1782
-0.0388, -0.0308, 14.1875
-0.0390, -0.0305, 14.1966
-0.0392, -0.0305, 14.2060
-0.0395, -0.0302, 14.2156
-0.0393, -0.0304, 14.2246
-0.0392, -0.0304, 14.2334
-0.0394, -0.0300, 14.2431
-0.0395, -0.0299, 14.2520
-0.0394, -0.0300, 14.2616
-0.0396, -0.0295, 14.2708
-0.0396, -0.0300, 14.2794
-0.0394, -0.0302, 14.2887
-0.0395, -0.0300, 14.2978
-0.0396, -0.0298, 14.3069
-0.0396, -0.0297, 14.3157
-0.0395, -0.0301, 14.3244
-0.0396, -0.0301, 14.3340
-0.0398, -0.0296, 14.3424
-0.0399, -0.0299, 14.3513
-0.0395, -0.0302, 14.3605
-0.0397, -0.0297, 14.3693
-0.0400, -0.0295, 14.3781
-0.0399, -0.0296, 14.3869
-0.0399, -0.0297, 14.3959
-0.0399, -0.0297, 14.4054
-0.0397, -0.0301, 14.4139
-0.0398, -0.0295, 14.4230
-0.0398, -0.0297, 14.4320
-0.0398, -0.0298, 14.4412
-0.0398, -0.0296, 14.4504
-0.0397, -0.0299, 14.4596
-0.0398, -0.0297, 14.4687
-0.0399, -0.0300, 14.4777
-0.0398, -0.0298, 14.4865
-0.0399, -0.0296, 14.4964
-0.0397, -0.0299, 14.5056
-0.0396, -0.0296, 14.5146
-0.0397, -0.0295, 14.5238
-0.0397, -0.0297, 14.5332
-0.0397, -0.0300, 14.5423
-0.0395, -0.0301, 14.5513
-0.0393, -0.0302, 14.5600
-0.0395, -0.0300, 14.5689
-0.0396, -0.0301, 14.5775
-0.0396, -0.0302, 14.5864
-0.0396, -0.0303, 14.5957
-0.0394, -0.0305, 14.6042
-0.0395, -0.0304, 14.6137
-0.0394, -0.0303, 14.6228
-0.0394, -0.0309, 14.6317
-0.0395, -0.0305, 14.6413
-0.0392, -0.0306, 14.6498
-0.0392, -0.0309, 14.6594
-0.0391, -0.0309, 14.6690
-0.0389, -0.0311, 14.6778
-0.0390, -0.0312, 14.6872
-0.0390, -0.0315, 14.6969
-0.0389, -0.0316, 14.7060
-0.0392, -0.0315, 14.7153
-0.0389, -0.0315, 14.7243
-0.0388, -0.0312, 14.7345
-0.0387, -0.0314, 14.7437
-0.0387, -0.0316, 14.7529
-0.0386, -0.0319, 14.7624
-0.0386, -0.0317, 14.7721
-0.0385, -0.0319, 14.7816
-0.0385, -0.0315, 14.7913
-0.0385, -0.0318, 14.8002
-0.0385, -0.0316, 14.8097
-0.0386, -0.0317, 14.8188
-0.0385, -0.0317, 14.8281
-0.0387, -0.0317, 14.8381
-0.0388, -0.0316, 14.8470
-0.0388, -0.0317, 14.8563
-0.0387, -0.0317, 14.8661
-0.0390, -0.0318, 14.8753
-0.0388, -0.0318, 14.8851
-0.0389, -0.0314, 14.8944
-0.0392, -0.0314, 14.9039
-0.0389, -0.0321, 14.9136
-0.0390, -0.0316, 14.9237
-0.0388, -0.0317, 14.9334
-0.0387, -0.0318, 14.9430
-0.0390, -0.0316, 14.9521
-0.0389, -0.0316, 14.9622
-0.0389, -0.0315, 14.9719
-0.0391, -0.0313, 14.9815
-0.0392, -0.0316, 14.9910
-0.0391, -0.0315, 15.0009
-0.0391, -0.0315, 15.0109
-0.0392, -0.0312, 15.0206
-0.0393, -0.0310, 15.0300
-0.0393, -0.0310, 15.0400
-0.0393, -0.0309, 15.0491
-0.0391, -0.0312, 15.0595
-0.0392, -0.0311, 15.0682
-0.0395, -0.0310, 15.0780
-0.0395, -0.0309, 15.0879
-0.0395, -0.0311, 15.0974
-0.0397, -0.0310, 15.1068
-0.0397, -0.0309, 15.1165
-0.0399, -0.0308, 15.1260
-0.0399, -0.0310, 15.1354
-0.0401, -0.0305, 15.1446
-0.0399, -0.0306, 15.1547
-0.0401, -0.0305, 15.1644
-0.0400, -0.0307, 15.1742
-0.0399, -0.0310, 15.1832
-0.0402, -0.0308, 15.1936
-0.0401, -0.0308, 15.2031
-0.0403, -0.0305, 15.2129
-0.0405, -0.0305, 15.2225
-0.0405, -0.0301, 15.2319
-0.0405, -0.0307, 15.2411
-0.0405, -0.0304, 15.2513
-0.0402, -0.0306, 15.2606
-0.0405, -0.0307, 15.2703
-0.0404, -0.0302, 15.2802
-0.0400, -0.0307, 15.2896
-0.0404, -0.0305, 15.2995
-0.0402, -0.0308, 15.3092
-0.0400, -0.0308, 15.3179
-0.0401, -0.0308, 15.3276
-0.0402, -0.0310, 15.3369
-0.0403, -0.0305, 15.3461
-0.0403, -0.0307, 15.3553
-0.0402, -0.0309, 15.3645
-0.0401, -0.0310, 15.3739
-0.0399, -0.0312, 15.3836
-0.0401, -0.0310, 15.3925
-0.0402, -0.0309, 15.4020
-0.0401, -0.0311, 15.4110
-0.0399, -0.0315, 15.4205
-0.0401, -0.0310, 15.4300
-0.0400, -0.0312, 15.4395
-0.0399, -0.0314, 15.4491
-0.0398, -0.0315, 15.4584
-0.0396, -0.0316, 15.4673
-0.0396, -0.0320, 15.4769
-0.0396, -0.0316, 15.4863
-0.0397, -0.0315, 15.4953
-0.0395, -0.0318, 15.5047
-0.0394, -0.0322, 15.5140
-0.0395, -0.0318, 15.5241
-0.0392, -0.0320, 15.5332
-0.0391, -0.0320, 15.5426
-0.0393, -0.0319, 15.5520
-0.0394, -0.0320, 15.5615
-0.0393, -0.0321, 15.5702
-0.0395, -0.0319, 15.5793
-0.0396, -0.0318, 15.5881
-0.0395, -0.0321, 15.5972
-0.0394, -0.0320, 15.6057
-0.0396, -0.0320, 15.6150
-0.0398, -0.0316, 15.6245
-0.0395, -0.0320, 15.6335
-0.0396, -0.0316, 15.6425
-0.0398, -0.0318, 15.6511
-0.0395, -0.0318, 15.6604
-0.0398, -0.0316, 15.6698
-0.0397, -0.0314, 15.6788
-0.0396, -0.0316, 15.6879
-0.0397, -0.0316, -344.3033
-0.0397, -0.0315, -344.2939
-0.0398, -0.0312, -344.2848
-0.0400, -0.0311, -344.2756
-0.0399, -0.0311, -344.2670
-0.0401, -0.0309, -344.2579
-0.0400, -0.0311, -344.2489
-0.0403, -0.0307, -344.2394
-0.0402, -0.0308, -344.2304
-0.0401, -0.0310, -344.2213
-0.0398, -0.0312, -344.2126
-0.0399, -0.0307, -344.2031
-0.0402, -0.0305, -344.1951
-0.0402, -0.0306, -344.1860
-0.0403, -0.0307, -344.1772
-0.0402, -0.0305, -344.1690
-0.0403, -0.0307, -344.1599
-0.0406, -0.0303, -344.1510
-0.0403, -0.0303, -344.1426
-0.0406, -0.0303, -344.1333
-0.0405, -0.0305, -344.1250
-0.0407, -0.0302, -344.1168
-0.0404, -0.0305, -344.1075
-0.0407, -0.0298, -344.0989
-0.0407, -0.0302, -344.0896
-0.0405, -0.0303, -344.0812
-0.0406, -0.0301, -344.0723
-0.0405, -0.0301, -344.0637
-0.0406, -0.0303, -344.0549
-0.0406, -0.0303, -344.0458
-0.0407, -0.0302, -344.0374
-0.0407, -0.0301, -344.0282
-0.0406, -0.0300, -344.0197
-0.0407, -0.0302, -344.0105
-0.0404, -0.0304, -344.0014
-0.0406, -0.0301, -343.9924
-0.0406, -0.0303, -343.9828
-0.0405, -0.0302, -343.9745
-0.0406, -0.0303, -343.9655
-0.0405, -0.0303, -343.9564
-0.0403, -0.0304, -343.9476
-0.0405, -0.0305, -343.9385
-0.0403, -0.0305, -343.9299
-0.0406, -0.0302, -343.9211
-0.0406, -0.0303, -343.9128
-0.0404, -0.0306, -343.9037
-0.0404, -0.0305, -343.8948
-0.0404, -0.0304, -343.8859
-0.0405, -0.0304, -343.8775
-0.0403, -0.0310, -343.8686
-0.0404, -0.0306, -343.8593
-0.0405, -0.0306, -343.8504
-0.0402, -0.0308, -343.8409
-0.0401, -0.0310, -343.8321
-0.0403, -0.0311, -343.8227
-0.0403, -0.0309, -343.8138
-0.0400, -0.0312, -343.8053
-0.0400, -0.0313, -343.7960
-0.0400, -0.0311, -343.7869
-0.0398, -0.0315, -343.7781
-0.0398, -0.0315, -343.7686
-0.0396, -0.0316, -343.7600
-0.0396, -0.0318, -343.7508
-0.0397, -0.0317, -343.7417
-0.0395, -0.0321, -343.7324
-0.0397, -0.0318, -343.7233
-0.0398, -0.0318, -343.7143
-0.0396, -0.0319, -343.7051
-0.0395, -0.0319, -343.6958
-0.0394, -0.0321, -343.6868
-0.0396, -0.0320, -343.6773
-0.0395, -0.0321, -343.6683
-0.0397, -0.0323, -343.6597
-0.0396, -0.0324, -343.6503
-0.0396, -0.0325, -343.6418
-0.0398, -0.0322, -343.6323
-0.0397, -0.0322, -343.6232
-0.0397, -0.0322, -343.6136
-0.0397, -0.0321, -343.6047
-0.0398, -0.0318, -343.5954
-0.0400, -0.0317, -343.5863
-0.0397, -0.0323, -343.5767
-0.0396, -0.0324, -343.5677
-0.0398, -0.0323, -343.5583
-0.0396, -0.0321, -343.5490
-0.0399, -0.0320, -343.5398
-0.0397, -0.0322, -343.5303
-0.0397, -0.0318, -343.5206
-0.0399, -0.0318, -343.5109
-0.0398, -0.0319, -343.5016
-0.0399, -0.0320, -343.4920
-0.0399, -0.0321, -343.4826
-0.0400, -0.0318, -343.4734
-0.0399, -0.0319, -343.4638
-0.0400, -0.0317, -343.4550
-0.0401, -0.0316, -343.4451
-0.0400, -0.0316, -343.4353
-0.0402, -0.0316, -343.4263
-0.0402, -0.0316, -343.4167
-0.0405, -0.0313, -343.4080
-0.0406, -0.0315, -343.3990
-0.0406, -0.0313, -343.3894
-0.0408, -0.0313, -343.3804
-0.0409, -0.0311, -343.3709
-0.0412, -0.0310, -343.3615
-0.0410, -0.0313, -343.3525
-0.0409, -0.0314, -343.3425
-0.0410, -0.0312, -343.3335
-0.0408, -0.0313, -343.3238
-0.0410, -0.0308, -343.3146
-0.0410, -0.0312, -343.3055
-0.0410, -0.0313, -343.2960
-0.0410, -0.0309, -343.2870
-0.0413, -0.0310, -343.2776
-0.0412, -0.0312, -343.2680
-0.0411, -0.0312, -343.2588
-0.0412, -0.0312, -343.2496
-0.0413, -0.0311, -343.2399
-0.0412, -0.0310, -343.2307
-0.0412, -0.0311, -343.2217
-0.0410, -0.0315, -343.2129
-0.0410, -0.0309, -343.2030
-0.0409, -0.0313, -343.1940
-0.0409, -0.0315, -343.1846
-0.0408, -0.0316, -343.1750
-0.0410, -0.0314, -343.1664
-0.0411, -0.0312, -343.1572
-0.0409, -0.0314, -343.1477
-0.0410, -0.0312, -343.1392
-0.0410, -0.0315, -343.1301
-0.0410, -0.0312, -343.1210
-0.0410, -0.0311, -343.1117
-0.0409, -0.0313, -343.1025
-0.0410, -0.0311, -343.0934
-0.0412, -0.0312, -343.0845
-0.0411, -0.0315, -343.0752
-0.0411, -0.0311, -343.0662
-0.0411, -0.0311, -343.0566
-0.0409, -0.0315, -343.0474
-0.0410, -0.0313, -343.0379
-0.0410, -0.0315, -343.0289
-0.0411, -0.0314, -343.0198
-0.0407, -0.0319, -343.0102
-0.0408, -0.0316, -343.0012
-0.0406, -0.0316, -342.9919
-0.0406, -0.0318, -342.9824
