-0.0002, 29.9999, 0.0001
-0.0003, 30.0004, -0.0006
-0.0003, 29.9996, -0.0003
-0.0003, 29.9996, -0.0004
-0.0001, 29.9997, 0.0001
-0.0002, 30.0001, -0.0005
-0.0003, 30.0002, -0.0003
-0.0001, 29.9999, -0.0003
-0.0001, 30.0003, 0.0000
-0.0001, 30.0003, 0.0000
-0.0000, 30.0004, -0.0003
-0.0002, 30.0004, -0.0001
-0.0001, 30.0006, -0.0002
-0.0000, 30.0009, 0.0002
-0.0000, 30.0010, -0.0003
0.0000, 30.0010, -0.0003
0.0000, 30.0009, 0.0001
0.0000, 30.0015, -0.0001
0.0001, 30.0014, 0.0004
0.0001, 30.0015, 0.0002
0.0001, 30.0013, 0.0001
0.0000, 30.0014, 0.0004
0.0001, 30.0019, 0.0002
0.0001, 30.0018, 0.0002
0.0001, 30.0016, 0.0002
0.0001, 30.0020, 0.0002
0.0002, 30.0022, 0.0010
-0.0000, 30.0017, 0.0000
0.0000, 30.0022, 0.0004
0.0002, 30.0024, 0.0005
0.0000, 30.0024, 0.0006
0.0001, 30.0021, 0.0006
0.0001, 30.0023, 0.0010
-0.0000, 30.0021, 0.0006
0.0002, 30.0026, 0.0007
0.0001, 30.0027, 0.0012
0.0001, 30.0023, 0.0008
0.0000, 30.0022, 0.0008
0.0001, 30.0027, 0.0009
0.0001, 30.0021, 0.0005
0.0001, 30.0026, 0.0010
0.0001, 30.0026, 0.0009
0.0001, 30.0027, 0.0009
0.0001, 30.0024, 0.0007
0.0000, 30.0022, 0.0009
0.0001, 30.0026, 0.0010
0.0003, 30.0025, 0.0010
0.0001, 30.0021, 0.0007
0.0000, 30.0021, 0.0013
0.0000, 30.0021, 0.0010
0.0000, 30.0025, 0.0013
0.0000, 30.0022, 0.0011
0.0002, 30.0021, 0.0014
0.0001, 30.0023, 0.0008
0.0001, 30.0019, 0.0012
0.0000, 30.0024, 0.0014
0.0001, 30.0023, 0.0014
0.0001, 30.0018, 0.0020
-0.0001, 30.0019, 0.0014
0.0001, 30.0023, 0.0015
0.0001, 30.0023, 0.0015
0.0001, 30.0018, 0.0014
0.0001, 30.0018, 0.0019
0.0001, 30.0027, 0.0013
0.0000, 30.0018, 0.0018
0.0000, 30.0019, 0.0013
0.0001, 30.0021, 0.0015
0.0000, 30.0018, 0.0018
0.0001, 30.0020, 0.0016
0.0000, 30.0019, 0.0021
0.0002, 30.0018, 0.0022
0.0001, 30.0020, 0.0017
0.0001, 30.0017, 0.0019
0.0002, 30.0021, 0.0015
0.0001, 30.0022, 0.0017
0.0001, 30.0017, 0.0019
-0.0000, 30.0020, 0.0015
0.0001, 30.0018, 0.0024
-0.0000, 30.0018, 0.0019
0.0001, 30.0019, 0.0018
0.0000, 30.0019, 0.0018
0.0001, 30.0019, 0.0020
0.0002, 30.0017, 0.0021
0.0000, 30.0018, 0.0027
0.0001, 30.0016, 0.0025
0.0002, 30.0017, 0.0021
0.0001, 30.0017, 0.0025
0.0003, 30.0017, 0.0023
0.0000, 30.0015, 0.0022
0.0000, 30.0018, 0.0016
0.0000, 30.0017, 0.0020
0.0002, 30.0016, 0.0021
0.0001, 30.0014, 0.0017
0.0001, 30.0017, 0.0020
0.0000, 30.0017, 0.0021
0.0000, 30.0019, 0.0022
0.0000, 30.0015, 0.0024
0.0001, 30.0015, 0.0024
0.0000, 30.0014, 0.0027
0.0001, 30.0018, 0.0022
0.0001, 30.0018, 0.0023
0.0000, 30.0016, 0.0018
0.0000, 30.0020, 0.0018
0.0000, 30.0020, 0.0025
0.0001, 30.0018, 0.0021
-0.0000, 30.0015, 0.0028
-0.0000, 30.0016, 0.0023
0.0002, 30.0022, 0.0021
0.0002, 30.0021, 0.0026
0.0000, 30.0020, 0.0020
-0.0001, 30.0020, 0.0024
-0.0000, 30.0018, 0.0024
-0.0001, 30.0018, 0.0020
0.0001, 30.0018, 0.0026
0.0001, 30.0018, 0.0021
0.0000, 30.0017, 0.0028
0.0000, 30.0021, 0.0022
0.0003, 30.0019, 0.0027
0.0001, 30.0022, 0.0022
0.0001, 30.0022, 0.0019
0.0002, 30.0024, 0.0026
0.0001, 30.0020, 0.0020
0.0000, 30.0019, 0.0020
0.0000, 30.0017, 0.0024
0.0001, 30.0019, 0.0022
0.0000, 30.0018, 0.0023
0.0001, 30.0017, 0.0025
0.0000, 30.0019, 0.0026
0.0002, 30.0015, 0.0023
0.0002, 30.0017, 0.0022
0.0001, 30.0017, 0.0025
0.0000, 30.0015, 0.0026
0.0001, 30.0017, 0.0025
-0.0000, 30.0014, 0.0021
0.0001, 30.0017, 0.0025
0.0001, 30.0017, 0.0022
0.0001, 30.0017, 0.0023
0.0001, 30.0016, 0.0025
0.0001, 30.0015, 0.0024
0.0000, 30.0020, 0.0027
-0.0000, 30.0017, 0.0026
0.0001, 30.0020, 0.0025
0.0000, 30.0016, 0.0026
0.0000, 30.0017, 0.0026
0.0000, 30.0014, 0.0022
0.0002, 30.0018, 0.0025
0.0003, 30.0018, 0.0026
0.0001, 30.0012, 0.0025
0.0001, 30.0012, 0.0022
0.0001, 30.0016, 0.0027
0.0001, 30.0017, 0.0022
0.0000, 30.0020, 0.0025
0.0001, 30.0019, 0.0027
0.0001, 30.0015, 0.0023
0.0001, 30.0020, 0.0026
0.0000, 30.0017, 0.0022
0.0002, 30.0017, 0.0025
0.0001, 30.0013, 0.0026
0.0000, 30.0019, 0.0023
0.0001, 30.0021, 0.0025
0.0000, 30.0019, 0.0025
0.0001, 30.0018, 0.0025
0.0001, 30.0017, 0.0032
0.0000, 30.0020, 0.0030
0.0000, 30.0017, 0.0024
0.0001, 30.0018, 0.0026
0.0001, 30.0016, 0.0028
0.0001, 30.0021, 0.0029
0.0001, 30.0019, 0.0027
0.0001, 30.0019, 0.0027
-0.0000, 30.0019, 0.0029
0.0002, 30.0018, 0.0025
0.0001, 30.0019, 0.0025
0.0002, 30.0019, 0.0028
0.0000, 30.0019, 0.0026
0.0000, 30.0018, 0.0029
-0.0000, 30.0018, 0.0028
0.0001, 30.0021, 0.0026
0.0000, 30.0020, 0.0028
0.0003, 30.0021, 0.0023
0.0001, 30.0019, 0.0028
-0.0000, 30.0017, 0.0024
0.0001, 30.0016, 0.0020
-0.0000, 30.0017, 0.0026
0.0000, 30.0019, 0.0025
0.0001, 30.0017, 0.0028
0.0000, 30.0018, 0.0024
0.0001, 30.0019, 0.0026
0.0000, 30.0016, 0.0029
0.0000, 30.0020, 0.0025
0.0001, 30.0017, 0.0025
0.0001, 30.0017, 0.0024
0.0001, 30.0020, 0.0023
0.0001, 30.0018, 0.0028
0.0001, 30.0019, 0.0023
0.0001, 30.0014, 0.0024
0.0000, 30.0020, 0.0026
0.0001, 30.0016, 0.0026
0.0000, 30.0016, 0.0029
0.0002, 30.0016, 0.0024
0.0000, 30.0018, 0.0025
0.0000, 30.0016, 0.0026
0.0001, 30.0020, 0.0027
0.0001, 30.0013, 0.0025
0.0002, 30.0016, 0.0027
0.0001, 30.0014, 0.0029
0.0001, 30.0023, 0.0029
0.0001, 30.0016, 0.0024
0.0001, 30.0017, 0.0027
0.0000, 30.0017, 0.0031
0.0000, 30.0018, 0.0026
-0.0000, 30.0018, 0.0030
0.0001, 30.0018, 0.0027
0.0000, 30.0016, 0.0026
-0.0000, 30.0013, 0.0026
0.0000, 30.0017, 0.0025
0.0001, 30.0015, 0.0024
0.0002, 30.0014, 0.0029
0.0001, 30.0014, 0.0027
0.0000, 30.0016, 0.0029
0.0002, 30.0020, 0.0030
0.0001, 30.0010, 0.0027
0.0002, 30.0012, 0.0024
0.0001, 30.0014, 0.0028
0.0000, 30.0018, 0.0025
0.0000, 30.0020, 0.0027
0.0001, 30.0015, 0.0030
0.0000, 30.0014, 0.0027
0.0002, 30.0019, 0.0030
0.0001, 30.0025, 0.0026
0.0000, 30.0016, 0.0023
0.0002, 30.0016, 0.0031
0.0001, 30.0019, 0.0027
0.0001, 30.0019, 0.0023
0.0001, 30.0017, 0.0028
0.0001, 30.0016, 0.0028
0.0001, 30.0019, 0.0023
0.0001, 30.0021, 0.0028
0.0000, 30.0021, 0.0024
0.0000, 30.0016, 0.0030
0.0001, 30.0019, 0.0028
0.0001, 30.0017, 0.0027
0.0000, 30.0019, 0.0025
0.0002, 30.0017, 0.0026
0.0002, 30.0017, 0.0026
0.0001, 30.0018, 0.0030
0.0002, 30.0017, 0.0027
0.0000, 30.0016, 0.0033
0.0001, 30.0017, 0.0030
0.0000, 30.0017, 0.0029
0.0001, 30.0018, 0.0024
-0.0000, 30.0019, 0.0026
0.0000, 30.0014, 0.0028
0.0000, 30.0018, 0.0031
0.0000, 30.0018, 0.0026
0.0002, 30.0018, 0.0030
0.0002, 30.0016, 0.0029
0.0001, 30.0018, 0.0030
0.0001, 30.0021, 0.0029
0.0000, 30.0015, 0.0028
0.0000, 30.0018, 0.0026
0.0002, 30.0018, 0.0031
0.0001, 30.0012, 0.0025
-0.0000, 30.0013, 0.0030
0.0000, 30.0012, 0.0030
0.0000, 30.0013, 0.0026
0.0001, 30.0018, 0.0029
0.0000, 30.0016, 0.0028
0.0002, 30.0018, 0.0026
0.0001, 30.0019, 0.0030
0.0000, 30.0016, 0.0031
0.0000, 30.0013, 0.0027
0.0002, 30.0014, 0.0029
0.0001, 30.0014, 0.0027
0.0001, 30.0013, 0.0028
0.0001, 30.0016, 0.0032
0.0002, 30.0013, 0.0027
0.0001, 30.0014, 0.0031
0.0001, 30.0013, 0.0030
-0.0000, 30.0013, 0.0031
0.0000, 30.0021, 0.0030
0.0002, 30.0020, 0.0028
0.0001, 30.0014, 0.0029
0.0000, 30.0017, 0.0031
0.0002, 30.0018, 0.0030
0.0001, 30.0015, 0.0026
0.0001, 30.0019, 0.0033
0.0002, 30.0015, 0.0033
0.0000, 30.0010, 0.0032
0.0002, 30.0015, 0.0030
0.0001, 30.0014, 0.0029
0.0001, 30.0013, 0.0027
0.0001, 30.0013, 0.0032
-0.0000, 30.0010, 0.0033
0.0002, 30.0014, 0.0031
0.0002, 30.0015, 0.0032
0.0001, 30.0015, 0.0030
0.0002, 30.0013, 0.0028
0.0000, 30.0015, 0.0026
0.0000, 30.0019, 0.0032
0.0000, 30.0017, 0.0032
0.0000, 30.0018, 0.0032
-0.0002, 30.0016, 0.0030
0.0002, 30.0015, 0.0029
0.0002, 30.0016, 0.0029
0.0001, 30.0015, 0.0026
0.0002, 30.0014, 0.0030
0.0002, 30.0011, 0.0034
0.0001, 30.0011, 0.0029
0.0001, 30.0018, 0.0032
0.0000, 30.0018, 0.0029
0.0002, 30.0012, 0.0026
0.0003, 30.0018, 0.0030
0.0001, 30.0013, 0.0028
0.0002, 30.0016, 0.0030
0.0001, 30.0016, 0.0034
0.0000, 30.0016, 0.0030
0.0000, 30.0016, 0.0028
0.0000, 30.0016, 0.0027
-0.0000, 30.0016, 0.0028
-0.0000, 30.0010, 0.0025
0.0002, 30.0014, 0.0033
0.0001, 30.0014, 0.0030
0.0000, 30.0017, 0.0031
0.0000, 30.0016, 0.0030
0.0000, 30.0013, 0.0027
-0.0000, 30.0012, 0.0031
-0.0000, 30.0011, 0.0027
-0.0000, 30.0012, 0.0029
-0.0000, 30.0014, 0.0030
0.0001, 30.0016, 0.0034
0.0000, 30.0016, 0.0030
0.0000, 30.0015, 0.0030
0.0001, 30.0014, 0.0029
0.0000, 30.0011, 0.0034
-0.0000, 30.0012, 0.0029
0.0000, 30.0013, 0.0032
0.0001, 30.0013, 0.0029
-0.0000, 30.0010, 0.0033
0.0001, 30.0013, 0.0037
0.0001, 30.0011, 0.0033
0.0000, 30.0012, 0.0027
-0.0000, 30.0012, 0.0031
0.0001, 30.0015, 0.0031
0.0001, 30.0014, 0.0032
0.0000, 30.0015, 0.0033
0.0000, 30.0013, 0.0028
0.0002, 30.0016, 0.0033
0.0002, 30.0016, 0.0031
0.0000, 30.0015, 0.0032
0.0002, 30.0012, 0.0032
0.0002, 30.0014, 0.0030
0.0001, 30.0012, 0.0028
0.0000, 30.0015, 0.0030
0.0000, 30.0013, 0.0031
-0.0000, 30.0010, 0.0029
-0.0000, 30.0013, 0.0034
0.0001, 30.0011, 0.0031
0.0001, 30.0014, 0.0029
0.0000, 30.0016, 0.0033
0.0000, 30.0009, 0.0033
0.0001, 30.0012, 0.0034
-0.0002, 30.0010, 0.0032
0.0002, 30.0013, 0.0028
-0.0000, 30.0011, 0.0030
0.0001, 30.0013, 0.0031
0.0000, 30.0011, 0.0028
0.0000, 30.0015, 0.0029
-0.0000, 30.0011, 0.0030
-0.0000, 30.0011, 0.0032
0.0001, 30.0013, 0.0032
-0.0000, 30.0013, 0.0033
-0.0000, 30.0010, 0.0029
-0.0000, 30.0012, 0.0028
0.0001, 30.0016, 0.0030
0.0001, 30.0011, 0.0031
0.0000, 30.0011, 0.0029
0.0001, 30.0010, 0.0026
0.0001, 30.0013, 0.0029
0.0001, 30.0012, 0.0032
0.0000, 30.0012, 0.0027
0.0002, 30.0012, 0.0030
0.0000, 30.0010, 0.0028
0.0001, 30.0010, 0.0033
0.0002, 30.0011, 0.0031
0.0001, 30.0012, 0.0033
0.0000, 30.0010, 0.0035
-0.0002, 30.0008, 0.0026
0.0000, 30.0009, 0.0030
-0.0000, 30.0010, 0.0029
0.0000, 30.0009, 0.0028
0.0000, 30.0011, 0.0029
-0.0001, 30.0006, 0.0031
-0.0001, 30.0010, 0.0030
0.0001, 30.0011, 0.0035
-0.0000, 30.0008, 0.0027
0.0000, 30.0009, 0.0032
-0.0000, 30.0009, 0.0033
0.0000, 30.0009, 0.0031
0.0002, 30.0010, 0.0035
0.0000, 30.0009, 0.0031
0.0000, 30.0009, 0.0026
0.0001, 30.0008, 0.0030
0.0000, 30.0010, 0.0029
0.0000, 30.0009, 0.0027
0.0000, 30.0013, 0.0033
0.0001, 30.0010, 0.0031
0.0002, 30.0008, 0.0035
0.0001, 30.0008, 0.0036
-0.0001, 30.0006, 0.0034
0.0000, 30.0009, 0.0031
-0.0000, 30.0011, 0.0029
0.0000, 30.0005, 0.0032
-0.0001, 30.0008, 0.0031
0.0002, 30.0009, 0.0034
0.0001, 30.0010, 0.0032
0.0001, 30.0004, 0.0032
0.0001, 30.0006, 0.0030
0.0001, 30.0006, 0.0029
0.0000, 30.0009, 0.0028
0.0001, 30.0005, 0.0032
-0.0000, 30.0010, 0.0029
-0.0001, 30.0002, 0.0027
-0.0000, 30.0004, 0.0035
-0.0000, 30.0003, 0.0030
0.0001, 30.0009, 0.0034
0.0001, 30.0004, 0.0030
0.0000, 30.0005, 0.0030
0.0000, 30.0004, 0.0033
0.0002, 30.0003, 0.0033
-0.0000, 30.0006, 0.0030
0.0002, 30.0002, 0.0033
0.0000, 30.0007, 0.0032
0.0001, 30.0003, 0.0031
0.0000, 30.0006, 0.0029
-0.0000, 30.0007, 0.0028
-0.0001, 30.0009, 0.0031
-0.0000, 30.0004, 0.0032
-0.0001, 30.0002, 0.0033
0.0001, 30.0004, 0.0037
0.0001, 30.0004, 0.0034
-0.0000, 30.0005, 0.0031
-0.0001, 30.0003, 0.0032
0.0001, 30.0001, 0.0033
0.0000, 30.0003, 0.0033
0.0000, 30.0004, 0.0034
0.0001, 30.0002, 0.0033
0.0001, 30.0002, 0.0033
0.0002, 30.0002, 0.0035
0.0000, 30.0000, 0.0028
-0.0000, 30.0001, 0.0033
-0.0000, 30.0003, 0.0031
-0.0001, 30.0001, 0.0031
-0.0000, 30.0002, 0.0032
0.0001, 30.0000, 0.0036
0.0002, 29.9999, 0.0036
-0.0000, 30.0001, 0.0031
-0.0000, 29.9998, 0.0029
-0.0000, 30.0002, 0.0034
0.0000, 29.9998, 0.0029
-0.0000, 30.0001, 0.0033
-0.0000, 30.0002, 0.0032
-0.0000, 29.9998, 0.0029
-0.0002, 30.0003, 0.0031
-0.0001, 30.0001, 0.0027
-0.0001, 29.9999, 0.0032
-0.0000, 30.0000, 0.0037
-0.0001, 29.9998, 0.0032
-0.0000, 30.0000, 0.0034
-0.0001, 30.0000, 0.0031
-0.0001, 29.9996, 0.0034
-0.0001, 29.9997, 0.0035
-0.0000, 29.9995, 0.0031
-0.0001, 29.9997, 0.0032
-0.0000, 29.9999, 0.0033
-0.0001, 29.9999, 0.0031
0.0001, 29.9997, 0.0035
-0.0000, 29.9997, 0.0032
-0.0001, 29.9998, 0.0034
0.0000, 29.9996, 0.0034
-0.0001, 30.0000, 0.0031
-0.0001, 29.9997, 0.0032
-0.0001, 29.9998, 0.0037
0.0001, 29.9996, 0.0030
0.0001, 29.9993, 0.0032
-0.0001, 29.9989, 0.0028
0.0001, 29.9992, 0.0031
-0.0000, 29.9993, 0.0030
-0.0001, 29.9995, 0.0029
-0.0001, 29.9997, 0.0033
-0.0001, 29.9992, 0.0035
-0.0001, 29.9996, 0.0030
0.0000, 29.9995, 0.0027
0.0001, 29.9994, 0.0031
-0.0000, 29.9997, 0.0031
-0.0000, 29.9996, 0.0036
0.0001, 29.9992, 0.0035
-0.0001, 29.9994, 0.0031
-0.0001, 29.9994, 0.0031
-0.0000, 29.9995, 0.0033
-0.0001, 29.9992, 0.0033
-0.0001, 29.9988, 0.0032
0.0000, 29.9991, 0.0036
-0.0001, 29.9988, 0.0031
-0.0001, 29.9992, 0.0029
-0.0001, 29.9991, 0.0032
-0.0001, 29.9992, 0.0033
-0.0001, 29.9993, 0.0033
-0.0002, 29.9989, 0.0035
-0.0001, 29.9991, 0.0029
-0.0001, 29.9991, 0.0033
-0.0000, 29.9991, 0.0031
0.0000, 29.9991, 0.0031
-0.0001, 29.9988, 0.0032
-0.0001, 29.9992, 0.0033
-0.0000, 29.9987, 0.0035
-0.0001, 29.9988, 0.0033
-0.0001, 29.9990, 0.0030
0.0000, 29.9989, 0.0035
0.0000, 29.9989, 0.0032
-0.0000, 29.9985, 0.0030
-0.0001, 29.9991, 0.0037
-0.0001, 29.9985, 0.0034
0.0001, 29.9990, 0.0034
-0.0001, 29.9990, 0.0036
-0.0001, 29.9990, 0.0028
-0.0001, 29.9987, 0.0030
0.0000, 29.9986, 0.0033
0.0000, 29.9988, 0.0032
-0.0000, 29.9985, 0.0037
-0.0001, 29.9989, 0.0030
0.0000, 29.9985, 0.0031
-0.0001, 29.9981, 0.0035
-0.0002, 29.9985, 0.0027
-0.0002, 29.9983, 0.0032
-0.0002, 29.9982, 0.0031
-0.0001, 29.9985, 0.0029
-0.0001, 29.9984, 0.0035
-0.0000, 29.9985, 0.0031
-0.0001, 29.9990, 0.0034
-0.0001, 29.9981, 0.0039
-0.0001, 29.9988, 0.0034
-0.0001, 29.9983, 0.0031
-0.0001, 29.9984, 0.0031
-0.0001, 29.9987, 0.0034
-0.0002, 29.9981, 0.0035
-0.0002, 29.9983, 0.0033
-0.0002, 29.9985, 0.0034
-0.0001, 29.9981, 0.0031
-0.0001, 29.9983, 0.0031
-0.0002, 29.9980, 0.0034
-0.0002, 29.9978, 0.0030
-0.0000, 29.9979, 0.0033
-0.0001, 29.9980, 0.0033
-0.0001, 29.9981, 0.0032
-0.0001, 29.9979, 0.0034
-0.0001, 29.9981, 0.0035
0.0000, 29.9982, 0.0032
0.0000, 29.9979, 0.0033
-0.0001, 29.9981, 0.0028
-0.0002, 29.9976, 0.0031
-0.0000, 29.9977, 0.0033
-0.0001, 29.9978, 0.0029
-0.0000, 29.9978, 0.0033
-0.0001, 29.9978, 0.0034
-0.0000, 29.9978, 0.0029
-0.0001, 29.9982, 0.0032
-0.0002, 29.9977, 0.0031
-0.0001, 29.9978, 0.0034
-0.0000, 29.9977, 0.0033
-0.0000, 29.9975, 0.0034
-0.0001, 29.9978, 0.0034
-0.0002, 29.9976, 0.0034
-0.0002, 29.9978, 0.0031
-0.0002, 29.9977, 0.0036
-0.0000, 29.9976, 0.0028
-0.0002, 29.9978, 0.0032
-0.0002, 29.9974, 0.0030
-0.0000, 29.9975, 0.0031
0.0000, 29.9977, 0.0036
0.0000, 29.9975, 0.0031
-0.0002, 29.9971, 0.0033
-0.0002, 29.9972, 0.0033
-0.0001, 29.9974, 0.0033
-0.0001, 29.9971, 0.0034
-0.0002, 29.9975, 0.0027
-0.0001, 29.9974, 0.0032
-0.0002, 29.9972, 0.0036
-0.0001, 29.9972, 0.0031
-0.0001, 29.9971, 0.0034
-0.0001, 29.9971, 0.0032
-0.0001, 29.9971, 0.0032
0.0001, 29.9973, 0.0033
-0.0002, 29.9970, 0.0030
-0.0001, 29.9969, 0.0033
-0.0002, 29.9972, 0.0034
-0.0001, 29.9969, 0.0031
-0.0001, 29.9972, 0.0033
-0.0001, 29.9970, 0.0035
-0.0000, 29.9970, 0.0032
-0.0001, 29.9972, 0.0032
-0.0001, 29.9966, 0.0032
-0.0002, 29.9965, 0.0030
-0.0002, 29.9968, 0.0032
-0.0003, 29.9967, 0.0031
-0.0000, 29.9968, 0.0038
-0.0000, 29.9969, 0.0037
-0.0001, 29.9964, 0.0030
-0.0002, 29.9964, 0.0037
-0.0001, 29.9964, 0.0032
-0.0001, 29.9968, 0.0031
-0.0000, 29.9966, 0.0036
0.0000, 29.9964, 0.0032
-0.0002, 29.9961, 0.0032
-0.0002, 29.9962, 0.0035
-0.0001, 29.9959, 0.0033
-0.0001, 29.9959, 0.0029
-0.0000, 29.9960, 0.0032
-0.0003, 29.9960, 0.0029
-0.0002, 29.9959, 0.0032
-0.0002, 29.9960, 0.0032
-0.0002, 29.9962, 0.0034
-0.0001, 29.9961, 0.0037
-0.0003, 29.9955, 0.0030
-0.0001, 29.9960, 0.0034
-0.0002, 29.9958, 0.0033
-0.0001, 29.9955, 0.0032
-0.0003, 29.9954, 0.0034
-0.0001, 29.9950, 0.0031
-0.0002, 29.9953, 0.0032
-0.0004, 29.9951, 0.0031
-0.0003, 29.9952, 0.0032
-0.0002, 29.9951, 0.0036
-0.0002, 29.9950, 0.0032
-0.0003, 29.9950, 0.0033
-0.0002, 29.9950, 0.0033
-0.0002, 29.9946, 0.0031
-0.0002, 29.9945, 0.0033
-0.0002, 29.9943, 0.0031
-0.0001, 29.9942, 0.0031
-0.0002, 29.9939, 0.0034
-0.0002, 29.9937, 0.0031
-0.0003, 29.9934, 0.0031
-0.0004, 29.9931, 0.0034
-0.0004, 29.9932, 0.0034
-0.0004, 29.9923, 0.0032
-0.0004, 29.9917, 0.0031
-0.0003, 29.9912, 0.0034
-0.0005, 29.9898, 0.0033
-0.0007, 29.9883, 0.0031
-0.0008, 29.9866, 0.0030
-0.0010, 29.9847, 0.0035
-0.0011, 29.9827, 0.0030
-0.0010, 29.9812, 0.0033
-0.0011, 29.9790, 0.0037
-0.0012, 29.9772, 0.0038
-0.0010, 29.9753, 0.0035
-0.0011, 29.9739, 0.0033
-0.0012, 29.9723, 0.0037
-0.0014, 29.9705, 0.0031
-0.0015, 29.9688, 0.0035
-0.0017, 29.9677, 0.0034
-0.0018, 29.9660, 0.0034
-0.0017, 29.9647, 0.0037
-0.0017, 29.9633, 0.0037
-0.0019, 29.9617, 0.0034
-0.0019, 29.9605, 0.0037
-0.0018, 29.9591, 0.0033
-0.0020, 29.9577, 0.0035
-0.0021, 29.9567, 0.0036
-0.0022, 29.9552, 0.0033
-0.0022, 29.9549, 0.0035
-0.0022, 29.9535, 0.0033
-0.0023, 29.9526, 0.0030
-0.0024, 29.9514, 0.0034
-0.0025, 29.9510, 0.0030
-0.0026, 29.9496, 0.0037
-0.0026, 29.9492, 0.0037
-0.0027, 29.9478, 0.0031
-0.0026, 29.9470, 0.0031
-0.0027, 29.9463, 0.0032
-0.0028, 29.9450, 0.0030
-0.0027, 29.9447, 0.0038
-0.0029, 29.9441, 0.0032
-0.0029, 29.9433, 0.0034
-0.0029, 29.9425, 0.0031
-0.0029, 29.9420, 0.0033
-0.0030, 29.9415, 0.0034
-0.0032, 29.9410, 0.0031
-0.0031, 29.9402, 0.0025
-0.0030, 29.9401, 0.0032
-0.0031, 29.9399, 0.0035
-0.0031, 29.9393, 0.0037
-0.0031, 29.9388, 0.0037
-0.0032, 29.9386, 0.0035
-0.0031, 29.9382, 0.0035
-0.0031, 29.9380, 0.0035
-0.0033, 29.9377, 0.0030
-0.0033, 29.9372, 0.0038
-0.0032, 29.9372, 0.0036
-0.0033, 29.9367, 0.0033
-0.0033, 29.9360, 0.0034
-0.0033, 29.9363, 0.0029
-0.0033, 29.9358, 0.0035
-0.0033, 29.9358, 0.0030
-0.0033, 29.9357, 0.0031
-0.0034, 29.9353, 0.0034
-0.0033, 29.9351, 0.0033
-0.0034, 29.9349, 0.0036
-0.0032, 29.9345, 0.0035
-0.0034, 29.9342, 0.0036
-0.0034, 29.9342, 0.0036
-0.0034, 29.9338, 0.0035
-0.0034, 29.9338, 0.0034
-0.0034, 29.9338, 0.0034
-0.0034, 29.9337, 0.0032
-0.0034, 29.9332, 0.0036
-0.0032, 29.9333, 0.0036
-0.0034, 29.9336, 0.0033
-0.0034, 29.9330, 0.0032
-0.0034, 29.9330, 0.0034
-0.0035, 29.9326, 0.0031
-0.0036, 29.9324, 0.0036
-0.0035, 29.9324, 0.0033
-0.0035, 29.9319, 0.0034
-0.0035, 29.9319, 0.0036
-0.0035, 29.9317, 0.0030
-0.0035, 29.9320, 0.0036
-0.0035, 29.9315, 0.0036
-0.0035, 29.9311, 0.0037
-0.0036, 29.9310, 0.0034
-0.0037, 29.9311, 0.0037
-0.0035, 29.9307, 0.0035
-0.0037, 29.9304, 0.0036
-0.0037, 29.9298, 0.0033
-0.0036, 29.9301, 0.0036
-0.0037, 29.9299, 0.0035
-0.0037, 29.9293, 0.0033
-0.0036, 29.9290, 0.0036
-0.0036, 29.9286, 0.0036
-0.0036, 29.9281, 0.0036
-0.0037, 29.9282, 0.0036
-0.0037, 29.9277, 0.0034
-0.0038, 29.9271, 0.0037
-0.0038, 29.9269, 0.0028
-0.0038, 29.9263, 0.0028
-0.0038, 29.9262, 0.0037
-0.0038, 29.9256, 0.0030
-0.0038, 29.9259, 0.0034
-0.0038, 29.9251, 0.0036
-0.0037, 29.9248, 0.0034
-0.0037, 29.9242, 0.0031
-0.0039, 29.9238, 0.0036
-0.0040, 29.9236, 0.0033
-0.0041, 29.9228, 0.0033
-0.0039, 29.9224, 0.0036
-0.0040, 29.9217, 0.0032
-0.0040, 29.9219, 0.0037
-0.0041, 29.9211, 0.0030
-0.0041, 29.9205, 0.0034
-0.0041, 29.9197, 0.0032
-0.0042, 29.9194, 0.0030
-0.0042, 29.9191, 0.0037
-0.0042, 29.9183, 0.0031
-0.0044, 29.9176, 0.0029
-0.0043, 29.9173, 0.0032
-0.0044, 29.9162, 0.0030
-0.0045, 29.9155, 0.0032
-0.0044, 29.9151, 0.0035
-0.0045, 29.9146, 0.0034
-0.0044, 29.9140, 0.0033
-0.0044, 29.9137, 0.0029
-0.0043, 29.9133, 0.0034
-0.0045, 29.9128, 0.0037
-0.0045, 29.9119, 0.0030
-0.0046, 29.9118, 0.0031
-0.0045, 29.9107, 0.0033
-0.0045, 29.9103, 0.0032
-0.0045, 29.9099, 0.0038
-0.0044, 29.9096, 0.0038
-0.0047, 29.9088, 0.0034
-0.0047, 29.9080, 0.0036
-0.0048, 29.9078, 0.0033
-0.0049, 29.9067, 0.0032
-0.0050, 29.9063, 0.0035
-0.0050, 29.9056, 0.0034
-0.0051, 29.9049, 0.0036
-0.0050, 29.9042, 0.0031
-0.0051, 29.9035, 0.0032
-0.0051, 29.9033, 0.0035
-0.0051, 29.9026, 0.0033
-0.0052, 29.9019, 0.0034
-0.0052, 29.9015, 0.0033
-0.0051, 29.9006, 0.0033
-0.0053, 29.8998, 0.0035
-0.0053, 29.8995, 0.0033
-0.0054, 29.8984, 0.0032
-0.0055, 29.8979, 0.0036
-0.0055, 29.8971, 0.0031
-0.0054, 29.8964, 0.0037
-0.0055, 29.8961, 0.0033
-0.0054, 29.8957, 0.0033
-0.0056, 29.8948, 0.0034
-0.0055, 29.8942, 0.0038
-0.0055, 29.8936, 0.0035
-0.0056, 29.8926, 0.0036
-0.0056, 29.8924, 0.0038
-0.0057, 29.8919, 0.0035
-0.0058, 29.8913, 0.0034
-0.0056, 29.8908, 0.0032
-0.0056, 29.8907, 0.0041
-0.0058, 29.8900, 0.0037
-0.0059, 29.8889, 0.0031
-0.0059, 29.8890, 0.0033
-0.0057, 29.8886, 0.0034
-0.0058, 29.8876, 0.0036
-0.0058, 29.8873, 0.0034
-0.0058, 29.8865, 0.0033
-0.0058, 29.8860, 0.0035
-0.0058, 29.8853, 0.0036
-0.0061, 29.8847, 0.0028
-0.0060, 29.8842, 0.0032
-0.0059, 29.8836, 0.0034
-0.0060, 29.8830, 0.0032
-0.0060, 29.8827, 0.0032
-0.0060, 29.8822, 0.0035
-0.0061, 29.8815, 0.0032
-0.0062, 29.8808, 0.0038
-0.0064, 29.8802, 0.0031
-0.0064, 29.8797, 0.0030
-0.0063, 29.8791, 0.0035
-0.0064, 29.8785, 0.0033
-0.0064, 29.8779, 0.0033
-0.0064, 29.8769, 0.0035
-0.0064, 29.8762, 0.0033
-0.0066, 29.8757, 0.0036
-0.0066, 29.8752, 0.0035
-0.0067, 29.8742, 0.0031
-0.0067, 29.8739, 0.0028
-0.0068, 29.8729, 0.0036
-0.0068, 29.8723, 0.0031
-0.0069, 29.8714, 0.0033
-0.0068, 29.8708, 0.0033
-0.0067, 29.8701, 0.0033
-0.0068, 29.8696, 0.0030
-0.0067, 29.8691, 0.0032
-0.0070, 29.8683, 0.0033
-0.0069, 29.8677, 0.0033
-0.0071, 29.8663, 0.0034
-0.0070, 29.8660, 0.0037
-0.0070, 29.8656, 0.0031
-0.0070, 29.8656, 0.0037
-0.0070, 29.8643, 0.0035
-0.0073, 29.8636, 0.0035
-0.0073, 29.8631, 0.0032
-0.0073, 29.8629, 0.0033
-0.0073, 29.8624, 0.0035
-0.0072, 29.8607, 0.0036
-0.0074, 29.8603, 0.0032
-0.0075, 29.8599, 0.0029
-0.0075, 29.8592, 0.0038
-0.0074, 29.8585, 0.0034
-0.0073, 29.8581, 0.0034
-0.0075, 29.8573, 0.0036
-0.0076, 29.8570, 0.0031
-0.0076, 29.8558, 0.0033
-0.0076, 29.8551, 0.0032
-0.0077, 29.8548, 0.0030
-0.0078, 29.8544, 0.0031
-0.0078, 29.8537, 0.0032
-0.0078, 29.8533, 0.0035
-0.0078, 29.8524, 0.0033
-0.0079, 29.8517, 0.0032
-0.0078, 29.8513, 0.0035
-0.0077, 29.8508, 0.0034
-0.0078, 29.8500, 0.0034
-0.0079, 29.8495, 0.0033
-0.0081, 29.8489, 0.0034
-0.0080, 29.8482, 0.0035
-0.0080, 29.8478, 0.0036
-0.0082, 29.8471, 0.0033
-0.0083, 29.8460, 0.0031
-0.0083, 29.8459, 0.0032
-0.0082, 29.8449, 0.0035
-0.0082, 29.8443, 0.0039
-0.0082, 29.8436, 0.0035
-0.0082, 29.8424, 0.0031
-0.0085, 29.8417, 0.0033
-0.0084, 29.8411, 0.0030
-0.0086, 29.8402, 0.0032
-0.0085, 29.8390, 0.0038
-0.0085, 29.8386, 0.0036
-0.0086, 29.8376, 0.0034
-0.0086, 29.8366, 0.0037
-0.0086, 29.8358, 0.0033
-0.0086, 29.8352, 0.0035
-0.0087, 29.8342, 0.0034
-0.0087, 29.8331, 0.0036
-0.0087, 29.8326, 0.0040
-0.0088, 29.8316, 0.0033
-0.0087, 29.8311, 0.0035
-0.0088, 29.8303, 0.0036
-0.0089, 29.8294, 0.0032
-0.0092, 29.8283, 0.0031
-0.0091, 29.8275, 0.0034
-0.0091, 29.8268, 0.0034
-0.0093, 29.8258, 0.0032
-0.0092, 29.8250, 0.0035
-0.0092, 29.8242, 0.0033
-0.0095, 29.8229, 0.0032
-0.0095, 29.8222, 0.0029
-0.0096, 29.8216, 0.0034
-0.0096, 29.8207, 0.0034
-0.0096, 29.8199, 0.0034
-0.0095, 29.8190, 0.0037
-0.0095, 29.8183, 0.0034
-0.0096, 29.8173, 0.0034
-0.0096, 29.8165, 0.0038
-0.0098, 29.8152, 0.0032
-0.0097, 29.8147, 0.0033
-0.0100, 29.8136, 0.0036
-0.0099, 29.8122, 0.0032
-0.0099, 29.8113, 0.0039
-0.0100, 29.8107, 0.0036
-0.0100, 29.8096, 0.0034
-0.0100, 29.8089, 0.0039
-0.0101, 29.8080, 0.0034
-0.0103, 29.8070, 0.0036
-0.0102, 29.8059, 0.0039
-0.0103, 29.8050, 0.0032
-0.0103, 29.8037, 0.0035
-0.0104, 29.8030, 0.0035
-0.0105, 29.8019, 0.0034
-0.0105, 29.8008, 0.0032
-0.0106, 29.7999, 0.0033
-0.0107, 29.7986, 0.0031
-0.0107, 29.7982, 0.0034
-0.0107, 29.7968, 0.0038
-0.0108, 29.7960, 0.0030
-0.0108, 29.7951, 0.0037
-0.0109, 29.7939, 0.0032
-0.0109, 29.7930, 0.0035
-0.0110, 29.7920, 0.0035
-0.0112, 29.7914, 0.0037
-0.0110, 29.7902, 0.0038
-0.0112, 29.7889, 0.0038
-0.0112, 29.7883, 0.0033
-0.0112, 29.7872, 0.0037
-0.0113, 29.7863, 0.0040
-0.0114, 29.7854, 0.0033
-0.0114, 29.7843, 0.0035
-0.0116, 29.7832, 0.0033
-0.0116, 29.7823, 0.0034
-0.0116, 29.7811, 0.0036
-0.0117, 29.7802, 0.0033
-0.0117, 29.7792, 0.0032
-0.0119, 29.7779, 0.0037
-0.0118, 29.7774, 0.0031
-0.0118, 29.7762, 0.0036
-0.0119, 29.7751, 0.0035
-0.0118, 29.7743, 0.0032
-0.0119, 29.7735, 0.0037
-0.0120, 29.7725, 0.0031
-0.0120, 29.7717, 0.0035
-0.0122, 29.7708, 0.0037
-0.0121, 29.7705, 0.0034
-0.0122, 29.7692, 0.0036
-0.0123, 29.7686, 0.0037
-0.0123, 29.7677, 0.0036
-0.0123, 29.7668, 0.0032
-0.0124, 29.7660, 0.0032
-0.0125, 29.7646, 0.0032
-0.0124, 29.7640, 0.0036
-0.0125, 29.7631, 0.0035
-0.0126, 29.7621, 0.0037
-0.0128, 29.7611, 0.0036
-0.0128, 29.7606, 0.0032
-0.0128, 29.7594, 0.0035
-0.0128, 29.7586, 0.0035
-0.0128, 29.7577, 0.0033
-0.0129, 29.7568, 0.0036
-0.0129, 29.7561, 0.0034
-0.0129, 29.7553, 0.0038
-0.0131, 29.7544, 0.0036
-0.0131, 29.7530, 0.0034
-0.0133, 29.7523, 0.0033
-0.0132, 29.7512, 0.0033
-0.0132, 29.7504, 0.0033
-0.0133, 29.7496, 0.0033
-0.0133, 29.7483, 0.0034
-0.0134, 29.7473, 0.0035
-0.0133, 29.7466, 0.0035
-0.0134, 29.7458, 0.0034
-0.0136, 29.7446, 0.0035
-0.0135, 29.7437, 0.0034
-0.0136, 29.7426, 0.0034
-0.0137, 29.7414, 0.0035
-0.0137, 29.7406, 0.0036
-0.0139, 29.7395, 0.0036
-0.0140, 29.7386, 0.0034
-0.0140, 29.7373, 0.0029
-0.0140, 29.7362, 0.0033
-0.0141, 29.7349, 0.0035
-0.0142, 29.7336, 0.0031
-0.0142, 29.7324, 0.0034
-0.0142, 29.7317, 0.0035
-0.0143, 29.7300, 0.0033
-0.0144, 29.7287, 0.0036
-0.0145, 29.7273, 0.0032
-0.0146, 29.7261, 0.0034
-0.0146, 29.7248, 0.0036
-0.0147, 29.7234, 0.0034
-0.0148, 29.7223, 0.0033
-0.0149, 29.7207, 0.0032
-0.0148, 29.7196, 0.0035
-0.0150, 29.7180, 0.0036
-0.0151, 29.7167, 0.0030
-0.0150, 29.7155, 0.0035
-0.0152, 29.7139, 0.0037
-0.0152, 29.7125, 0.0032
-0.0152, 29.7109, 0.0037
-0.0154, 29.7100, 0.0035
-0.0156, 29.7082, 0.0033
-0.0154, 29.7070, 0.0036
-0.0156, 29.7052, 0.0033
-0.0155, 29.7038, 0.0037
-0.0159, 29.7028, 0.0029
-0.0158, 29.7016, 0.0034
-0.0159, 29.6998, 0.0039
-0.0161, 29.6985, 0.0032
-0.0162, 29.6971, 0.0039
-0.0162, 29.6960, 0.0038
-0.0161, 29.6944, 0.0030
-0.0161, 29.6933, 0.0033
-0.0164, 29.6915, 0.0032
-0.0163, 29.6905, 0.0031
-0.0165, 29.6894, 0.0038
-0.0165, 29.6882, 0.0032
-0.0167, 29.6868, 0.0031
-0.0167, 29.6855, 0.0036
-0.0167, 29.6841, 0.0030
-0.0168, 29.6832, 0.0036
-0.0170, 29.6818, 0.0031
-0.0171, 29.6807, 0.0029
-0.0171, 29.6791, 0.0037
-0.0172, 29.6779, 0.0031
-0.0171, 29.6765, 0.0036
-0.0172, 29.6751, 0.0035
-0.0174, 29.6741, 0.0029
-0.0173, 29.6723, 0.0033
-0.0176, 29.6711, 0.0032
-0.0176, 29.6697, 0.0030
-0.0177, 29.6685, 0.0035
-0.0178, 29.6672, 0.0033
-0.0179, 29.6655, 0.0034
-0.0179, 29.6642, 0.0032
-0.0179, 29.6629, 0.0031
-0.0181, 29.6614, 0.0037
-0.0180, 29.6604, 0.0036
-0.0180, 29.6588, 0.0036
-0.0181, 29.6575, 0.0032
-0.0183, 29.6557, 0.0031
-0.0185, 29.6544, 0.0034
-0.0186, 29.6530, 0.0034
-0.0187, 29.6514, 0.0038
-0.0187, 29.6499, 0.0037
-0.0187, 29.6480, 0.0029
-0.0189, 29.6460, 0.0034
-0.0188, 29.6446, 0.0030
-0.0189, 29.6429, 0.0037
-0.0192, 29.6408, 0.0034
-0.0193, 29.6396, 0.0031
-0.0194, 29.6379, 0.0032
-0.0193, 29.6366, 0.0036
-0.0193, 29.6347, 0.0033
-0.0195, 29.6327, 0.0035
-0.0196, 29.6311, 0.0034
-0.0196, 29.6292, 0.0035
-0.0198, 29.6267, 0.0039
-0.0200, 29.6254, 0.0033
-0.0202, 29.6232, 0.0032
-0.0201, 29.6213, 0.0032
-0.0201, 29.6201, 0.0033
-0.0202, 29.6183, 0.0034
-0.0203, 29.6163, 0.0039
-0.0204, 29.6146, 0.0032
-0.0205, 29.6126, 0.0035
-0.0206, 29.6110, 0.0038
-0.0207, 29.6090, 0.0038
-0.0208, 29.6074, 0.0033
-0.0209, 29.6062, 0.0033
-0.0209, 29.6042, 0.0037
-0.0212, 29.6025, 0.0037
-0.0212, 29.6007, 0.0032
-0.0213, 29.5994, 0.0035
-0.0215, 29.5978, 0.0037
-0.0215, 29.5962, 0.0036
-0.0215, 29.5945, 0.0037
-0.0217, 29.5929, 0.0032
-0.0218, 29.5913, 0.0038
-0.0219, 29.5896, 0.0030
-0.0219, 29.5878, 0.0037
-0.0221, 29.5859, 0.0034
-0.0223, 29.5845, 0.0033
-0.0224, 29.5823, 0.0036
-0.0223, 29.5808, 0.0038
-0.0226, 29.5790, 0.0031
-0.0225, 29.5773, 0.0036
-0.0225, 29.5758, 0.0028
-0.0225, 29.5743, 0.0033
-0.0228, 29.5724, 0.0037
-0.0229, 29.5708, 0.0034
-0.0229, 29.5693, 0.0035
-0.0231, 29.5677, 0.0035
-0.0232, 29.5661, 0.0030
-0.0233, 29.5641, 0.0037
-0.0233, 29.5626, 0.0031
-0.0234, 29.5609, 0.0032
-0.0234, 29.5592, 0.0037
-0.0236, 29.5572, 0.0034
-0.0236, 29.5558, 0.0036
-0.0237, 29.5537, 0.0034
-0.0238, 29.5521, 0.0030
-0.0238, 29.5510, 0.0036
-0.0239, 29.5490, 0.0029
-0.0240, 29.5473, 0.0035
-0.0242, 29.5457, 0.0037
-0.0244, 29.5440, 0.0029
-0.0244, 29.5421, 0.0036
-0.0245, 29.5407, 0.0030
-0.0246, 29.5388, 0.0037
-0.0247, 29.5369, 0.0032
-0.0247, 29.5350, 0.0033
-0.0248, 29.5340, 0.0031
-0.0248, 29.5319, 0.0034
-0.0250, 29.5300, 0.0032
-0.0252, 29.5286, 0.0035
-0.0251, 29.5275, 0.0038
-0.0252, 29.5257, 0.0035
-0.0253, 29.5244, 0.0033
-0.0254, 29.5230, 0.0033
-0.0255, 29.5215, 0.0035
-0.0256, 29.5200, 0.0035
-0.0256, 29.5186, 0.0031
-0.0258, 29.5173, 0.0034
-0.0258, 29.5160, 0.0039
-0.0258, 29.5147, 0.0034
-0.0260, 29.5134, 0.0032
-0.0260, 29.5119, 0.0033
-0.0261, 29.5110, 0.0029
-0.0262, 29.5095, 0.0033
-0.0262, 29.5084, 0.0032
-0.0263, 29.5070, 0.0034
-0.0263, 29.5058, 0.0038
-0.0262, 29.5048, 0.0033
-0.0264, 29.5037, 0.0037
-0.0265, 29.5026, 0.0034
-0.0266, 29.5013, 0.0035
-0.0267, 29.5001, 0.0031
-0.0267, 29.4993, 0.0036
-0.0268, 29.4980, 0.0035
-0.0268, 29.4972, 0.0037
-0.0268, 29.4963, 0.0032
-0.0269, 29.4951, 0.0035
-0.0270, 29.4941, 0.0034
-0.0269, 29.4931, 0.0031
-0.0271, 29.4920, 0.0031
-0.0269, 29.4917, 0.0034
-0.0271, 29.4907, 0.0035
-0.0273, 29.4894, 0.0028
-0.0273, 29.4887, 0.0035
-0.0274, 29.4881, 0.0035
-0.0273, 29.4873, 0.0032
-0.0275, 29.4864, 0.0029
-0.0274, 29.4859, 0.0032
-0.0275, 29.4850, 0.0029
-0.0274, 29.4842, 0.0034
-0.0274, 29.4833, 0.0032
-0.0275, 29.4826, 0.0033
-0.0276, 29.4819, 0.0034
-0.0275, 29.4812, 0.0033
-0.0275, 29.4808, 0.0037
-0.0277, 29.4801, 0.0035
-0.0278, 29.4792, 0.0031
-0.0277, 29.4788, 0.0037
-0.0278, 29.4780, 0.0035
-0.0278, 29.4775, 0.0034
-0.0278, 29.4765, 0.0035
-0.0280, 29.4754, 0.0034
-0.0281, 29.4746, 0.0030
-0.0280, 29.4735, 0.0035
-0.0280, 29.4727, 0.0028
-0.0282, 29.4713, 0.0031
-0.0281, 29.4704, 0.0035
-0.0281, 29.4690, 0.0033
-0.0282, 29.4678, 0.0034
-0.0283, 29.4666, 0.0033
-0.0283, 29.4653, 0.0035
-0.0285, 29.4648, 0.0036
-0.0287, 29.4633, 0.0032
-0.0285, 29.4624, 0.0034
-0.0286, 29.4611, 0.0036
-0.0286, 29.4596, 0.0032
-0.0287, 29.4588, 0.0032
-0.0288, 29.4576, 0.0032
-0.0288, 29.4565, 0.0031
-0.0289, 29.4556, 0.0037
-0.0289, 29.4544, 0.0029
-0.0290, 29.4533, 0.0033
-0.0290, 29.4524, 0.0031
-0.0291, 29.4514, 0.0035
-0.0292, 29.4507, 0.0039
-0.0292, 29.4494, 0.0036
-0.0292, 29.4489, 0.0032
-0.0293, 29.4478, 0.0033
-0.0294, 29.4472, 0.0030
-0.0294, 29.4460, 0.0031
-0.0294, 29.4453, 0.0035
-0.0296, 29.4447, 0.0031
-0.0296, 29.4440, 0.0032
-0.0296, 29.4426, 0.0036
-0.0296, 29.4419, 0.0028
-0.0296, 29.4409, 0.0038
-0.0298, 29.4399, 0.0032
-0.0298, 29.4391, 0.0032
-0.0299, 29.4383, 0.0039
-0.0300, 29.4371, 0.0037
-0.0300, 29.4364, 0.0031
-0.0300, 29.4357, 0.0037
-0.0300, 29.4353, 0.0026
-0.0301, 29.4341, 0.0032
-0.0301, 29.4332, 0.0035
-0.0302, 29.4325, 0.0029
-0.0301, 29.4317, 0.0036
-0.0302, 29.4310, 0.0036
-0.0303, 29.4299, 0.0038
-0.0303, 29.4292, 0.0037
-0.0304, 29.4284, 0.0035
-0.0303, 29.4281, 0.0036
-0.0304, 29.4274, 0.0033
-0.0304, 29.4266, 0.0035
-0.0305, 29.4259, 0.0041
-0.0305, 29.4254, 0.0034
-0.0306, 29.4247, 0.0035
-0.0306, 29.4239, 0.0039
-0.0307, 29.4228, 0.0031
-0.0306, 29.4227, 0.0038
-0.0305, 29.4214, 0.0036
-0.0307, 29.4214, 0.0034
-0.0306, 29.4201, 0.0037
-0.0307, 29.4199, 0.0038
-0.0308, 29.4192, 0.0037
-0.0309, 29.4183, 0.0034
-0.0310, 29.4179, 0.0032
-0.0310, 29.4171, 0.0034
-0.0311, 29.4163, 0.0036
-0.0309, 29.4154, 0.0034
-0.0311, 29.4151, 0.0036
-0.0312, 29.4137, 0.0037
-0.0311, 29.4129, 0.0033
-0.0312, 29.4124, 0.0036
-0.0311, 29.4116, 0.0034
-0.0312, 29.4108, 0.0032
-0.0311, 29.4099, 0.0038
-0.0312, 29.4093, 0.0033
-0.0312, 29.4091, 0.0035
-0.0312, 29.4082, 0.0037
-0.0315, 29.4074, 0.0031
-0.0314, 29.4066, 0.0033
-0.0313, 29.4059, 0.0034
-0.0314, 29.4051, 0.0032
-0.0314, 29.4041, 0.0038
-0.0315, 29.4035, 0.0029
-0.0315, 29.4030, 0.0035
-0.0315, 29.4022, 0.0038
-0.0316, 29.4015, 0.0035
-0.0317, 29.4006, 0.0035
-0.0317, 29.3997, 0.0034
-0.0318, 29.3992, 0.0029
-0.0320, 29.3980, 0.0036
-0.0320, 29.3969, 0.0036
-0.0319, 29.3962, 0.0036
-0.0320, 29.3950, 0.0038
-0.0320, 29.3946, 0.0035
-0.0319, 29.3936, 0.0037
-0.0319, 29.3930, 0.0036
-0.0320, 29.3921, 0.0035
-0.0322, 29.3907, 0.0033
-0.0322, 29.3900, 0.0039
-0.0323, 29.3890, 0.0033
-0.0323, 29.3884, 0.0037
-0.0323, 29.3875, 0.0034
-0.0324, 29.3869, 0.0035
-0.0325, 29.3859, 0.0038
-0.0325, 29.3851, 0.0033
-0.0327, 29.3844, 0.0032
-0.0326, 29.3837, 0.0040
-0.0327, 29.3827, 0.0031
-0.0326, 29.3818, 0.0035
-0.0327, 29.3810, 0.0031
-0.0327, 29.3803, 0.0035
-0.0329, 29.3794, 0.0037
-0.0329, 29.3784, 0.0034
-0.0329, 29.3776, 0.0035
-0.0330, 29.3769, 0.0037
-0.0329, 29.3758, 0.0035
-0.0329, 29.3745, 0.0038
-0.0331, 29.3739, 0.0037
-0.0331, 29.3730, 0.0039
-0.0332, 29.3714, 0.0034
-0.0332, 29.3710, 0.0031
-0.0333, 29.3700, 0.0037
-0.0333, 29.3691, 0.0033
-0.0332, 29.3685, 0.0035
-0.0334, 29.3676, 0.0034
-0.0334, 29.3665, 0.0034
-0.0334, 29.3659, 0.0035
-0.0334, 29.3648, 0.0038
-0.0336, 29.3635, 0.0031
-0.0338, 29.3627, 0.0035
-0.0337, 29.3619, 0.0036
-0.0336, 29.3609, 0.0035
-0.0337, 29.3595, 0.0038
-0.0338, 29.3587, 0.0032
-0.0339, 29.3579, 0.0035
-0.0339, 29.3573, 0.0032
-0.0340, 29.3561, 0.0033
-0.0339, 29.3554, 0.0039
-0.0339, 29.3547, 0.0040
-0.0341, 29.3542, 0.0033
-0.0341, 29.3531, 0.0033
-0.0341, 29.3524, 0.0034
-0.0342, 29.3512, 0.0034
-0.0342, 29.3508, 0.0037
-0.0342, 29.3504, 0.0036
-0.0342, 29.3496, 0.0038
-0.0343, 29.3489, 0.0038
-0.0343, 29.3479, 0.0031
-0.0343, 29.3471, 0.0034
-0.0344, 29.3465, 0.0035
-0.0345, 29.3454, 0.0034
-0.0345, 29.3447, 0.0036
-0.0346, 29.3438, 0.0038
-0.0346, 29.3428, 0.0034
-0.0346, 29.3423, 0.0038
-0.0347, 29.3408, 0.0033
-0.0347, 29.3404, 0.0035
-0.0348, 29.3390, 0.0034
-0.0348, 29.3381, 0.0035
-0.0348, 29.3375, 0.0036
-0.0350, 29.3363, 0.0040
-0.0351, 29.3354, 0.0037
-0.0350, 29.3347, 0.0040
-0.0351, 29.3336, 0.0036
-0.0351, 29.3325, 0.0041
-0.0352, 29.3316, 0.0035
-0.0353, 29.3307, 0.0035
-0.0352, 29.3297, 0.0039
-0.0353, 29.3291, 0.0035
-0.0352, 29.3277, 0.0037
-0.0354, 29.3265, 0.0039
-0.0355, 29.3259, 0.0031
-0.0355, 29.3248, 0.0034
-0.0357, 29.3237, 0.0039
-0.0356, 29.3226, 0.0038
-0.0355, 29.3218, 0.0037
-0.0357, 29.3205, 0.0038
-0.0359, 29.3197, 0.0034
-0.0357, 29.3186, 0.0039
-0.0359, 29.3176, 0.0035
-0.0360, 29.3169, 0.0033
-0.0360, 29.3153, 0.0037
-0.0360, 29.3146, 0.0038
-0.0360, 29.3138, 0.0036
-0.0363, 29.3127, 0.0039
-0.0362, 29.3117, 0.0038
-0.0361, 29.3108, 0.0039
-0.0362, 29.3095, 0.0034
-0.0363, 29.3088, 0.0039
-0.0363, 29.3074, 0.0039
-0.0363, 29.3069, 0.0036
-0.0364, 29.3059, 0.0039
-0.0364, 29.3051, 0.0036
-0.0365, 29.3040, 0.0040
-0.0365, 29.3034, 0.0036
-0.0366, 29.3022, 0.0035
-0.0367, 29.3013, 0.0035
-0.0369, 29.3005, 0.0035
-0.0368, 29.2992, 0.0034
-0.0368, 29.2982, 0.0035
-0.0369, 29.2969, 0.0037
-0.0369, 29.2959, 0.0033
-0.0369, 29.2952, 0.0040
-0.0371, 29.2938, 0.0034
-0.0371, 29.2927, 0.0035
-0.0371, 29.2917, 0.0037
-0.0372, 29.2908, 0.0037
-0.0373, 29.2893, 0.0038
-0.0374, 29.2881, 0.0036
-0.0375, 29.2868, 0.0037
-0.0375, 29.2860, 0.0040
-0.0375, 29.2850, 0.0033
-0.0374, 29.2839, 0.0034
-0.0376, 29.2827, 0.0036
-0.0377, 29.2817, 0.0035
-0.0376, 29.2807, 0.0039
-0.0377, 29.2796, 0.0038
-0.0379, 29.2782, 0.0035
-0.0380, 29.2771, 0.0038
-0.0380, 29.2763, 0.0038
-0.0381, 29.2752, 0.0036
-0.0381, 29.2741, 0.0035
-0.0382, 29.2725, 0.0038
-0.0383, 29.2711, 0.0037
-0.0383, 29.2701, 0.0037
-0.0384, 29.2691, 0.0036
-0.0384, 29.2676, 0.0037
-0.0385, 29.2666, 0.0035
-0.0385, 29.2655, 0.0040
-0.0386, 29.2641, 0.0040
-0.0388, 29.2625, 0.0036
-0.0389, 29.2611, 0.0035
-0.0389, 29.2597, 0.0041
-0.0388, 29.2586, 0.0036
-0.0388, 29.2571, 0.0035
-0.0389, 29.2561, 0.0041
-0.0392, 29.2544, 0.0034
-0.0393, 29.2531, 0.0037
-0.0391, 29.2517, 0.0042
-0.0393, 29.2505, 0.0033
-0.0393, 29.2492, 0.0038
-0.0393, 29.2480, 0.0037
-0.0394, 29.2468, 0.0037
-0.0395, 29.2452, 0.0040
-0.0396, 29.2436, 0.0035
-0.0397, 29.2418, 0.0035
-0.0398, 29.2404, 0.0042
-0.0398, 29.2392, 0.0036
-0.0399, 29.2379, 0.0039
-0.0398, 29.2366, 0.0040
-0.0400, 29.2351, 0.0035
-0.0400, 29.2337, 0.0042
-0.0401, 29.2324, 0.0042
-0.0400, 29.2312, 0.0037
-0.0403, 29.2295, 0.0043
-0.0402, 29.2282, 0.0041
-0.0402, 29.2271, 0.0037
-0.0405, 29.2258, 0.0036
-0.0404, 29.2246, 0.0036
-0.0406, 29.2235, 0.0038
-0.0407, 29.2222, 0.0038
-0.0408, 29.2208, 0.0032
-0.0408, 29.2192, 0.0037
-0.0408, 29.2182, 0.0036
-0.0411, 29.2165, 0.0036
-0.0411, 29.2152, 0.0034
-0.0412, 29.2136, 0.0036
-0.0412, 29.2125, 0.0039
-0.0413, 29.2110, 0.0040
-0.0414, 29.2095, 0.0037
-0.0414, 29.2079, 0.0039
-0.0414, 29.2067, 0.0036
-0.0415, 29.2054, 0.0035
-0.0415, 29.2040, 0.0040
-0.0416, 29.2031, 0.0039
-0.0416, 29.2010, 0.0043
-0.0417, 29.1999, 0.0037
-0.0419, 29.1982, 0.0034
-0.0421, 29.1968, 0.0037
-0.0421, 29.1952, 0.0034
-0.0422, 29.1935, 0.0034
-0.0422, 29.1918, 0.0041
-0.0422, 29.1900, 0.0039
-0.0424, 29.1888, 0.0040
-0.0423, 29.1873, 0.0041
-0.0425, 29.1855, 0.0038
-0.0426, 29.1839, 0.0040
-0.0427, 29.1821, 0.0039
-0.0428, 29.1805, 0.0036
-0.0429, 29.1790, 0.0040
-0.0429, 29.1770, 0.0040
-0.0431, 29.1753, 0.0041
-0.0432, 29.1739, 0.0040
-0.0432, 29.1718, 0.0040
-0.0433, 29.1701, 0.0042
-0.0434, 29.1684, 0.0038
-0.0435, 29.1667, 0.0037
-0.0436, 29.1647, 0.0037
-0.0437, 29.1627, 0.0038
-0.0436, 29.1613, 0.0041
-0.0437, 29.1595, 0.0038
-0.0440, 29.1577, 0.0035
-0.0441, 29.1561, 0.0039
-0.0440, 29.1545, 0.0039
-0.0443, 29.1524, 0.0039
-0.0445, 29.1504, 0.0041
-0.0445, 29.1487, 0.0038
-0.0446, 29.1469, 0.0040
-0.0447, 29.1449, 0.0041
-0.0449, 29.1425, 0.0037
-0.0449, 29.1405, 0.0038
-0.0449, 29.1389, 0.0039
-0.0450, 29.1372, 0.0038
-0.0451, 29.1354, 0.0040
-0.0453, 29.1335, 0.0039
-0.0453, 29.1314, 0.0038
-0.0454, 29.1295, 0.0043
-0.0455, 29.1275, 0.0037
-0.0456, 29.1261, 0.0040
-0.0457, 29.1241, 0.0037
-0.0458, 29.1224, 0.0037
-0.0458, 29.1209, 0.0039
-0.0459, 29.1192, 0.0043
-0.0460, 29.1176, 0.0041
-0.0461, 29.1158, 0.0043
-0.0462, 29.1139, 0.0038
-0.0462, 29.1123, 0.0035
-0.0465, 29.1106, 0.0039
-0.0465, 29.1083, 0.0034
-0.0466, 29.1068, 0.0040
-0.0467, 29.1051, 0.0038
-0.0467, 29.1035, 0.0040
-0.0468, 29.1013, 0.0043
-0.0470, 29.0994, 0.0038
-0.0470, 29.0975, 0.0038
-0.0472, 29.0956, 0.0038
-0.0473, 29.0942, 0.0036
-0.0473, 29.0923, 0.0041
-0.0475, 29.0906, 0.0038
-0.0476, 29.0885, 0.0036
-0.0476, 29.0872, 0.0041
-0.0477, 29.0861, 0.0036
-0.0478, 29.0839, 0.0041
-0.0479, 29.0825, 0.0038
-0.0479, 29.0806, 0.0037
-0.0479, 29.0791, 0.0045
-0.0479, 29.0773, 0.0041
-0.0481, 29.0755, 0.0038
-0.0484, 29.0741, 0.0038
-0.0483, 29.0725, 0.0037
-0.0485, 29.0708, 0.0037
-0.0485, 29.0687, 0.0038
-0.0487, 29.0671, 0.0034
-0.0489, 29.0653, 0.0037
-0.0490, 29.0637, 0.0040
-0.0491, 29.0617, 0.0035
-0.0491, 29.0603, 0.0039
-0.0492, 29.0580, 0.0034
-0.0494, 29.0564, 0.0036
-0.0492, 29.0547, 0.0042
-0.0494, 29.0531, 0.0038
-0.0494, 29.0512, 0.0039
-0.0495, 29.0492, 0.0043
-0.0496, 29.0477, 0.0039
-0.0497, 29.0462, 0.0037
-0.0500, 29.0443, 0.0037
-0.0500, 29.0427, 0.0037
-0.0501, 29.0408, 0.0041
-0.0501, 29.0388, 0.0038
-0.0503, 29.0375, 0.0041
-0.0503, 29.0360, 0.0042
-0.0505, 29.0345, 0.0037
-0.0504, 29.0326, 0.0036
-0.0506, 29.0308, 0.0034
-0.0508, 29.0296, 0.0036
-0.0508, 29.0275, 0.0040
-0.0510, 29.0262, 0.0032
-0.0510, 29.0242, 0.0042
-0.0510, 29.0225, 0.0039
-0.0511, 29.0207, 0.0037
-0.0511, 29.0194, 0.0033
-0.0512, 29.0173, 0.0035
-0.0514, 29.0161, 0.0034
-0.0514, 29.0141, 0.0040
-0.0517, 29.0122, 0.0039
-0.0516, 29.0110, 0.0036
-0.0517, 29.0092, 0.0041
-0.0518, 29.0075, 0.0033
-0.0519, 29.0055, 0.0038
-0.0520, 29.0038, 0.0039
-0.0522, 29.0020, 0.0036
-0.0522, 29.0001, 0.0039
-0.0523, 28.9984, 0.0041
-0.0524, 28.9966, 0.0038
-0.0525, 28.9948, 0.0039
-0.0525, 28.9935, 0.0038
-0.0527, 28.9916, 0.0039
-0.0527, 28.9895, 0.0040
-0.0529, 28.9881, 0.0039
-0.0530, 28.9860, 0.0042
-0.0531, 28.9838, 0.0039
-0.0531, 28.9824, 0.0037
-0.0533, 28.9802, 0.0044
-0.0532, 28.9778, 0.0040
-0.0533, 28.9761, 0.0037
-0.0533, 28.9745, 0.0036
-0.0534, 28.9723, 0.0038
-0.0537, 28.9704, 0.0042
-0.0539, 28.9689, 0.0040
-0.0540, 28.9670, 0.0038
-0.0541, 28.9653, 0.0039
-0.0543, 28.9631, 0.0033
-0.0543, 28.9608, 0.0037
-0.0545, 28.9590, 0.0037
-0.0544, 28.9568, 0.0042
-0.0544, 28.9553, 0.0038
-0.0546, 28.9535, 0.0041
-0.0548, 28.9511, 0.0038
-0.0548, 28.9487, 0.0036
-0.0550, 28.9466, 0.0036
-0.0552, 28.9448, 0.0036
-0.0551, 28.9431, 0.0043
-0.0552, 28.9409, 0.0043
-0.0553, 28.9388, 0.0037
-0.0554, 28.9369, 0.0040
-0.0556, 28.9350, 0.0038
-0.0557, 28.9332, 0.0037
-0.0557, 28.9313, 0.0041
-0.0559, 28.9291, 0.0038
-0.0560, 28.9274, 0.0041
-0.0560, 28.9254, 0.0041
-0.0563, 28.9229, 0.0036
-0.0563, 28.9209, 0.0040
-0.0564, 28.9190, 0.0041
-0.0567, 28.9171, 0.0038
-0.0567, 28.9151, 0.0037
-0.0568, 28.9131, 0.0035
-0.0569, 28.9108, 0.0038
-0.0569, 28.9086, 0.0039
-0.0571, 28.9063, 0.0036
-0.0572, 28.9045, 0.0036
-0.0573, 28.9021, 0.0037
-0.0575, 28.9003, 0.0036
-0.0575, 28.8984, 0.0043
-0.0576, 28.8963, 0.0036
-0.0578, 28.8942, 0.0039
-0.0579, 28.8919, 0.0037
-0.0581, 28.8895, 0.0036
-0.0582, 28.8869, 0.0039
-0.0583, 28.8851, 0.0034
-0.0583, 28.8826, 0.0040
-0.0584, 28.8804, 0.0037
-0.0586, 28.8779, 0.0039
-0.0587, 28.8755, 0.0040
-0.0589, 28.8730, 0.0040
-0.0590, 28.8706, 0.0034
-0.0591, 28.8681, 0.0037
-0.0592, 28.8657, 0.0039
-0.0592, 28.8633, 0.0037
-0.0595, 28.8609, 0.0038
-0.0597, 28.8582, 0.0038
-0.0597, 28.8559, 0.0040
-0.0599, 28.8532, 0.0045
-0.0599, 28.8506, 0.0039
-0.0600, 28.8479, 0.0040
-0.0603, 28.8455, 0.0033
-0.0606, 28.8430, 0.0032
-0.0606, 28.8408, 0.0037
-0.0608, 28.8382, 0.0041
-0.0610, 28.8353, 0.0039
-0.0609, 28.8332, 0.0040
-0.0611, 28.8301, 0.0037
-0.0613, 28.8274, 0.0037
-0.0616, 28.8250, 0.0040
-0.0618, 28.8218, 0.0032
-0.0617, 28.8191, 0.0038
-0.0618, 28.8164, 0.0041
-0.0620, 28.8137, 0.0041
-0.0621, 28.8106, 0.0040
-0.0622, 28.8077, 0.0037
-0.0626, 28.8049, 0.0038
-0.0627, 28.8020, 0.0037
-0.0630, 28.7992, 0.0036
-0.0630, 28.7967, 0.0037
-0.0631, 28.7933, 0.0037
-0.0633, 28.7902, 0.0039
-0.0634, 28.7868, 0.0038
-0.0636, 28.7835, 0.0033
-0.0638, 28.7808, 0.0035
-0.0639, 28.7774, 0.0036
-0.0640, 28.7745, 0.0034
-0.0642, 28.7708, 0.0036
-0.0645, 28.7673, 0.0039
-0.0647, 28.7638, 0.0040
-0.0649, 28.7601, 0.0038
-0.0650, 28.7566, 0.0038
-0.0654, 28.7530, 0.0032
-0.0655, 28.7493, 0.0035
-0.0657, 28.7457, 0.0031
-0.0659, 28.7419, 0.0036
-0.0661, 28.7379, 0.0038
-0.0663, 28.7347, 0.0036
-0.0665, 28.7311, 0.0034
-0.0667, 28.7274, 0.0035
-0.0669, 28.7233, 0.0030
-0.0672, 28.7197, 0.0030
-0.0673, 28.7157, 0.0033
-0.0675, 28.7122, 0.0035
-0.0677, 28.7084, 0.0036
-0.0680, 28.7049, 0.0036
-0.0682, 28.7006, 0.0035
-0.0684, 28.6965, 0.0035
-0.0686, 28.6925, 0.0032
-0.0688, 28.6885, 0.0031
-0.0690, 28.6844, 0.0034
-0.0692, 28.6804, 0.0034
-0.0694, 28.6764, 0.0032
-0.0696, 28.6722, 0.0038
-0.0699, 28.6684, 0.0034
-0.0701, 28.6647, 0.0034
-0.0702, 28.6611, 0.0038
-0.0706, 28.6568, 0.0034
-0.0708, 28.6529, 0.0032
-0.0709, 28.6491, 0.0032
-0.0712, 28.6452, 0.0033
-0.0714, 28.6416, 0.0036
-0.0714, 28.6376, 0.0035
-0.0716, 28.6332, 0.0037
-0.0718, 28.6297, 0.0036
-0.0722, 28.6255, 0.0030
-0.0724, 28.6212, 0.0034
-0.0725, 28.6169, 0.0035
-0.0729, 28.6126, 0.0030
-0.0732, 28.6087, 0.0037
-0.0732, 28.6048, 0.0035
-0.0735, 28.6005, 0.0030
-0.0739, 28.5964, 0.0032
-0.0740, 28.5924, 0.0033
-0.0741, 28.5878, 0.0034
-0.0744, 28.5841, 0.0036
-0.0747, 28.5798, 0.0031
-0.0750, 28.5758, 0.0032
-0.0751, 28.5710, 0.0034
-0.0755, 28.5668, 0.0031
-0.0757, 28.5628, 0.0029
-0.0757, 28.5588, 0.0028
-0.0761, 28.5548, 0.0029
-0.0763, 28.5510, 0.0028
-0.0765, 28.5471, 0.0030
-0.0768, 28.5430, 0.0030
-0.0769, 28.5389, 0.0029
-0.0771, 28.5352, 0.0033
-0.0773, 28.5317, 0.0031
-0.0776, 28.5271, 0.0033
-0.0778, 28.5235, 0.0034
-0.0779, 28.5190, 0.0029
-0.0780, 28.5151, 0.0032
-0.0783, 28.5114, 0.0033
-0.0784, 28.5074, 0.0034
-0.0786, 28.5037, 0.0038
-0.0789, 28.4996, 0.0031
-0.0791, 28.4959, 0.0030
-0.0793, 28.4918, 0.0033
-0.0797, 28.4874, 0.0029
-0.0798, 28.4839, 0.0027
-0.0800, 28.4803, 0.0030
-0.0803, 28.4764, 0.0028
-0.0804, 28.4724, 0.0031
-0.0805, 28.4688, 0.0030
-0.0810, 28.4645, 0.0028
-0.0811, 28.4608, 0.0029
-0.0813, 28.4568, 0.0029
-0.0814, 28.4530, 0.0030
-0.0817, 28.4494, 0.0029
-0.0821, 28.4455, 0.0027
-0.0821, 28.4416, 0.0032
-0.0823, 28.4380, 0.0030
-0.0827, 28.4341, 0.0030
-0.0827, 28.4302, 0.0026
-0.0830, 28.4259, 0.0030
-0.0832, 28.4224, 0.0032
-0.0833, 28.4181, 0.0030
-0.0836, 28.4138, 0.0025
-0.0837, 28.4097, 0.0028
-0.0840, 28.4058, 0.0028
-0.0842, 28.4018, 0.0031
-0.0847, 28.3979, 0.0029
-0.0847, 28.3939, 0.0028
-0.0850, 28.3903, 0.0030
-0.0850, 28.3868, 0.0026
-0.0852, 28.3828, 0.0034
-0.0854, 28.3792, 0.0030
-0.0858, 28.3759, 0.0028
-0.0858, 28.3725, 0.0030
-0.0860, 28.3686, 0.0027
-0.0862, 28.3653, 0.0028
-0.0864, 28.3619, 0.0032
-0.0865, 28.3586, 0.0028
-0.0867, 28.3552, 0.0028
-0.0869, 28.3525, 0.0032
-0.0871, 28.3496, 0.0029
-0.0871, 28.3467, 0.0028
-0.0874, 28.3438, 0.0028
-0.0873, 28.3411, 0.0027
-0.0876, 28.3385, 0.0028
-0.0877, 28.3360, 0.0027
-0.0878, 28.3337, 0.0031
-0.0880, 28.3311, 0.0030
-0.0882, 28.3286, 0.0027
-0.0884, 28.3259, 0.0030
-0.0885, 28.3235, 0.0027
-0.0886, 28.3215, 0.0024
-0.0886, 28.3194, 0.0030
-0.0888, 28.3172, 0.0027
-0.0888, 28.3153, 0.0027
-0.0890, 28.3133, 0.0028
-0.0891, 28.3116, 0.0031
-0.0890, 28.3099, 0.0031
-0.0891, 28.3081, 0.0031
-0.0892, 28.3064, 0.0031
-0.0893, 28.3049, 0.0033
-0.0894, 28.3036, 0.0030
-0.0895, 28.3023, 0.0027
-0.0896, 28.3008, 0.0031
-0.0896, 28.2994, 0.0030
-0.0896, 28.2980, 0.0029
-0.0897, 28.2965, 0.0030
-0.0897, 28.2955, 0.0034
-0.0897, 28.2944, 0.0033
-0.0898, 28.2932, 0.0031
-0.0900, 28.2916, 0.0029
-0.0900, 28.2904, 0.0029
-0.0901, 28.2892, 0.0034
-0.0901, 28.2881, 0.0027
-0.0904, 28.2866, 0.0027
-0.0903, 28.2859, 0.0030
-0.0905, 28.2845, 0.0026
-0.0905, 28.2830, 0.0028
-0.0905, 28.2820, 0.0028
-0.0906, 28.2804, 0.0028
-0.0907, 28.2797, 0.0029
-0.0907, 28.2784, 0.0028
-0.0907, 28.2777, 0.0026
-0.0908, 28.2765, 0.0032
-0.0908, 28.2756, 0.0029
-0.0910, 28.2741, 0.0027
-0.0909, 28.2730, 0.0031
-0.0910, 28.2719, 0.0026
-0.0912, 28.2701, 0.0027
-0.0912, 28.2689, 0.0026
-0.0913, 28.2680, 0.0031
-0.0913, 28.2671, 0.0026
-0.0913, 28.2659, 0.0028
-0.0914, 28.2648, 0.0029
-0.0914, 28.2638, 0.0029
-0.0916, 28.2623, 0.0026
-0.0917, 28.2612, 0.0025
-0.0916, 28.2599, 0.0029
-0.0917, 28.2582, 0.0029
-0.0917, 28.2567, 0.0029
-0.0917, 28.2559, 0.0027
-0.0920, 28.2545, 0.0028
-0.0920, 28.2529, 0.0024
-0.0922, 28.2512, 0.0026
-0.0921, 28.2503, 0.0030
-0.0923, 28.2485, 0.0029
-0.0924, 28.2470, 0.0030
-0.0923, 28.2459, 0.0029
-0.0925, 28.2440, 0.0024
-0.0927, 28.2422, 0.0028
-0.0927, 28.2409, 0.0029
-0.0929, 28.2388, 0.0024
-0.0929, 28.2378, 0.0031
-0.0930, 28.2358, 0.0029
-0.0931, 28.2339, 0.0027
-0.0932, 28.2322, 0.0032
-0.0934, 28.2308, 0.0027
-0.0933, 28.2287, 0.0025
-0.0933, 28.2269, 0.0030
-0.0935, 28.2254, 0.0029
-0.0936, 28.2238, 0.0029
-0.0938, 28.2219, 0.0031
-0.0938, 28.2197, 0.0026
-0.0938, 28.2180, 0.0030
-0.0939, 28.2160, 0.0029
-0.0939, 28.2143, 0.0031
-0.0941, 28.2121, 0.0031
-0.0942, 28.2102, 0.0027
-0.0942, 28.2086, 0.0029
-0.0943, 28.2071, 0.0028
-0.0945, 28.2045, 0.0024
-0.0946, 28.2027, 0.0032
-0.0947, 28.2007, 0.0026
-0.0948, 28.1991, 0.0032
-0.0949, 28.1970, 0.0029
-0.0951, 28.1953, 0.0027
-0.0953, 28.1936, 0.0028
-0.0953, 28.1914, 0.0025
-0.0954, 28.1898, 0.0032
-0.0956, 28.1880, 0.0029
-0.0955, 28.1865, 0.0024
-0.0957, 28.1843, 0.0028
-0.0957, 28.1822, 0.0026
-0.0959, 28.1802, 0.0026
-0.0959, 28.1781, 0.0027
-0.0960, 28.1764, 0.0026
-0.0962, 28.1741, 0.0030
-0.0963, 28.1720, 0.0031
-0.0964, 28.1701, 0.0026
-0.0966, 28.1682, 0.0028
-0.0966, 28.1661, 0.0026
-0.0967, 28.1645, 0.0029
-0.0968, 28.1624, 0.0030
-0.0969, 28.1604, 0.0031
-0.0970, 28.1583, 0.0025
-0.0971, 28.1561, 0.0029
-0.0973, 28.1544, 0.0027
-0.0975, 28.1522, 0.0027
-0.0975, 28.1502, 0.0028
-0.0976, 28.1482, 0.0028
-0.0975, 28.1464, 0.0027
-0.0977, 28.1446, 0.0025
-0.0978, 28.1426, 0.0028
-0.0980, 28.1410, 0.0029
-0.0981, 28.1389, 0.0026
-0.0981, 28.1374, 0.0029
-0.0983, 28.1353, 0.0025
-0.0984, 28.1333, 0.0026
-0.0983, 28.1315, 0.0031
-0.0986, 28.1297, 0.0025
-0.0987, 28.1279, 0.0027
-0.0987, 28.1255, 0.0031
-0.0988, 28.1240, 0.0026
-0.0989, 28.1223, 0.0028
-0.0991, 28.1200, 0.0023
-0.0993, 28.1176, 0.0027
-0.0993, 28.1159, 0.0029
-0.0995, 28.1137, 0.0025
-0.0996, 28.1118, 0.0028
-0.0996, 28.1095, 0.0028
-0.0998, 28.1071, 0.0025
-0.0999, 28.1053, 0.0028
-0.1000, 28.1034, 0.0026
-0.1001, 28.1012, 0.0025
-0.1000, 28.0993, 0.0031
-0.1004, 28.0968, 0.0026
-0.1005, 28.0944, 0.0027
-0.1006, 28.0922, 0.0028
-0.1006, 28.0902, 0.0027
-0.1009, 28.0881, 0.0026
-0.1009, 28.0863, 0.0026
-0.1011, 28.0838, 0.0022
-0.1010, 28.0819, 0.0029
-0.1014, 28.0798, 0.0026
-0.1014, 28.0776, 0.0025
-0.1016, 28.0758, 0.0028
-0.1016, 28.0735, 0.0025
-0.1018, 28.0713, 0.0022
-0.1019, 28.0694, 0.0026
-0.1020, 28.0672, 0.0023
-0.1021, 28.0652, 0.0023
-0.1021, 28.0634, 0.0020
-0.1022, 28.0610, 0.0025
-0.1023, 28.0587, 0.0027
-0.1025, 28.0569, 0.0024
-0.1027, 28.0551, 0.0028
-0.1028, 28.0526, 0.0021
-0.1028, 28.0504, 0.0026
-0.1030, 28.0484, 0.0024
-0.1032, 28.0456, 0.0025
-0.1032, 28.0435, 0.0023
-0.1033, 28.0413, 0.0027
-0.1034, 28.0392, 0.0023
-0.1036, 28.0370, 0.0029
-0.1037, 28.0349, 0.0023
-0.1037, 28.0328, 0.0023
-0.1038, 28.0304, 0.0023
-0.1039, 28.0283, 0.0026
-0.1040, 28.0260, 0.0024
-0.1042, 28.0234, 0.0024
-0.1043, 28.0214, 0.0027
-0.1046, 28.0189, 0.0028
-0.1046, 28.0166, 0.0023
-0.1047, 28.0139, 0.0023
-0.1049, 28.0117, 0.0022
-0.1050, 28.0090, 0.0024
-0.1051, 28.0062, 0.0027
-0.1053, 28.0045, 0.0024
-0.1053, 28.0019, 0.0026
-0.1055, 27.9998, 0.0028
-0.1057, 27.9971, 0.0022
-0.1058, 27.9950, 0.0026
-0.1060, 27.9924, 0.0025
-0.1062, 27.9899, 0.0020
-0.1062, 27.9871, 0.0025
-0.1065, 27.9843, 0.0021
-0.1067, 27.9820, 0.0024
-0.1067, 27.9794, 0.0021
-0.1068, 27.9764, 0.0022
-0.1069, 27.9736, 0.0025
-0.1072, 27.9711, 0.0026
-0.1072, 27.9683, 0.0022
-0.1073, 27.9656, 0.0026
-0.1076, 27.9626, 0.0023
-0.1076, 27.9598, 0.0023
-0.1079, 27.9571, 0.0026
-0.1080, 27.9544, 0.0020
-0.1082, 27.9509, 0.0026
-0.1083, 27.9480, 0.0021
-0.1085, 27.9449, 0.0026
-0.1086, 27.9417, 0.0027
-0.1088, 27.9383, 0.0020
-0.1090, 27.9354, 0.0026
-0.1092, 27.9321, 0.0022
-0.1094, 27.9291, 0.0024
-0.1095, 27.9255, 0.0024
-0.1098, 27.9221, 0.0023
-0.1099, 27.9185, 0.0023
-0.1101, 27.9158, 0.0020
-0.1104, 27.9119, 0.0020
-0.1105, 27.9083, 0.0025
-0.1107, 27.9045, 0.0024
-0.1109, 27.9008, 0.0022
-0.1111, 27.8969, 0.0025
-0.1113, 27.8929, 0.0019
-0.1117, 27.8891, 0.0020
-0.1118, 27.8849, 0.0024
-0.1120, 27.8807, 0.0020
-0.1123, 27.8764, 0.0021
-0.1127, 27.8722, 0.0021
-0.1127, 27.8681, 0.0022
-0.1130, 27.8638, 0.0024
-0.1132, 27.8601, 0.0021
-0.1134, 27.8553, 0.0022
-0.1137, 27.8513, 0.0020
-0.1139, 27.8472, 0.0018
-0.1141, 27.8426, 0.0022
-0.1144, 27.8384, 0.0018
-0.1145, 27.8342, 0.0022
-0.1148, 27.8297, 0.0018
-0.1151, 27.8252, 0.0019
-0.1153, 27.8210, 0.0023
-0.1156, 27.8160, 0.0018
-0.1159, 27.8117, 0.0017
-0.1161, 27.8070, 0.0018
-0.1162, 27.8028, 0.0019
-0.1165, 27.7983, 0.0022
-0.1166, 27.7936, 0.0019
-0.1170, 27.7893, 0.0015
-0.1172, 27.7847, 0.0020
-0.1176, 27.7798, 0.0015
-0.1176, 27.7756, 0.0016
-0.1179, 27.7702, 0.0019
-0.1181, 27.7662, 0.0017
-0.1185, 27.7611, 0.0016
-0.1188, 27.7563, 0.0021
-0.1192, 27.7515, 0.0017
-0.1192, 27.7462, 0.0017
-0.1197, 27.7414, 0.0020
-0.1198, 27.7365, 0.0018
-0.1201, 27.7321, 0.0017
-0.1204, 27.7270, 0.0017
-0.1207, 27.7221, 0.0015
-0.1210, 27.7174, 0.0020
-0.1213, 27.7122, 0.0013
-0.1214, 27.7077, 0.0017
-0.1215, 27.7030, 0.0017
-0.1219, 27.6985, 0.0018
-0.1220, 27.6937, 0.0020
-0.1225, 27.6889, 0.0019
-0.1227, 27.6842, 0.0017
-0.1230, 27.6796, 0.0016
-0.1232, 27.6752, 0.0019
-0.1234, 27.6705, 0.0013
-0.1237, 27.6663, 0.0012
-0.1240, 27.6613, 0.0012
-0.1243, 27.6568, 0.0015
-0.1245, 27.6515, 0.0012
-0.1248, 27.6473, 0.0014
-0.1249, 27.6424, 0.0013
-0.1253, 27.6376, 0.0015
-0.1255, 27.6327, 0.0016
-0.1257, 27.6280, 0.0013
-0.1260, 27.6231, 0.0013
-0.1261, 27.6188, 0.0014
-0.1265, 27.6141, 0.0013
-0.1267, 27.6091, 0.0017
-0.1269, 27.6047, 0.0013
-0.1271, 27.6000, 0.0015
-0.1275, 27.5955, 0.0014
-0.1279, 27.5910, 0.0007
-0.1280, 27.5859, 0.0016
-0.1282, 27.5814, 0.0010
-0.1285, 27.5764, 0.0010
-0.1289, 27.5712, 0.0014
-0.1290, 27.5664, 0.0016
-0.1292, 27.5617, 0.0016
-0.1297, 27.5572, 0.0017
-0.1299, 27.5521, 0.0012
-0.1301, 27.5475, 0.0014
-0.1303, 27.5426, 0.0010
-0.1306, 27.5381, 0.0011
-0.1308, 27.5332, 0.0012
-0.1311, 27.5287, 0.0013
-0.1313, 27.5236, 0.0011
-0.1317, 27.5189, 0.0011
-0.1319, 27.5141, 0.0009
-0.1321, 27.5102, 0.0016
-0.1324, 27.5050, 0.0008
-0.1326, 27.5004, 0.0011
-0.1327, 27.4957, 0.0014
-0.1331, 27.4914, 0.0010
-0.1333, 27.4871, 0.0012
-0.1335, 27.4826, 0.0014
-0.1338, 27.4787, 0.0011
-0.1340, 27.4746, 0.0012
-0.1343, 27.4702, 0.0006
-0.1347, 27.4658, 0.0006
-0.1347, 27.4623, 0.0011
-0.1349, 27.4587, 0.0012
-0.1351, 27.4549, 0.0008
-0.1351, 27.4517, 0.0008
-0.1355, 27.4479, 0.0009
-0.1356, 27.4448, 0.0011
-0.1358, 27.4417, 0.0007
-0.1358, 27.4385, 0.0012
-0.1361, 27.4357, 0.0012
-0.1362, 27.4328, 0.0009
-0.1364, 27.4298, 0.0011
-0.1366, 27.4263, 0.0009
-0.1368, 27.4235, 0.0005
-0.1370, 27.4201, 0.0006
-0.1369, 27.4176, 0.0010
-0.1370, 27.4154, 0.0009
-0.1373, 27.4125, 0.0010
-0.1375, 27.4101, 0.0009
-0.1377, 27.4074, 0.0006
-0.1377, 27.4051, 0.0011
-0.1378, 27.4024, 0.0011
-0.1380, 27.4004, 0.0009
-0.1382, 27.3980, 0.0004
-0.1384, 27.3960, 0.0006
-0.1384, 27.3939, 0.0008
-0.1384, 27.3915, 0.0008
-0.1385, 27.3894, 0.0007
-0.1387, 27.3874, 0.0008
-0.1387, 27.3849, 0.0010
-0.1391, 27.3825, 0.0007
-0.1392, 27.3801, 0.0005
-0.1391, 27.3780, 0.0010
-0.1392, 27.3762, 0.0007
-0.1393, 27.3745, 0.0010
-0.1394, 27.3716, 0.0011
-0.1396, 27.3695, 0.0008
-0.1398, 27.3672, 0.0006
-0.1399, 27.3654, 0.0012
-0.1399, 27.3627, 0.0006
-0.1402, 27.3608, 0.0004
-0.1403, 27.3587, 0.0004
-0.1403, 27.3562, 0.0005
-0.1405, 27.3540, 0.0011
-0.1405, 27.3520, 0.0006
-0.1407, 27.3496, 0.0010
-0.1407, 27.3474, 0.0009
-0.1408, 27.3452, 0.0006
-0.1410, 27.3427, 0.0008
-0.1412, 27.3400, 0.0006
-0.1413, 27.3374, 0.0009
-0.1413, 27.3354, 0.0007
-0.1416, 27.3327, 0.0009
-0.1416, 27.3308, 0.0006
-0.1418, 27.3282, 0.0008
-0.1419, 27.3254, 0.0005
-0.1420, 27.3227, 0.0005
-0.1423, 27.3206, 0.0005
-0.1423, 27.3176, 0.0004
-0.1426, 27.3147, 0.0005
-0.1427, 27.3122, 0.0009
-0.1428, 27.3097, 0.0010
-0.1430, 27.3067, 0.0007
-0.1432, 27.3038, 0.0004
-0.1432, 27.3007, 0.0003
-0.1435, 27.2976, 0.0007
-0.1436, 27.2944, 0.0008
-0.1438, 27.2912, 0.0007
-0.1439, 27.2881, 0.0005
-0.1440, 27.2847, 0.0004
-0.1443, 27.2821, 0.0008
-0.1445, 27.2789, 0.0003
-0.1447, 27.2759, 0.0005
-0.1448, 27.2727, 0.0008
-0.1451, 27.2696, 0.0004
-0.1452, 27.2665, 0.0006
-0.1454, 27.2632, 0.0006
-0.1456, 27.2603, 0.0004
-0.1457, 27.2571, 0.0002
-0.1458, 27.2542, 0.0004
-0.1460, 27.2510, 0.0002
-0.1463, 27.2472, 0.0005
-0.1465, 27.2442, 0.0007
-0.1466, 27.2411, -0.0001
-0.1466, 27.2373, 0.0006
-0.1469, 27.2344, 0.0001
-0.1469, 27.2315, 0.0003
-0.1472, 27.2280, 0.0006
-0.1475, 27.2247, 0.0002
-0.1476, 27.2214, 0.0007
-0.1479, 27.2181, 0.0004
-0.1479, 27.2153, 0.0002
-0.1481, 27.2121, 0.0004
-0.1482, 27.2090, -0.0000
-0.1485, 27.2056, 0.0002
-0.1486, 27.2026, 0.0005
-0.1490, 27.1993, 0.0000
-0.1490, 27.1957, 0.0006
-0.1491, 27.1920, 0.0005
-0.1492, 27.1887, 0.0004
-0.1494, 27.1855, 0.0007
-0.1497, 27.1820, -0.0000
-0.1500, 27.1787, 0.0002
-0.1502, 27.1750, 0.0003
-0.1503, 27.1714, 0.0001
-0.1506, 27.1677, 0.0006
-0.1506, 27.1643, -0.0000
-0.1508, 27.1605, 0.0000
-0.1510, 27.1574, 0.0002
-0.1513, 27.1536, -0.0000
-0.1514, 27.1498, 0.0004
-0.1518, 27.1462, 0.0003
-0.1519, 27.1423, 0.0005
-0.1523, 27.1380, 0.0004
-0.1525, 27.1343, 0.0000
-0.1526, 27.1302, 0.0001
-0.1527, 27.1262, 0.0000
-0.1531, 27.1222, -0.0002
-0.1533, 27.1178, -0.0003
-0.1535, 27.1139, -0.0001
-0.1537, 27.1098, -0.0000
-0.1541, 27.1055, -0.0002
-0.1541, 27.1007, 0.0000
-0.1545, 27.0967, -0.0006
-0.1546, 27.0922, -0.0004
-0.1548, 27.0873, -0.0004
-0.1552, 27.0825, -0.0004
-0.1555, 27.0778, -0.0001
-0.1557, 27.0731, -0.0000
-0.1560, 27.0684, -0.0002
-0.1561, 27.0635, -0.0003
-0.1564, 27.0585, -0.0003
-0.1567, 27.0537, -0.0004
-0.1569, 27.0491, -0.0003
-0.1572, 27.0435, -0.0002
-0.1575, 27.0380, -0.0001
-0.1579, 27.0326, -0.0003
-0.1582, 27.0265, -0.0003
-0.1585, 27.0207, -0.0005
-0.1588, 27.0153, -0.0007
-0.1592, 27.0090, -0.0005
-0.1595, 27.0033, -0.0003
-0.1600, 26.9968, -0.0006
-0.1605, 26.9909, -0.0007
-0.1606, 26.9841, -0.0008
-0.1608, 26.9783, 0.0000
-0.1615, 26.9716, -0.0005
-0.1616, 26.9650, -0.0008
-0.1621, 26.9584, -0.0005
-0.1624, 26.9522, -0.0009
-0.1627, 26.9456, -0.0009
-0.1631, 26.9392, -0.0005
-0.1633, 26.9327, -0.0007
-0.1637, 26.9261, -0.0007
-0.1642, 26.9193, -0.0005
-0.1646, 26.9125, -0.0012
-0.1650, 26.9054, -0.0010
-0.1652, 26.8986, -0.0011
-0.1658, 26.8913, -0.0009
-0.1662, 26.8844, -0.0010
-0.1666, 26.8771, -0.0009
-0.1667, 26.8696, -0.0009
-0.1672, 26.8622, -0.0009
-0.1677, 26.8554, -0.0011
-0.1680, 26.8484, -0.0013
-0.1684, 26.8411, -0.0014
-0.1688, 26.8340, -0.0015
-0.1692, 26.8267, -0.0012
-0.1697, 26.8186, -0.0014
-0.1702, 26.8112, -0.0012
-0.1705, 26.8038, -0.0014
-0.1708, 26.7970, -0.0011
-0.1712, 26.7892, -0.0014
-0.1716, 26.7816, -0.0015
-0.1721, 26.7740, -0.0014
-0.1726, 26.7663, -0.0015
-0.1729, 26.7582, -0.0019
-0.1733, 26.7508, -0.0017
-0.1737, 26.7433, -0.0017
-0.1742, 26.7362, -0.0015
-0.1746, 26.7290, -0.0015
-0.1750, 26.7209, -0.0018
-0.1755, 26.7125, -0.0015
-0.1759, 26.7047, -0.0016
-0.1764, 26.6978, -0.0020
-0.1767, 26.6906, -0.0013
-0.1771, 26.6833, -0.0017
-0.1774, 26.6761, -0.0015
-0.1778, 26.6685, -0.0014
-0.1781, 26.6611, -0.0019
-0.1786, 26.6540, -0.0021
-0.1790, 26.6475, -0.0020
-0.1794, 26.6406, -0.0018
-0.1797, 26.6340, -0.0018
-0.1800, 26.6276, -0.0021
-0.1803, 26.6212, -0.0019
-0.1807, 26.6150, -0.0015
-0.1810, 26.6087, -0.0019
-0.1813, 26.6029, -0.0015
-0.1817, 26.5970, -0.0016
-0.1820, 26.5915, -0.0022
-0.1823, 26.5867, -0.0021
-0.1824, 26.5822, -0.0019
-0.1825, 26.5777, -0.0019
-0.1827, 26.5727, -0.0024
-0.1832, 26.5686, -0.0022
-0.1835, 26.5639, -0.0021
-0.1838, 26.5592, -0.0025
-0.1839, 26.5550, -0.0022
-0.1840, 26.5511, -0.0019
-0.1844, 26.5473, -0.0024
-0.1843, 26.5436, -0.0020
-0.1847, 26.5395, -0.0026
-0.1848, 26.5352, -0.0016
-0.1851, 26.5309, -0.0015
-0.1856, 26.5273, -0.0021
-0.1858, 26.5231, -0.0022
-0.1858, 26.5193, -0.0021
-0.1860, 26.5143, -0.0020
-0.1862, 26.5104, -0.0017
-0.1865, 26.5059, -0.0021
-0.1867, 26.5016, -0.0016
-0.1869, 26.4975, -0.0021
-0.1871, 26.4931, -0.0025
-0.1875, 26.4891, -0.0024
-0.1876, 26.4851, -0.0018
-0.1880, 26.4805, -0.0025
-0.1881, 26.4758, -0.0023
-0.1884, 26.4716, -0.0021
-0.1887, 26.4672, -0.0023
-0.1889, 26.4627, -0.0022
-0.1891, 26.4584, -0.0021
-0.1895, 26.4541, -0.0027
-0.1893, 26.4497, -0.0021
-0.1896, 26.4452, -0.0022
-0.1899, 26.4404, -0.0019
-0.1902, 26.4356, -0.0019
-0.1905, 26.4305, -0.0023
-0.1909, 26.4254, -0.0025
-0.1914, 26.4199, -0.0025
-0.1915, 26.4147, -0.0025
-0.1918, 26.4095, -0.0029
-0.1919, 26.4045, -0.0024
-0.1923, 26.3993, -0.0025
-0.1925, 26.3943, -0.0022
-0.1929, 26.3881, -0.0025
-0.1930, 26.3830, -0.0025
-0.1934, 26.3773, -0.0025
-0.1938, 26.3721, -0.0026
-0.1941, 26.3664, -0.0025
-0.1942, 26.3608, -0.0023
-0.1946, 26.3554, -0.0029
-0.1950, 26.3495, -0.0025
-0.1954, 26.3435, -0.0029
-0.1957, 26.3379, -0.0028
-0.1960, 26.3320, -0.0026
-0.1964, 26.3261, -0.0029
-0.1968, 26.3199, -0.0034
-0.1971, 26.3134, -0.0030
-0.1975, 26.3067, -0.0033
-0.1978, 26.3001, -0.0028
-0.1982, 26.2921, -0.0033
-0.1985, 26.2854, -0.0031
-0.1989, 26.2778, -0.0029
-0.1994, 26.2700, -0.0034
-0.1997, 26.2623, -0.0033
-0.2003, 26.2538, -0.0036
-0.2008, 26.2462, -0.0036
-0.2011, 26.2377, -0.0030
-0.2015, 26.2292, -0.0030
-0.2020, 26.2204, -0.0033
-0.2026, 26.2117, -0.0033
-0.2031, 26.2028, -0.0034
-0.2036, 26.1941, -0.0037
-0.2041, 26.1855, -0.0035
-0.2045, 26.1764, -0.0036
-0.2050, 26.1675, -0.0035
-0.2055, 26.1582, -0.0037
-0.2060, 26.1491, -0.0032
-0.2064, 26.1399, -0.0033
-0.2069, 26.1309, -0.0031
-0.2074, 26.1227, -0.0036
-0.2078, 26.1132, -0.0037
-0.2083, 26.1036, -0.0034
-0.2089, 26.0939, -0.0034
-0.2094, 26.0844, -0.0042
-0.2101, 26.0747, -0.0041
-0.2108, 26.0654, -0.0043
-0.2112, 26.0553, -0.0041
-0.2117, 26.0451, -0.0039
-0.2122, 26.0355, -0.0039
-0.2128, 26.0249, -0.0042
-0.2133, 26.0143, -0.0042
-0.2140, 26.0034, -0.0043
-0.2144, 25.9923, -0.0046
-0.2151, 25.9819, -0.0046
-0.2156, 25.9714, -0.0039
-0.2162, 25.9603, -0.0042
-0.2168, 25.9504, -0.0045
-0.2174, 25.9399, -0.0040
-0.2180, 25.9293, -0.0045
-0.2186, 25.9194, -0.0048
-0.2190, 25.9099, -0.0049
-0.2195, 25.9006, -0.0050
-0.2200, 25.8912, -0.0047
-0.2206, 25.8827, -0.0050
-0.2210, 25.8741, -0.0048
-0.2216, 25.8650, -0.0048
-0.2218, 25.8570, -0.0049
-0.2224, 25.8489, -0.0050
-0.2228, 25.8410, -0.0052
-0.2233, 25.8338, -0.0056
-0.2238, 25.8264, -0.0055
-0.2242, 25.8189, -0.0056
-0.2245, 25.8114, -0.0051
-0.2250, 25.8037, -0.0054
-0.2253, 25.7973, -0.0055
-0.2258, 25.7898, -0.0055
-0.2260, 25.7834, -0.0051
-0.2265, 25.7764, -0.0055
-0.2267, 25.7685, -0.0051
-0.2273, 25.7616, -0.0057
-0.2276, 25.7552, -0.0059
-0.2279, 25.7478, -0.0054
-0.2283, 25.7413, -0.0059
-0.2288, 25.7341, -0.0059
-0.2293, 25.7268, -0.0055
-0.2295, 25.7191, -0.0054
-0.2299, 25.7122, -0.0051
-0.2303, 25.7050, -0.0057
-0.2306, 25.6982, -0.0058
-0.2311, 25.6910, -0.0059
-0.2314, 25.6838, -0.0062
-0.2319, 25.6761, -0.0061
-0.2324, 25.6692, -0.0054
-0.2328, 25.6620, -0.0061
-0.2333, 25.6545, -0.0064
-0.2337, 25.6467, -0.0061
-0.2341, 25.6388, -0.0068
-0.2343, 25.6316, -0.0059
-0.2348, 25.6238, -0.0058
-0.2353, 25.6155, -0.0063
-0.2356, 25.6080, -0.0061
-0.2360, 25.5997, -0.0060
-0.2366, 25.5915, -0.0064
-0.2371, 25.5838, -0.0065
-0.2374, 25.5755, -0.0065
-0.2380, 25.5678, -0.0067
-0.2385, 25.5586, -0.0065
-0.2390, 25.5500, -0.0074
-0.2393, 25.5412, -0.0068
-0.2399, 25.5318, -0.0068
-0.2404, 25.5225, -0.0070
-0.2408, 25.5130, -0.0064
-0.2413, 25.5032, -0.0069
-0.2420, 25.4935, -0.0068
-0.2425, 25.4833, -0.0073
-0.2430, 25.4738, -0.0070
-0.2434, 25.4635, -0.0064
-0.2441, 25.4525, -0.0069
-0.2448, 25.4421, -0.0070
-0.2455, 25.4309, -0.0075
-0.2460, 25.4199, -0.0075
-0.2466, 25.4089, -0.0074
-0.2472, 25.3972, -0.0073
-0.2479, 25.3868, -0.0072
-0.2484, 25.3758, -0.0073
-0.2489, 25.3652, -0.0068
-0.2495, 25.3543, -0.0075
-0.2504, 25.3425, -0.0077
-0.2510, 25.3321, -0.0078
-0.2515, 25.3203, -0.0076
-0.2522, 25.3089, -0.0074
-0.2527, 25.2978, -0.0075
-0.2534, 25.2859, -0.0075
-0.2539, 25.2735, -0.0076
-0.2549, 25.2619, -0.0081
-0.2555, 25.2502, -0.0079
-0.2560, 25.2381, -0.0081
-0.2566, 25.2258, -0.0082
-0.2572, 25.2143, -0.0080
-0.2579, 25.2032, -0.0083
-0.2585, 25.1921, -0.0079
-0.2592, 25.1813, -0.0081
-0.2596, 25.1709, -0.0083
-0.2601, 25.1601, -0.0084
-0.2608, 25.1497, -0.0087
-0.2614, 25.1383, -0.0087
-0.2619, 25.1286, -0.0081
-0.2624, 25.1192, -0.0085
-0.2629, 25.1090, -0.0082
-0.2635, 25.0992, -0.0082
-0.2638, 25.0896, -0.0084
-0.2645, 25.0808, -0.0081
-0.2650, 25.0715, -0.0089
-0.2656, 25.0623, -0.0088
-0.2661, 25.0532, -0.0090
-0.2666, 25.0444, -0.0092
-0.2669, 25.0362, -0.0087
-0.2673, 25.0283, -0.0088
-0.2680, 25.0192, -0.0091
-0.2684, 25.0106, -0.0092
-0.2688, 25.0028, -0.0092
-0.2693, 24.9940, -0.0090
-0.2698, 24.9853, -0.0091
-0.2702, 24.9763, -0.0091
-0.2706, 24.9681, -0.0089
-0.2713, 24.9592, -0.0092
-0.2717, 24.9511, -0.0092
-0.2722, 24.9418, -0.0096
-0.2728, 24.9321, -0.0096
-0.2733, 24.9239, -0.0095
-0.2737, 24.9151, -0.0097
-0.2743, 24.9056, -0.0096
-0.2748, 24.8967, -0.0099
-0.2753, 24.8864, -0.0097
-0.2759, 24.8768, -0.0096
-0.2763, 24.8672, -0.0097
-0.2769, 24.8567, -0.0097
-0.2774, 24.8466, -0.0100
-0.2780, 24.8353, -0.0095
-0.2788, 24.8237, -0.0102
-0.2795, 24.8121, -0.0105
-0.2801, 24.7998, -0.0103
-0.2809, 24.7879, -0.0104
-0.2815, 24.7751, -0.0101
-0.2822, 24.7627, -0.0107
-0.2829, 24.7495, -0.0106
-0.2836, 24.7368, -0.0105
-0.2843, 24.7243, -0.0109
-0.2852, 24.7108, -0.0109
-0.2859, 24.6973, -0.0111
-0.2865, 24.6845, -0.0111
-0.2874, 24.6714, -0.0114
-0.2882, 24.6573, -0.0117
-0.2888, 24.6442, -0.0116
-0.2897, 24.6298, -0.0121
-0.2904, 24.6167, -0.0120
-0.2910, 24.6023, -0.0119
-0.2919, 24.5882, -0.0123
-0.2926, 24.5741, -0.0121
-0.2935, 24.5597, -0.0123
-0.2943, 24.5458, -0.0125
-0.2949, 24.5315, -0.0122
-0.2959, 24.5170, -0.0127
-0.2967, 24.5025, -0.0128
-0.2973, 24.4890, -0.0127
-0.2981, 24.4751, -0.0131
-0.2988, 24.4620, -0.0128
-0.2996, 24.4487, -0.0129
-0.3001, 24.4363, -0.0128
-0.3009, 24.4243, -0.0128
-0.3014, 24.4118, -0.0129
-0.3022, 24.4003, -0.0131
-0.3027, 24.3887, -0.0130
-0.3034, 24.3785, -0.0128
-0.3039, 24.3678, -0.0128
-0.3044, 24.3575, -0.0134
-0.3051, 24.3476, -0.0132
-0.3057, 24.3377, -0.0131
-0.3061, 24.3269, -0.0131
-0.3067, 24.3176, -0.0129
-0.3073, 24.3075, -0.0136
-0.3077, 24.2989, -0.0133
-0.3081, 24.2893, -0.0133
-0.3087, 24.2798, -0.0138
-0.3092, 24.2695, -0.0134
-0.3098, 24.2597, -0.0136
-0.3103, 24.2498, -0.0135
-0.3110, 24.2396, -0.0138
-0.3115, 24.2296, -0.0138
-0.3122, 24.2200, -0.0137
-0.3126, 24.2102, -0.0138
-0.3132, 24.2004, -0.0140
-0.3136, 24.1904, -0.0136
-0.3143, 24.1802, -0.0140
-0.3148, 24.1696, -0.0135
-0.3154, 24.1591, -0.0138
-0.3162, 24.1486, -0.0146
-0.3166, 24.1387, -0.0142
-0.3173, 24.1273, -0.0144
-0.3177, 24.1168, -0.0144
-0.3184, 24.1058, -0.0147
-0.3190, 24.0936, -0.0145
-0.3198, 24.0817, -0.0149
-0.3204, 24.0693, -0.0147
-0.3211, 24.0584, -0.0149
-0.3217, 24.0463, -0.0151
-0.3222, 24.0333, -0.0153
-0.3232, 24.0210, -0.0157
-0.3238, 24.0073, -0.0151
-0.3246, 23.9939, -0.0153
-0.3254, 23.9804, -0.0156
-0.3261, 23.9663, -0.0155
-0.3271, 23.9524, -0.0158
-0.3278, 23.9378, -0.0159
-0.3285, 23.9242, -0.0161
-0.3293, 23.9095, -0.0159
-0.3298, 23.8944, -0.0159
-0.3309, 23.8800, -0.0162
-0.3318, 23.8650, -0.0162
-0.3326, 23.8501, -0.0161
-0.3335, 23.8347, -0.0162
-0.3344, 23.8188, -0.0165
-0.3353, 23.8038, -0.0171
-0.3361, 23.7887, -0.0170
-0.3370, 23.7727, -0.0169
-0.3378, 23.7578, -0.0175
-0.3385, 23.7422, -0.0167
-0.3393, 23.7268, -0.0168
-0.3401, 23.7126, -0.0173
-0.3409, 23.6985, -0.0172
-0.3417, 23.6851, -0.0177
-0.3425, 23.6709, -0.0177
-0.3433, 23.6576, -0.0179
-0.3441, 23.6437, -0.0179
-0.3449, 23.6301, -0.0183
-0.3457, 23.6165, -0.0182
-0.3463, 23.6035, -0.0186
-0.3469, 23.5911, -0.0185
-0.3475, 23.5781, -0.0184
-0.3484, 23.5641, -0.0186
-0.3492, 23.5508, -0.0188
-0.3498, 23.5383, -0.0190
-0.3505, 23.5247, -0.0187
-0.3513, 23.5119, -0.0189
-0.3520, 23.4992, -0.0190
-0.3526, 23.4867, -0.0189
-0.3534, 23.4737, -0.0193
-0.3541, 23.4601, -0.0190
-0.3547, 23.4477, -0.0191
-0.3554, 23.4338, -0.0189
-0.3561, 23.4206, -0.0188
-0.3570, 23.4063, -0.0191
-0.3580, 23.3924, -0.0195
-0.3586, 23.3778, -0.0196
-0.3596, 23.3638, -0.0197
-0.3601, 23.3501, -0.0198
-0.3608, 23.3357, -0.0197
-0.3616, 23.3214, -0.0198
-0.3626, 23.3070, -0.0202
-0.3634, 23.2920, -0.0199
-0.3642, 23.2778, -0.0204
-0.3650, 23.2633, -0.0201
-0.3659, 23.2482, -0.0206
-0.3667, 23.2332, -0.0207
-0.3676, 23.2185, -0.0205
-0.3683, 23.2026, -0.0205
-0.3691, 23.1874, -0.0204
-0.3701, 23.1724, -0.0205
-0.3710, 23.1565, -0.0211
-0.3719, 23.1402, -0.0211
-0.3729, 23.1227, -0.0212
-0.3737, 23.1070, -0.0212
-0.3747, 23.0908, -0.0209
-0.3755, 23.0752, -0.0211
-0.3761, 23.0589, -0.0214
-0.3770, 23.0432, -0.0210
-0.3777, 23.0286, -0.0211
-0.3787, 23.0137, -0.0211
-0.3795, 22.9990, -0.0217
-0.3803, 22.9854, -0.0215
-0.3810, 22.9718, -0.0217
-0.3820, 22.9580, -0.0223
-0.3826, 22.9444, -0.0218
-0.3834, 22.9305, -0.0221
-0.3840, 22.9175, -0.0222
-0.3848, 22.9053, -0.0226
-0.3855, 22.8924, -0.0225
-0.3862, 22.8802, -0.0225
-0.3867, 22.8674, -0.0223
-0.3876, 22.8540, -0.0227
-0.3886, 22.8412, -0.0229
-0.3894, 22.8283, -0.0237
-0.3901, 22.8151, -0.0237
-0.3907, 22.8003, -0.0239
-0.3914, 22.7867, -0.0235
-0.3923, 22.7737, -0.0240
-0.3931, 22.7585, -0.0235
-0.3939, 22.7447, -0.0239
-0.3948, 22.7302, -0.0243
-0.3955, 22.7146, -0.0240
-0.3966, 22.6987, -0.0245
-0.3977, 22.6818, -0.0248
-0.3985, 22.6657, -0.0251
-0.3992, 22.6485, -0.0251
-0.4002, 22.6320, -0.0250
-0.4012, 22.6147, -0.0251
-0.4021, 22.5971, -0.0252
-0.4030, 22.5791, -0.0253
-0.4042, 22.5613, -0.0260
-0.4053, 22.5436, -0.0257
-0.4063, 22.5258, -0.0260
-0.4074, 22.5069, -0.0264
-0.4083, 22.4895, -0.0264
-0.4091, 22.4723, -0.0263
-0.4100, 22.4538, -0.0263
-0.4109, 22.4366, -0.0268
-0.4118, 22.4190, -0.0268
-0.4129, 22.4016, -0.0270
-0.4139, 22.3846, -0.0275
-0.4149, 22.3681, -0.0280
-0.4158, 22.3516, -0.0277
-0.4168, 22.3361, -0.0283
-0.4175, 22.3208, -0.0280
-0.4183, 22.3056, -0.0280
-0.4190, 22.2905, -0.0283
-0.4196, 22.2772, -0.0281
-0.4202, 22.2635, -0.0282
-0.4210, 22.2500, -0.0283
-0.4218, 22.2373, -0.0284
-0.4226, 22.2245, -0.0287
-0.4235, 22.2119, -0.0290
-0.4242, 22.1997, -0.0290
-0.4251, 22.1865, -0.0294
-0.4256, 22.1738, -0.0294
-0.4264, 22.1613, -0.0298
-0.4270, 22.1492, -0.0300
-0.4275, 22.1368, -0.0289
-0.4281, 22.1245, -0.0292
-0.4288, 22.1125, -0.0291
-0.4297, 22.0994, -0.0291
-0.4304, 22.0855, -0.0297
-0.4313, 22.0720, -0.0298
-0.4321, 22.0580, -0.0295
-0.4330, 22.0429, -0.0296
-0.4336, 22.0286, -0.0296
-0.4346, 22.0125, -0.0300
-0.4354, 21.9966, -0.0297
-0.4365, 21.9801, -0.0300
-0.4373, 21.9631, -0.0297
-0.4382, 21.9449, -0.0295
-0.4396, 21.9258, -0.0304
-0.4403, 21.9071, -0.0301
-0.4416, 21.8878, -0.0304
-0.4428, 21.8675, -0.0308
-0.4439, 21.8468, -0.0306
-0.4452, 21.8249, -0.0310
-0.4464, 21.8046, -0.0315
-0.4475, 21.7826, -0.0311
-0.4488, 21.7606, -0.0315
-0.4501, 21.7379, -0.0323
-0.4514, 21.7151, -0.0321
-0.4528, 21.6926, -0.0325
-0.4539, 21.6708, -0.0327
-0.4548, 21.6488, -0.0323
-0.4560, 21.6277, -0.0324
-0.4570, 21.6063, -0.0324
-0.4583, 21.5860, -0.0330
-0.4595, 21.5662, -0.0333
-0.4604, 21.5463, -0.0331
-0.4618, 21.5281, -0.0336
-0.4629, 21.5093, -0.0339
-0.4636, 21.4913, -0.0335
-0.4647, 21.4739, -0.0342
-0.4657, 21.4562, -0.0342
-0.4664, 21.4392, -0.0343
-0.4673, 21.4234, -0.0345
-0.4682, 21.4079, -0.0346
-0.4691, 21.3920, -0.0347
-0.4700, 21.3771, -0.0352
-0.4709, 21.3620, -0.0348
-0.4717, 21.3478, -0.0355
-0.4725, 21.3322, -0.0350
-0.4734, 21.3180, -0.0354
-0.4740, 21.3036, -0.0350
-0.4749, 21.2886, -0.0355
-0.4759, 21.2734, -0.0357
-0.4770, 21.2574, -0.0361
-0.4777, 21.2427, -0.0361
-0.4786, 21.2274, -0.0363
-0.4794, 21.2111, -0.0366
-0.4803, 21.1955, -0.0367
-0.4814, 21.1783, -0.0371
-0.4823, 21.1610, -0.0369
-0.4830, 21.1439, -0.0371
-0.4840, 21.1253, -0.0374
-0.4853, 21.1076, -0.0375
-0.4863, 21.0897, -0.0379
-0.4872, 21.0708, -0.0376
-0.4884, 21.0513, -0.0382
-0.4896, 21.0317, -0.0386
-0.4906, 21.0122, -0.0385
-0.4917, 20.9927, -0.0392
-0.4926, 20.9730, -0.0391
-0.4937, 20.9536, -0.0394
-0.4950, 20.9337, -0.0398
-0.4961, 20.9151, -0.0402
-0.4974, 20.8962, -0.0405
-0.4985, 20.8768, -0.0408
-0.4994, 20.8571, -0.0410
-0.5003, 20.8378, -0.0413
-0.5013, 20.8204, -0.0414
-0.5023, 20.8023, -0.0416
-0.5035, 20.7842, -0.0420
-0.5046, 20.7666, -0.0422
-0.5057, 20.7478, -0.0430
-0.5067, 20.7302, -0.0423
-0.5078, 20.7131, -0.0431
-0.5088, 20.6952, -0.0435
-0.5096, 20.6789, -0.0435
-0.5104, 20.6626, -0.0436
-0.5112, 20.6451, -0.0436
-0.5122, 20.6282, -0.0433
-0.5133, 20.6106, -0.0437
-0.5140, 20.5931, -0.0438
-0.5149, 20.5755, -0.0438
-0.5159, 20.5582, -0.0440
-0.5172, 20.5397, -0.0441
-0.5183, 20.5219, -0.0445
-0.5193, 20.5040, -0.0448
-0.5204, 20.4864, -0.0447
-0.5215, 20.4669, -0.0453
-0.5224, 20.4484, -0.0452
-0.5233, 20.4287, -0.0450
-0.5242, 20.4097, -0.0447
-0.5252, 20.3906, -0.0443
-0.5266, 20.3696, -0.0452
-0.5276, 20.3504, -0.0453
-0.5290, 20.3295, -0.0454
-0.5303, 20.3089, -0.0458
-0.5314, 20.2877, -0.0458
-0.5326, 20.2664, -0.0458
-0.5336, 20.2462, -0.0458
-0.5346, 20.2259, -0.0459
-0.5356, 20.2064, -0.0457
-0.5367, 20.1876, -0.0463
-0.5377, 20.1675, -0.0459
-0.5389, 20.1487, -0.0461
-0.5402, 20.1293, -0.0465
-0.5414, 20.1101, -0.0471
-0.5424, 20.0915, -0.0472
-0.5434, 20.0730, -0.0470
-0.5445, 20.0545, -0.0477
-0.5457, 20.0363, -0.0478
-0.5466, 20.0171, -0.0481
-0.5477, 19.9986, -0.0480
-0.5489, 19.9789, -0.0483
-0.5501, 19.9594, -0.0486
-0.5511, 19.9398, -0.0488
-0.5521, 19.9186, -0.0486
-0.5532, 19.8985, -0.0492
-0.5544, 19.8781, -0.0491
-0.5557, 19.8563, -0.0492
-0.5571, 19.8351, -0.0502
-0.5586, 19.8130, -0.0507
-0.5600, 19.7902, -0.0512
-0.5610, 19.7677, -0.0512
-0.5623, 19.7445, -0.0510
-0.5635, 19.7221, -0.0519
-0.5645, 19.7002, -0.0517
-0.5658, 19.6778, -0.0518
-0.5672, 19.6549, -0.0518
-0.5686, 19.6313, -0.0523
-0.5700, 19.6094, -0.0529
-0.5710, 19.5868, -0.0529
-0.5721, 19.5651, -0.0529
-0.5733, 19.5437, -0.0534
-0.5745, 19.5227, -0.0536
-0.5757, 19.5029, -0.0538
-0.5768, 19.4830, -0.0541
-0.5780, 19.4629, -0.0539
-0.5789, 19.4443, -0.0543
-0.5796, 19.4261, -0.0540
-0.5805, 19.4084, -0.0545
-0.5817, 19.3917, -0.0550
-0.5825, 19.3740, -0.0547
-0.5840, 19.3574, -0.0560
-0.5852, 19.3409, -0.0562
-0.5861, 19.3245, -0.0560
-0.5869, 19.3080, -0.0564
-0.5878, 19.2914, -0.0567
-0.5884, 19.2754, -0.0566
-0.5890, 19.2601, -0.0562
-0.5899, 19.2442, -0.0563
-0.5910, 19.2275, -0.0569
-0.5921, 19.2106, -0.0571
-0.5932, 19.1932, -0.0574
-0.5943, 19.1768, -0.0581
-0.5954, 19.1588, -0.0585
-0.5964, 19.1410, -0.0589
-0.5974, 19.1226, -0.0594
-0.5985, 19.1028, -0.0592
-0.5997, 19.0831, -0.0599
-0.6009, 19.0613, -0.0600
-0.6021, 19.0409, -0.0604
-0.6033, 19.0179, -0.0605
-0.6045, 18.9951, -0.0610
-0.6058, 18.9708, -0.0609
-0.6074, 18.9467, -0.0619
-0.6087, 18.9224, -0.0619
-0.6103, 18.8977, -0.0623
-0.6118, 18.8721, -0.0627
-0.6132, 18.8476, -0.0633
-0.6145, 18.8232, -0.0635
-0.6157, 18.7987, -0.0634
-0.6169, 18.7749, -0.0633
-0.6185, 18.7502, -0.0641
-0.6197, 18.7274, -0.0637
-0.6212, 18.7031, -0.0640
-0.6224, 18.6803, -0.0641
-0.6238, 18.6565, -0.0644
-0.6251, 18.6332, -0.0649
-0.6263, 18.6114, -0.0649
-0.6276, 18.5900, -0.0648
-0.6288, 18.5681, -0.0647
-0.6301, 18.5464, -0.0648
-0.6315, 18.5240, -0.0652
-0.6326, 18.5018, -0.0648
-0.6337, 18.4805, -0.0646
-0.6349, 18.4588, -0.0650
-0.6360, 18.4380, -0.0649
-0.6371, 18.4166, -0.0650
-0.6386, 18.3941, -0.0654
-0.6400, 18.3727, -0.0653
-0.6417, 18.3493, -0.0666
-0.6428, 18.3281, -0.0667
-0.6438, 18.3062, -0.0663
-0.6446, 18.2835, -0.0666
-0.6458, 18.2616, -0.0661
-0.6472, 18.2392, -0.0665
-0.6485, 18.2178, -0.0668
-0.6499, 18.1961, -0.0670
-0.6513, 18.1744, -0.0677
-0.6523, 18.1529, -0.0678
-0.6534, 18.1312, -0.0677
-0.6543, 18.1109, -0.0682
-0.6555, 18.0904, -0.0682
-0.6569, 18.0690, -0.0688
-0.6583, 18.0485, -0.0692
-0.6598, 18.0265, -0.0699
-0.6611, 18.0046, -0.0710
-0.6625, 17.9833, -0.0712
-0.6635, 17.9606, -0.0709
-0.6646, 17.9400, -0.0716
-0.6659, 17.9181, -0.0719
-0.6672, 17.8952, -0.0724
-0.6687, 17.8714, -0.0726
-0.6701, 17.8473, -0.0729
-0.6714, 17.8240, -0.0737
-0.6726, 17.8013, -0.0742
-0.6740, 17.7769, -0.0741
-0.6755, 17.7538, -0.0750
-0.6770, 17.7294, -0.0749
-0.6784, 17.7054, -0.0755
-0.6796, 17.6822, -0.0752
-0.6809, 17.6575, -0.0756
-0.6819, 17.6345, -0.0758
-0.6829, 17.6117, -0.0754
-0.6842, 17.5891, -0.0760
-0.6858, 17.5667, -0.0765
-0.6871, 17.5425, -0.0765
-0.6885, 17.5218, -0.0773
-0.6896, 17.5003, -0.0772
-0.6907, 17.4804, -0.0775
-0.6919, 17.4606, -0.0779
-0.6930, 17.4401, -0.0777
-0.6941, 17.4212, -0.0783
-0.6951, 17.4029, -0.0786
-0.6962, 17.3840, -0.0783
-0.6973, 17.3660, -0.0789
-0.6983, 17.3478, -0.0790
-0.6994, 17.3297, -0.0792
-0.7005, 17.3122, -0.0800
-0.7018, 17.2924, -0.0802
-0.7028, 17.2740, -0.0805
-0.7041, 17.2549, -0.0810
-0.7051, 17.2346, -0.0811
-0.7062, 17.2140, -0.0813
-0.7075, 17.1913, -0.0820
-0.7088, 17.1690, -0.0817
-0.7102, 17.1461, -0.0824
-0.7118, 17.1211, -0.0833
-0.7134, 17.0961, -0.0836
-0.7149, 17.0689, -0.0841
-0.7163, 17.0418, -0.0843
-0.7179, 17.0140, -0.0847
-0.7197, 16.9851, -0.0850
-0.7215, 16.9562, -0.0858
-0.7232, 16.9264, -0.0861
-0.7250, 16.8968, -0.0867
-0.7265, 16.8678, -0.0868
-0.7280, 16.8379, -0.0866
-0.7294, 16.8101, -0.0867
-0.7308, 16.7820, -0.0868
-0.7324, 16.7542, -0.0870
-0.7339, 16.7281, -0.0875
-0.7356, 16.7020, -0.0882
-0.7370, 16.6776, -0.0883
-0.7381, 16.6546, -0.0883
-0.7394, 16.6323, -0.0888
-0.7408, 16.6107, -0.0893
-0.7424, 16.5879, -0.0899
-0.7436, 16.5669, -0.0898
-0.7447, 16.5466, -0.0901
-0.7460, 16.5262, -0.0903
-0.7468, 16.5059, -0.0900
-0.7480, 16.4860, -0.0900
-0.7491, 16.4658, -0.0902
-0.7501, 16.4448, -0.0895
-0.7516, 16.4227, -0.0903
-0.7528, 16.4020, -0.0907
-0.7539, 16.3807, -0.0907
-0.7553, 16.3588, -0.0916
-0.7566, 16.3367, -0.0915
-0.7579, 16.3134, -0.0916
-0.7592, 16.2892, -0.0919
-0.7603, 16.2652, -0.0915
-0.7619, 16.2406, -0.0924
-0.7632, 16.2163, -0.0927
-0.7647, 16.1899, -0.0927
-0.7663, 16.1644, -0.0937
-0.7681, 16.1381, -0.0943
-0.7696, 16.1113, -0.0948
-0.7708, 16.0859, -0.0947
-0.7723, 16.0599, -0.0952
-0.7736, 16.0345, -0.0959
-0.7749, 16.0089, -0.0959
-0.7767, 15.9814, -0.0971
-0.7783, 15.9568, -0.0976
-0.7798, 15.9317, -0.0979
-0.7811, 15.9073, -0.0984
-0.7822, 15.8832, -0.0986
-0.7833, 15.8583, -0.0987
-0.7846, 15.8351, -0.0989
-0.7855, 15.8112, -0.0988
-0.7866, 15.7868, -0.0991
-0.7872, 15.7637, -0.0986
-0.7875, 15.7407, -0.0976
-0.7876, 15.7181, -0.0972
-0.7872, 15.6960, -0.0956
-0.7868, 15.6717, -0.0937
-0.7865, 15.6495, -0.0926
-0.7862, 15.6259, -0.0906
-0.7858, 15.6027, -0.0893
-0.7853, 15.5794, -0.0874
-0.7851, 15.5552, -0.0859
-0.7852, 15.5326, -0.0848
-0.7852, 15.5086, -0.0837
-0.7853, 15.4854, -0.0822
-0.7854, 15.4615, -0.0814
-0.7858, 15.4377, -0.0807
-0.7860, 15.4148, -0.0796
-0.7863, 15.3929, -0.0786
-0.7865, 15.3692, -0.0777
-0.7867, 15.3460, -0.0767
-0.7873, 15.3233, -0.0764
-0.7876, 15.2998, -0.0749
-0.7882, 15.2757, -0.0743
-0.7891, 15.2504, -0.0743
-0.7902, 15.2258, -0.0744
-0.7911, 15.1999, -0.0738
-0.7917, 15.1724, -0.0731
-0.7929, 15.1453, -0.0730
-0.7939, 15.1168, -0.0728
-0.7949, 15.0885, -0.0723
-0.7964, 15.0597, -0.0724
-0.7978, 15.0293, -0.0720
-0.7992, 14.9995, -0.0721
-0.8010, 14.9680, -0.0725
-0.8022, 14.9384, -0.0721
-0.8036, 14.9077, -0.0722
-0.8049, 14.8767, -0.0718
-0.8064, 14.8473, -0.0722
-0.8080, 14.8181, -0.0723
-0.8091, 14.7892, -0.0718
-0.8107, 14.7609, -0.0725
-0.8120, 14.7326, -0.0724
-0.8129, 14.7075, -0.0716
-0.8141, 14.6836, -0.0719
-0.8153, 14.6593, -0.0723
-0.8165, 14.6369, -0.0725
-0.8177, 14.6134, -0.0727
-0.8186, 14.5913, -0.0723
-0.8197, 14.5696, -0.0724
-0.8210, 14.5472, -0.0728
-0.8223, 14.5259, -0.0729
-0.8235, 14.5036, -0.0733
-0.8243, 14.4819, -0.0727
-0.8255, 14.4605, -0.0729
-0.8265, 14.4384, -0.0729
-0.8280, 14.4154, -0.0728
-0.8293, 14.3931, -0.0729
-0.8308, 14.3688, -0.0741
-0.8322, 14.3449, -0.0743
-0.8335, 14.3208, -0.0744
-0.8347, 14.2971, -0.0739
-0.8362, 14.2714, -0.0743
-0.8377, 14.2459, -0.0750
-0.8394, 14.2188, -0.0751
-0.8409, 14.1907, -0.0754
-0.8424, 14.1632, -0.0752
-0.8436, 14.1361, -0.0756
-0.8450, 14.1079, -0.0754
-0.8465, 14.0818, -0.0758
-0.8480, 14.0554, -0.0764
-0.8496, 14.0290, -0.0770
-0.8508, 14.0030, -0.0770
-0.8524, 13.9770, -0.0777
-0.8539, 13.9516, -0.0781
-0.8554, 13.9261, -0.0787
-0.8573, 13.9005, -0.0801
-0.8586, 13.8763, -0.0800
-0.8600, 13.8503, -0.0802
-0.8613, 13.8268, -0.0809
-0.8624, 13.8016, -0.0809
-0.8641, 13.7763, -0.0814
-0.8654, 13.7516, -0.0821
-0.8669, 13.7250, -0.0823
-0.8686, 13.6985, -0.0831
-0.8701, 13.6730, -0.0835
-0.8719, 13.6458, -0.0844
-0.8732, 13.6189, -0.0844
-0.8747, 13.5916, -0.0846
-0.8763, 13.5641, -0.0851
-0.8775, 13.5361, -0.0845
-0.8789, 13.5078, -0.0849
-0.8805, 13.4809, -0.0857
-0.8821, 13.4536, -0.0858
-0.8838, 13.4268, -0.0864
-0.8854, 13.4007, -0.0869
-0.8869, 13.3733, -0.0867
-0.8884, 13.3478, -0.0874
-0.8900, 13.3209, -0.0878
-0.8917, 13.2938, -0.0883
-0.8937, 13.2670, -0.0893
-0.8954, 13.2386, -0.0901
-0.8970, 13.2107, -0.0901
-0.8986, 13.1829, -0.0906
-0.9001, 13.1535, -0.0902
-0.9019, 13.1245, -0.0907
-0.9037, 13.0956, -0.0908
-0.9055, 13.0652, -0.0915
-0.9075, 13.0348, -0.0918
-0.9095, 13.0035, -0.0926
-0.9112, 12.9728, -0.0932
-0.9129, 12.9420, -0.0931
-0.9146, 12.9116, -0.0933
-0.9162, 12.8817, -0.0938
-0.9178, 12.8510, -0.0935
-0.9192, 12.8217, -0.0937
-0.9207, 12.7943, -0.0938
-0.9220, 12.7657, -0.0931
-0.9238, 12.7397, -0.0943
-0.9253, 12.7132, -0.0947
-0.9265, 12.6889, -0.0945
-0.9279, 12.6653, -0.0949
-0.9294, 12.6404, -0.0952
-0.9310, 12.6175, -0.0963
-0.9328, 12.5937, -0.0976
-0.9344, 12.5699, -0.0982
-0.9358, 12.5460, -0.0987
-0.9369, 12.5231, -0.0986
-0.9380, 12.5001, -0.0984
-0.9392, 12.4774, -0.0984
-0.9407, 12.4529, -0.0988
-0.9423, 12.4286, -0.0995
-0.9441, 12.4021, -0.1005
-0.9456, 12.3774, -0.1006
-0.9474, 12.3513, -0.1016
-0.9489, 12.3241, -0.1022
-0.9505, 12.2980, -0.1025
-0.9525, 12.2697, -0.1034
-0.9542, 12.2411, -0.1041
-0.9559, 12.2124, -0.1043
-0.9574, 12.1821, -0.1045
-0.9592, 12.1531, -0.1054
-0.9610, 12.1240, -0.1060
-0.9624, 12.0957, -0.1058
-0.9643, 12.0677, -0.1063
-0.9662, 12.0390, -0.1073
-0.9679, 12.0110, -0.1078
-0.9695, 11.9829, -0.1079
-0.9715, 11.9556, -0.1092
-0.9734, 11.9272, -0.1097
-0.9752, 11.8990, -0.1103
-0.9767, 11.8718, -0.1102
-0.9781, 11.8441, -0.1105
-0.9797, 11.8165, -0.1108
-0.9811, 11.7897, -0.1107
-0.9830, 11.7626, -0.1115
-0.9847, 11.7345, -0.1112
-0.9862, 11.7070, -0.1119
-0.9880, 11.6778, -0.1126
-0.9898, 11.6498, -0.1132
-0.9918, 11.6210, -0.1141
-0.9937, 11.5927, -0.1149
-0.9949, 11.5646, -0.1142
-0.9964, 11.5362, -0.1147
-0.9980, 11.5087, -0.1150
-0.9994, 11.4815, -0.1150
-1.0013, 11.4539, -0.1160
-1.0027, 11.4287, -0.1160
-1.0043, 11.4028, -0.1170
-1.0060, 11.3778, -0.1179
-1.0074, 11.3512, -0.1181
-1.0097, 11.3236, -0.1198
-1.0117, 11.2958, -0.1210
-1.0138, 11.2678, -0.1221
-1.0155, 11.2394, -0.1230
-1.0169, 11.2109, -0.1228
-1.0186, 11.1797, -0.1231
-1.0205, 11.1500, -0.1236
-1.0225, 11.1194, -0.1240
-1.0246, 11.0873, -0.1249
-1.0264, 11.0543, -0.1251
-1.0283, 11.0206, -0.1254
-1.0305, 10.9872, -0.1265
-1.0322, 10.9560, -0.1270
-1.0343, 10.9237, -0.1277
-1.0360, 10.8932, -0.1276
-1.0379, 10.8618, -0.1281
-1.0396, 10.8322, -0.1287
-1.0410, 10.8034, -0.1284
-1.0428, 10.7744, -0.1292
-1.0445, 10.7476, -0.1295
-1.0461, 10.7217, -0.1298
-1.0478, 10.6961, -0.1306
-1.0494, 10.6702, -0.1312
-1.0512, 10.6442, -0.1321
-1.0530, 10.6186, -0.1328
-1.0545, 10.5942, -0.1331
-1.0562, 10.5693, -0.1339
-1.0576, 10.5450, -0.1341
-1.0591, 10.5194, -0.1345
-1.0606, 10.4950, -0.1350
-1.0621, 10.4695, -0.1349
-1.0640, 10.4425, -0.1359
-1.0659, 10.4166, -0.1370
-1.0675, 10.3894, -0.1374
-1.0692, 10.3621, -0.1383
-1.0709, 10.3341, -0.1385
-1.0729, 10.3051, -0.1397
-1.0747, 10.2773, -0.1400
-1.0763, 10.2481, -0.1400
-1.0782, 10.2187, -0.1413
-1.0797, 10.1893, -0.1414
-1.0813, 10.1592, -0.1417
-1.0833, 10.1303, -0.1427
-1.0850, 10.1012, -0.1430
-1.0870, 10.0723, -0.1442
-1.0890, 10.0430, -0.1450
-1.0908, 10.0132, -0.1455
-1.0928, 9.9840, -0.1467
-1.0948, 9.9548, -0.1479
-1.0965, 9.9244, -0.1481
-1.0980, 9.8960, -0.1481
-1.0997, 9.8670, -0.1486
-1.1016, 9.8371, -0.1491
-1.1035, 9.8071, -0.1499
-1.1057, 9.7764, -0.1509
-1.1074, 9.7464, -0.1507
-1.1093, 9.7168, -0.1518
-1.1111, 9.6858, -0.1520
-1.1131, 9.6552, -0.1526
-1.1151, 9.6237, -0.1531
-1.1170, 9.5947, -0.1540
-1.1185, 9.5661, -0.1536
-1.1202, 9.5373, -0.1541
-1.1217, 9.5091, -0.1541
-1.1233, 9.4806, -0.1542
-1.1255, 9.4535, -0.1555
-1.1274, 9.4259, -0.1565
-1.1294, 9.3977, -0.1571
-1.1312, 9.3704, -0.1579
-1.1331, 9.3410, -0.1584
-1.1351, 9.3117, -0.1593
-1.1373, 9.2820, -0.1604
-1.1392, 9.2511, -0.1607
-1.1410, 9.2204, -0.1617
-1.1429, 9.1883, -0.1619
-1.1448, 9.1563, -0.1620
-1.1468, 9.1235, -0.1628
-1.1489, 9.0890, -0.1634
-1.1512, 9.0565, -0.1644
-1.1533, 9.0234, -0.1651
-1.1551, 8.9898, -0.1655
-1.1573, 8.9582, -0.1666
-1.1591, 8.9251, -0.1668
-1.1609, 8.8946, -0.1673
-1.1626, 8.8648, -0.1675
-1.1641, 8.8360, -0.1677
-1.1658, 8.8083, -0.1686
-1.1677, 8.7814, -0.1691
-1.1693, 8.7545, -0.1695
-1.1714, 8.7282, -0.1712
-1.1733, 8.7010, -0.1724
-1.1750, 8.6756, -0.1730
-1.1767, 8.6494, -0.1735
-1.1784, 8.6229, -0.1742
-1.1801, 8.5957, -0.1748
-1.1821, 8.5680, -0.1757
-1.1835, 8.5409, -0.1755
-1.1851, 8.5137, -0.1762
-1.1870, 8.4848, -0.1771
-1.1887, 8.4570, -0.1773
-1.1907, 8.4281, -0.1782
-1.1926, 8.3987, -0.1786
-1.1943, 8.3700, -0.1793
-1.1964, 8.3402, -0.1804
-1.1983, 8.3109, -0.1811
-1.2004, 8.2806, -0.1823
-1.2025, 8.2503, -0.1835
-1.2045, 8.2207, -0.1840
-1.2064, 8.1902, -0.1845
-1.2086, 8.1591, -0.1858
-1.2102, 8.1302, -0.1861
-1.2123, 8.1000, -0.1869
-1.2144, 8.0702, -0.1881
-1.2162, 8.0390, -0.1887
-1.2183, 8.0089, -0.1896
-1.2201, 7.9788, -0.1898
-1.2222, 7.9471, -0.1909
-1.2241, 7.9176, -0.1914
-1.2262, 7.8864, -0.1923
-1.2281, 7.8559, -0.1927
-1.2301, 7.8259, -0.1937
-1.2316, 7.7950, -0.1932
-1.2335, 7.7654, -0.1942
-1.2353, 7.7359, -0.1944
-1.2371, 7.7063, -0.1950
-1.2387, 7.6781, -0.1946
-1.2407, 7.6487, -0.1961
-1.2424, 7.6207, -0.1964
-1.2442, 7.5928, -0.1972
-1.2461, 7.5648, -0.1979
-1.2479, 7.5380, -0.1985
-1.2498, 7.5092, -0.1993
-1.2519, 7.4823, -0.2009
-1.2538, 7.4539, -0.2018
-1.2557, 7.4248, -0.2020
-1.2579, 7.3956, -0.2030
-1.2600, 7.3653, -0.2040
-1.2621, 7.3341, -0.2050
-1.2641, 7.3023, -0.2055
-1.2664, 7.2671, -0.2065
-1.2685, 7.2334, -0.2072
-1.2710, 7.1989, -0.2084
-1.2727, 7.1633, -0.2082
-1.2751, 7.1281, -0.2092
-1.2774, 7.0920, -0.2099
-1.2797, 7.0570, -0.2105
-1.2818, 7.0232, -0.2110
-1.2840, 6.9883, -0.2112
-1.2861, 6.9563, -0.2122
-1.2883, 6.9227, -0.2134
-1.2903, 6.8916, -0.2136
-1.2925, 6.8613, -0.2152
-1.2945, 6.8301, -0.2154
-1.2962, 6.8009, -0.2162
-1.2982, 6.7715, -0.2171
-1.2998, 6.7437, -0.2169
-1.3017, 6.7165, -0.2180
-1.3037, 6.6873, -0.2189
-1.3056, 6.6602, -0.2194
-1.3075, 6.6319, -0.2203
-1.3092, 6.6039, -0.2204
-1.3112, 6.5766, -0.2218
-1.3129, 6.5474, -0.2219
-1.3145, 6.5202, -0.2223
-1.3166, 6.4933, -0.2238
-1.3182, 6.4650, -0.2241
-1.3199, 6.4384, -0.2246
-1.3219, 6.4119, -0.2257
-1.3234, 6.3841, -0.2256
-1.3253, 6.3577, -0.2267
-1.3274, 6.3291, -0.2279
-1.3293, 6.3017, -0.2289
-1.3316, 6.2732, -0.2309
-1.3337, 6.2437, -0.2319
-1.3358, 6.2133, -0.2331
-1.3381, 6.1817, -0.2344
-1.3400, 6.1502, -0.2352
-1.3423, 6.1181, -0.2363
-1.3444, 6.0859, -0.2373
-1.3465, 6.0524, -0.2379
-1.3487, 6.0180, -0.2384
-1.3509, 5.9840, -0.2394
-1.3532, 5.9498, -0.2401
-1.3553, 5.9154, -0.2409
-1.3574, 5.8832, -0.2414
-1.3595, 5.8506, -0.2424
-1.3615, 5.8196, -0.2429
-1.3633, 5.7892, -0.2435
-1.3655, 5.7593, -0.2447
-1.3671, 5.7323, -0.2447
-1.3690, 5.7049, -0.2459
-1.3711, 5.6775, -0.2468
-1.3731, 5.6507, -0.2480
-1.3747, 5.6239, -0.2484
-1.3768, 5.5977, -0.2493
-1.3783, 5.5717, -0.2497
-1.3800, 5.5455, -0.2500
-1.3817, 5.5184, -0.2507
-1.3836, 5.4918, -0.2518
-1.3855, 5.4643, -0.2525
-1.3874, 5.4349, -0.2533
-1.3895, 5.4050, -0.2540
-1.3916, 5.3762, -0.2552
-1.3936, 5.3451, -0.2557
-1.3958, 5.3132, -0.2567
-1.3980, 5.2816, -0.2575
-1.4002, 5.2467, -0.2583
-1.4026, 5.2128, -0.2592
-1.4045, 5.1788, -0.2594
-1.4067, 5.1455, -0.2604
-1.4087, 5.1109, -0.2610
-1.4112, 5.0759, -0.2619
-1.4138, 5.0412, -0.2632
-1.4161, 5.0057, -0.2640
-1.4186, 4.9694, -0.2651
-1.4212, 4.9346, -0.2665
-1.4236, 4.8998, -0.2673
-1.4258, 4.8640, -0.2682
-1.4282, 4.8291, -0.2692
-1.4301, 4.7934, -0.2688
-1.4324, 4.7596, -0.2697
-1.4343, 4.7252, -0.2699
-1.4361, 4.6921, -0.2698
-1.4381, 4.6597, -0.2701
-1.4403, 4.6266, -0.2708
-1.4422, 4.5966, -0.2714
-1.4440, 4.5679, -0.2714
-1.4458, 4.5390, -0.2721
-1.4473, 4.5116, -0.2717
-1.4487, 4.4832, -0.2714
-1.4498, 4.4567, -0.2708
-1.4507, 4.4307, -0.2695
-1.4518, 4.4036, -0.2686
-1.4531, 4.3775, -0.2681
-1.4539, 4.3513, -0.2669
-1.4551, 4.3250, -0.2660
-1.4564, 4.2984, -0.2657
-1.4576, 4.2699, -0.2648
-1.4590, 4.2412, -0.2642
-1.4609, 4.2109, -0.2648
-1.4626, 4.1794, -0.2646
-1.4646, 4.1480, -0.2653
-1.4664, 4.1145, -0.2655
-1.4678, 4.0815, -0.2646
-1.4697, 4.0478, -0.2649
-1.4717, 4.0132, -0.2650
-1.4734, 3.9800, -0.2649
-1.4755, 3.9458, -0.2653
-1.4771, 3.9137, -0.2651
-1.4789, 3.8811, -0.2653
-1.4810, 3.8484, -0.2662
-1.4830, 3.8171, -0.2666
-1.4854, 3.7853, -0.2681
-1.4877, 3.7541, -0.2695
-1.4896, 3.7238, -0.2699
-1.4915, 3.6920, -0.2706
-1.4937, 3.6622, -0.2716
-1.4952, 3.6321, -0.2712
-1.4971, 3.6019, -0.2716
-1.4989, 3.5725, -0.2720
-1.5004, 3.5415, -0.2717
-1.5021, 3.5115, -0.2719
-1.5042, 3.4817, -0.2731
-1.5061, 3.4518, -0.2734
-1.5078, 3.4237, -0.2738
-1.5094, 3.3968, -0.2740
-1.5115, 3.3688, -0.2752
-1.5132, 3.3421, -0.2757
-1.5149, 3.3149, -0.2763
-1.5168, 3.2887, -0.2770
-1.5186, 3.2626, -0.2777
-1.5204, 3.2358, -0.2785
-1.5226, 3.2075, -0.2799
-1.5244, 3.1790, -0.2804
-1.5266, 3.1498, -0.2816
-1.5287, 3.1203, -0.2826
-1.5305, 3.0898, -0.2828
-1.5327, 3.0576, -0.2840
-1.5351, 3.0225, -0.2851
-1.5370, 2.9894, -0.2852
-1.5398, 2.9550, -0.2874
-1.5418, 2.9189, -0.2870
-1.5439, 2.8853, -0.2877
-1.5461, 2.8508, -0.2883
-1.5476, 2.8160, -0.2873
-1.5498, 2.7827, -0.2881
-1.5521, 2.7479, -0.2888
-1.5536, 2.7160, -0.2883
-1.5557, 2.6848, -0.2892
-1.5579, 2.6543, -0.2903
-1.5598, 2.6234, -0.2908
-1.5622, 2.5920, -0.2921
-1.5646, 2.5618, -0.2933
-1.5665, 2.5322, -0.2941
-1.5685, 2.5020, -0.2943
-1.5706, 2.4713, -0.2952
-1.5725, 2.4396, -0.2954
-1.5745, 2.4082, -0.2959
-1.5764, 2.3774, -0.2964
-1.5783, 2.3448, -0.2962
-1.5799, 2.3148, -0.2961
-1.5820, 2.2839, -0.2972
-1.5842, 2.2533, -0.2979
-1.5863, 2.2226, -0.2986
-1.5886, 2.1908, -0.3002
-1.5910, 2.1627, -0.3017
-1.5929, 2.1327, -0.3022
-1.5952, 2.1021, -0.3036
-1.5975, 2.0707, -0.3051
-1.5998, 2.0372, -0.3060
-1.6023, 2.0058, -0.3075
-1.6043, 1.9740, -0.3080
-1.6063, 1.9402, -0.3087
-1.6083, 1.9074, -0.3090
-1.6105, 1.8728, -0.3098
-1.6127, 1.8387, -0.3105
-1.6152, 1.8043, -0.3119
-1.6173, 1.7696, -0.3121
-1.6196, 1.7361, -0.3133
-1.6218, 1.7029, -0.3139
-1.6236, 1.6691, -0.3138
-1.6258, 1.6357, -0.3146
-1.6279, 1.6029, -0.3152
-1.6294, 1.5734, -0.3149
-1.6311, 1.5450, -0.3151
-1.6326, 1.5167, -0.3152
-1.6344, 1.4892, -0.3160
-1.6365, 1.4603, -0.3167
-1.6383, 1.4333, -0.3176
-1.6402, 1.4069, -0.3185
-1.6424, 1.3797, -0.3200
-1.6443, 1.3532, -0.3207
-1.6465, 1.3256, -0.3220
-1.6482, 1.2980, -0.3225
-1.6498, 1.2698, -0.3228
-1.6515, 1.2400, -0.3226
-1.6528, 1.2126, -0.3224
-1.6546, 1.1835, -0.3228
-1.6567, 1.1538, -0.3233
-1.6584, 1.1242, -0.3236
-1.6607, 1.0932, -0.3251
-1.6629, 1.0634, -0.3261
-1.6649, 1.0333, -0.3270
-1.6673, 1.0023, -0.3286
-1.6698, 0.9710, -0.3300
-1.6720, 0.9382, -0.3312
-1.6743, 0.9066, -0.3324
-1.6763, 0.8742, -0.3328
-1.6784, 0.8403, -0.3336
-1.6806, 0.8078, -0.3340
-1.6826, 0.7743, -0.3343
-1.6848, 0.7400, -0.3350
-1.6873, 0.7061, -0.3367
-1.6896, 0.6703, -0.3374
-1.6919, 0.6367, -0.3384
-1.6943, 0.6027, -0.3393
-1.6966, 0.5693, -0.3401
-1.6984, 0.5362, -0.3401
-1.7005, 0.5040, -0.3407
-1.7021, 0.4729, -0.3403
-1.7040, 0.4434, -0.3405
-1.7056, 0.4136, -0.3404
-1.7072, 0.3859, -0.3404
-1.7089, 0.3573, -0.3407
-1.7108, 0.3309, -0.3419
-1.7128, 0.3039, -0.3430
-1.7148, 0.2761, -0.3438
-1.7168, 0.2497, -0.3450
-1.7191, 0.2231, -0.3464
-1.7209, 0.1965, -0.3471
-1.7224, 0.1685, -0.3471
-1.7245, 0.1391, -0.3478
-1.7260, 0.1115, -0.3474
-1.7276, 0.0823, -0.3475
-1.7295, 0.0524, -0.3480
-1.7312, 0.0226, -0.3480
-1.7333, -0.0095, -0.3488
-1.7358, -0.0407, -0.3503
-1.7378, -0.0719, -0.3508
-1.7404, -0.1039, -0.3527
-1.7426, -0.1334, -0.3539
-1.7447, -0.1646, -0.3547
-1.7474, -0.1971, -0.3563
-1.7494, -0.2290, -0.3568
-1.7515, -0.2620, -0.3573
-1.7538, -0.2950, -0.3584
-1.7556, -0.3259, -0.3588
-1.7580, -0.3575, -0.3600
-1.7599, -0.3903, -0.3604
-1.7618, -0.4235, -0.3607
-1.7642, -0.4562, -0.3621
-1.7666, -0.4879, -0.3632
-1.7685, -0.5199, -0.3635
-1.7709, -0.5522, -0.3647
-1.7729, -0.5846, -0.3655
-1.7748, -0.6154, -0.3654
-1.7765, -0.6449, -0.3655
-1.7778, -0.6751, -0.3649
-1.7796, -0.7019, -0.3651
-1.7813, -0.7289, -0.3655
-1.7831, -0.7564, -0.3662
-1.7850, -0.7842, -0.3669
-1.7871, -0.8125, -0.3681
-1.7893, -0.8391, -0.3698
-1.7916, -0.8658, -0.3715
-1.7934, -0.8937, -0.3721
-1.7955, -0.9221, -0.3730
-1.7976, -0.9522, -0.3739
-1.7993, -0.9818, -0.3739
-1.8013, -1.0119, -0.3745
-1.8035, -1.0435, -0.3752
-1.8052, -1.0748, -0.3751
-1.8077, -1.1075, -0.3766
-1.8100, -1.1401, -0.3775
-1.8121, -1.1742, -0.3787
-1.8147, -1.2078, -0.3802
-1.8172, -1.2403, -0.3816
-1.8194, -1.2728, -0.3825
-1.8218, -1.3069, -0.3835
-1.8244, -1.3406, -0.3852
-1.8270, -1.3749, -0.3867
-1.8290, -1.4082, -0.3870
-1.8309, -1.4408, -0.3871
-1.8334, -1.4738, -0.3884
-1.8352, -1.5077, -0.3885
-1.8375, -1.5421, -0.3896
-1.8398, -1.5748, -0.3904
-1.8417, -1.6081, -0.3908
-1.8441, -1.6417, -0.3916
-1.8462, -1.6732, -0.3923
-1.8480, -1.7049, -0.3925
-1.8498, -1.7356, -0.3925
-1.8519, -1.7658, -0.3937
-1.8533, -1.7962, -0.3929
-1.8550, -1.8241, -0.3929
-1.8567, -1.8513, -0.3929
-1.8580, -1.8781, -0.3927
-1.8598, -1.9048, -0.3936
-1.8619, -1.9321, -0.3947
-1.8635, -1.9575, -0.3953
-1.8656, -1.9841, -0.3966
-1.8677, -2.0104, -0.3978
-1.8697, -2.0371, -0.3985
-1.8715, -2.0659, -0.3989
-1.8732, -2.0929, -0.3992
-1.8750, -2.1210, -0.3994
-1.8772, -2.1513, -0.3999
-1.8791, -2.1801, -0.4006
-1.8812, -2.2103, -0.4014
-1.8831, -2.2407, -0.4018
-1.8853, -2.2720, -0.4033
-1.8880, -2.3035, -0.4050
-1.8900, -2.3344, -0.4057
-1.8923, -2.3648, -0.4067
-1.8952, -2.3954, -0.4092
-1.8974, -2.4271, -0.4101
-1.8992, -2.4601, -0.4103
-1.9020, -2.4917, -0.4124
-1.9040, -2.5237, -0.4127
-1.9064, -2.5556, -0.4142
-1.9084, -2.5874, -0.4148
-1.9104, -2.6207, -0.4151
-1.9127, -2.6517, -0.4164
-1.9148, -2.6842, -0.4169
-1.9172, -2.7169, -0.4181
-1.9194, -2.7473, -0.4190
-1.9211, -2.7786, -0.4191
-1.9231, -2.8102, -0.4196
-1.9252, -2.8407, -0.4202
-1.9266, -2.8709, -0.4201
-1.9283, -2.8978, -0.4203
-1.9297, -2.9244, -0.4201
-1.9310, -2.9506, -0.4197
-1.9328, -2.9768, -0.4201
-1.9342, -3.0038, -0.4202
-1.9358, -3.0288, -0.4210
-1.9379, -3.0542, -0.4224
-1.9397, -3.0809, -0.4235
-1.9416, -3.1053, -0.4243
-1.9433, -3.1323, -0.4247
-1.9446, -3.1595, -0.4242
-1.9463, -3.1865, -0.4246
-1.9480, -3.2160, -0.4249
-1.9494, -3.2435, -0.4244
-1.9512, -3.2719, -0.4246
-1.9526, -3.3009, -0.4243
-1.9545, -3.3310, -0.4249
-1.9567, -3.3616, -0.4258
-1.9587, -3.3910, -0.4271
-1.9606, -3.4212, -0.4274
-1.9629, -3.4510, -0.4292
-1.9652, -3.4818, -0.4300
-1.9676, -3.5133, -0.4315
-1.9695, -3.5438, -0.4318
-1.9716, -3.5754, -0.4327
-1.9739, -3.6068, -0.4337
-1.9755, -3.6381, -0.4336
-1.9776, -3.6706, -0.4343
-1.9798, -3.7032, -0.4352
-1.9819, -3.7361, -0.4357
-1.9842, -3.7702, -0.4367
-1.9862, -3.8011, -0.4374
-1.9883, -3.8335, -0.4378
-1.9904, -3.8653, -0.4384
-1.9920, -3.8970, -0.4383
-1.9940, -3.9285, -0.4388
-1.9958, -3.9577, -0.4390
-1.9972, -3.9866, -0.4386
-1.9990, -4.0140, -0.4388
-2.0002, -4.0407, -0.4383
-2.0016, -4.0671, -0.4382
-2.0036, -4.0929, -0.4397
-2.0051, -4.1182, -0.4402
-2.0071, -4.1455, -0.4413
-2.0093, -4.1712, -0.4428
-2.0111, -4.1971, -0.4436
-2.0127, -4.2231, -0.4437
-2.0144, -4.2507, -0.4438
-2.0161, -4.2785, -0.4442
-2.0177, -4.3052, -0.4440
-2.0189, -4.3335, -0.4432
-2.0205, -4.3609, -0.4429
-2.0224, -4.3888, -0.4443
-2.0242, -4.4180, -0.4444
-2.0262, -4.4459, -0.4457
-2.0281, -4.4737, -0.4462
-2.0299, -4.5011, -0.4470
-2.0323, -4.5289, -0.4490
-2.0346, -4.5575, -0.4501
-2.0367, -4.5855, -0.4512
-2.0391, -4.6152, -0.4528
-2.0411, -4.6450, -0.4536
-2.0429, -4.6743, -0.4543
-2.0444, -4.7042, -0.4540
-2.0464, -4.7346, -0.4546
-2.0488, -4.7655, -0.4559
-2.0505, -4.7986, -0.4560
-2.0523, -4.8299, -0.4561
-2.0550, -4.8615, -0.4579
-2.0566, -4.8928, -0.4578
-2.0585, -4.9248, -0.4580
-2.0609, -4.9574, -0.4595
-2.0623, -4.9872, -0.4589
-2.0640, -5.0167, -0.4591
