0.0000, 0.0001, 0.0001
0.0001, -0.0000, 0.0004
-0.0001, -0.0001, 0.0000
-0.0000, -0.0001, 0.0001
0.0002, -0.0004, 0.0003
-0.0002, -0.0000, 0.0001
-0.0001, 0.0001, 0.0003
-0.0004, 0.0005, 0.0003
-0.0003, 0.0001, 0.0000
-0.0003, 0.0002, 0.0003
-0.0001, 0.0002, 0.0005
-0.0003, 0.0005, 0.0002
-0.0004, 0.0004, 0.0003
-0.0001, 0.0003, 0.0003
-0.0004, 0.0007, 0.0006
-0.0005, 0.0009, 0.0002
-0.0005, 0.0010, 0.0010
-0.0005, 0.0008, 0.0002
-0.0005, 0.0013, 0.0008
-0.0005, 0.0012, 0.0007
-0.0006, 0.0014, 0.0009
-0.0006, 0.0010, 0.0007
-0.0008, 0.0016, 0.0009
-0.0007, 0.0014, 0.0006
-0.0006, 0.0016, 0.0008
-0.0007, 0.0017, 0.0005
-0.0008, 0.0022, 0.0007
-0.0006, 0.0021, 0.0010
-0.0007, 0.0019, 0.0010
-0.0006, 0.0022, 0.0007
-0.0008, 0.0026, 0.0010
-0.0006, 0.0021, 0.0008
-0.0006, 0.0021, 0.0009
-0.0009, 0.0023, 0.0007
-0.0009, 0.0026, 0.0005
-0.0008, 0.0025, 0.0006
-0.0011, 0.0028, 0.0002
-0.0010, 0.0024, 0.0007
-0.0010, 0.0026, 0.0007
-0.0014, 0.0028, 0.0006
-0.0012, 0.0026, 0.0004
-0.0010, 0.0027, 0.0006
-0.0008, 0.0025, 0.0010
-0.0010, 0.0029, 0.0002
-0.0012, 0.0028, 0.0008
-0.0013, 0.0028, 0.0009
-0.0012, 0.0030, 0.0004
-0.0013, 0.0031, 0.0004
-0.0010, 0.0027, 0.0011
-0.0013, 0.0030, 0.0004
-0.0012, 0.0027, 0.0001
-0.0013, 0.0031, 0.0002
-0.0014, 0.0034, 0.0004
-0.0012, 0.0029, 0.0004
-0.0012, 0.0029, 0.0000
-0.0013, 0.0027, 0.0002
-0.0012, 0.0030, 0.0005
-0.0011, 0.0027, 0.0003
-0.0012, 0.0031, 0.0004
-0.0009, 0.0027, 0.0005
-0.0012, 0.0029, 0.0003
-0.0010, 0.0028, 0.0005
-0.0012, 0.0028, -0.0002
-0.0010, 0.0027, 0.0001
-0.0008, 0.0027, 0.0007
-0.0008, 0.0026, 0.0000
-0.0009, 0.0026, 0.0004
-0.0011, 0.0023, -0.0000
-0.0010, 0.0024, 0.0001
-0.0007, 0.0022, -0.0000
-0.0007, 0.0020, -0.0000
-0.0009, 0.0022, 0.0003
-0.0007, 0.0021, 0.0001
-0.0006, 0.0019, 0.0001
-0.0007, 0.0020, 0.0001
-0.0009, 0.0020, -0.0001
-0.0008, 0.0018, 0.0001
-0.0007, 0.0016, 0.0004
-0.0006, 0.0014, 0.0005
-0.0006, 0.0014, 0.0003
-0.0007, 0.0021, 0.0001
-0.0008, 0.0019, 0.0000
-0.0007, 0.0017, -0.0005
-0.0005, 0.0016, 0.0000
-0.0007, 0.0017, 0.0000
-0.0004, 0.0017, 0.0001
-0.0006, 0.0017, 0.0007
-0.0007, 0.0018, 0.0003
-0.0006, 0.0016, 0.0006
-0.0004, 0.0014, -0.0003
-0.0004, 0.0012, 0.0007
-0.0004, 0.0015, 0.0004
-0.0004, 0.0011, 0.0004
-0.0005, 0.0011, 0.0004
-0.0005, 0.0015, 0.0005
-0.0005, 0.0015, 0.0006
-0.0005, 0.0018, 0.0008
-0.0006, 0.0012, 0.0003
-0.0003, 0.0014, 0.0008
-0.0003, 0.0014, 0.0006
-0.0006, 0.0014, 0.0006
-0.0004, 0.0015, 0.0006
-0.0005, 0.0018, 0.0006
-0.0006, 0.0016, 0.0004
-0.0005, 0.0016, 0.0003
-0.0006, 0.0020, 0.0007
-0.0006, 0.0017, 0.0004
-0.0004, 0.0014, 0.0006
-0.0007, 0.0020, 0.0004
-0.0006, 0.0018, 0.0008
-0.0008, 0.0020, 0.0004
-0.0007, 0.0020, 0.0006
-0.0008, 0.0020, 0.0008
-0.0009, 0.0016, 0.0005
-0.0009, 0.0021, 0.0009
-0.0009, 0.0023, 0.0008
-0.0010, 0.0024, 0.0009
-0.0007, 0.0024, 0.0004
-0.0007, 0.0022, 0.0010
-0.0008, 0.0024, 0.0009
-0.0009, 0.0026, 0.0014
-0.0011, 0.0028, 0.0008
-0.0010, 0.0026, 0.0009
-0.0011, 0.0026, 0.0004
-0.0012, 0.0028, 0.0008
-0.0010, 0.0021, 0.0007
-0.0012, 0.0029, 0.0009
-0.0009, 0.0025, 0.0012
-0.0008, 0.0028, 0.0011
-0.0011, 0.0025, 0.0005
-0.0008, 0.0024, 0.0013
-0.0009, 0.0029, 0.0010
-0.0009, 0.0028, 0.0007
-0.0010, 0.0027, 0.0012
-0.0012, 0.0030, 0.0006
-0.0010, 0.0032, 0.0004
-0.0009, 0.0023, 0.0009
-0.0011, 0.0025, 0.0007
-0.0009, 0.0024, 0.0008
-0.0012, 0.0030, 0.0005
-0.0012, 0.0029, 0.0004
-0.0010, 0.0025, 0.0007
-0.0011, 0.0025, 0.0005
-0.0010, 0.0026, 0.0006
-0.0008, 0.0025, 0.0007
-0.0011, 0.0026, 0.0003
-0.0009, 0.0026, 0.0005
-0.0009, 0.0024, 0.0005
-0.0009, 0.0024, 0.0005
-0.0008, 0.0020, 0.0002
-0.0010, 0.0026, 0.0004
-0.0011, 0.0024, 0.0004
-0.0010, 0.0024, 0.0005
-0.0008, 0.0023, 0.0009
-0.0010, 0.0022, 0.0004
-0.0011, 0.0024, 0.0002
-0.0010, 0.0022, 0.0006
-0.0010, 0.0024, 0.0006
-0.0010, 0.0023, 0.0005
-0.0010, 0.0024, 0.0004
-0.0010, 0.0022, 0.0001
-0.0007, 0.0023, 0.0008
-0.0007, 0.0023, 0.0003
-0.0008, 0.0020, 0.0005
-0.0008, 0.0021, 0.0006
-0.0007, 0.0022, 0.0005
-0.0007, 0.0020, 0.0006
-0.0005, 0.0019, 0.0007
-0.0006, 0.0019, 0.0009
-0.0005, 0.0019, 0.0006
-0.0006, 0.0019, 0.0001
-0.0009, 0.0020, 0.0001
-0.0006, 0.0019, 0.0005
-0.0006, 0.0015, 0.0004
-0.0005, 0.0016, 0.0006
-0.0007, 0.0018, 0.0001
-0.0006, 0.0016, 0.0003
-0.0006, 0.0017, 0.0004
-0.0006, 0.0016, 0.0004
-0.0006, 0.0016, 0.0004
-0.0003, 0.0014, 0.0002
-0.0005, 0.0018, 0.0002
-0.0006, 0.0017, 0.0005
-0.0007, 0.0017, -0.0000
-0.0006, 0.0016, 0.0004
-0.0006, 0.0016, 0.0005
-0.0006, 0.0018, 0.0004
-0.0007, 0.0015, 0.0001
-0.0006, 0.0018, 0.0005
-0.0008, 0.0018, 0.0003
-0.0007, 0.0018, 0.0002
-0.0009, 0.0022, 0.0004
-0.0008, 0.0018, 0.0005
-0.0007, 0.0020, -0.0000
-0.0007, 0.0017, 0.0002
-0.0006, 0.0020, 0.0003
-0.0006, 0.0018, 0.0001
-0.0005, 0.0015, 0.0003
-0.0008, 0.0019, 0.0002
-0.0007, 0.0019, 0.0005
-0.0009, 0.0019, 0.0005
-0.0007, 0.0020, 0.0004
-0.0008, 0.0020, 0.0003
-0.0009, 0.0020, 0.0000
-0.0008, 0.0024, 0.0003
-0.0006, 0.0017, 0.0003
-0.0006, 0.0020, 0.0005
-0.0006, 0.0021, 0.0005
-0.0006, 0.0021, 0.0008
-0.0007, 0.0021, 0.0008
-0.0009, 0.0022, 0.0005
-0.0010, 0.0024, 0.0007
-0.0008, 0.0022, 0.0007
-0.0009, 0.0022, 0.0006
-0.0008, 0.0022, 0.0006
-0.0009, 0.0022, 0.0007
-0.0010, 0.0024, 0.0006
-0.0009, 0.0023, 0.0008
-0.0008, 0.0022, 0.0006
-0.0008, 0.0025, 0.0010
-0.0009, 0.0024, 0.0006
-0.0010, 0.0023, 0.0010
-0.0009, 0.0022, 0.0007
-0.0009, 0.0026, 0.0008
-0.0008, 0.0025, 0.0009
-0.0010, 0.0028, 0.0009
-0.0009, 0.0022, 0.0006
-0.0010, 0.0024, 0.0009
-0.0009, 0.0024, 0.0007
-0.0009, 0.0026, 0.0012
-0.0009, 0.0026, 0.0007
-0.0009, 0.0024, 0.0009
-0.0011, 0.0025, 0.0010
-0.0008, 0.0023, 0.0012
-0.0008, 0.0023, 0.0012
-0.0008, 0.0026, 0.0012
-0.0008, 0.0023, 0.0009
-0.0010, 0.0023, 0.0008
-0.0011, 0.0027, 0.0008
-0.0010, 0.0025, 0.0011
-0.0009, 0.0020, 0.0009
-0.0008, 0.0024, 0.0012
-0.0008, 0.0019, 0.0009
-0.0007, 0.0019, 0.0010
-0.0006, 0.0022, 0.0007
-0.0006, 0.0020, 0.0010
-0.0008, 0.0021, 0.0009
-0.0009, 0.0022, 0.0009
-0.0007, 0.0021, 0.0010
-0.0008, 0.0024, 0.0008
-0.0008, 0.0019, 0.0008
-0.0008, 0.0021, 0.0002
-0.0007, 0.0019, 0.0005
-0.0007, 0.0021, 0.0005
-0.0008, 0.0024, 0.0004
-0.0008, 0.0020, 0.0007
-0.0008, 0.0018, 0.0004
-0.0009, 0.0024, 0.0003
-0.0007, 0.0018, 0.0002
-0.0005, 0.0021, 0.0005
-0.0006, 0.0022, 0.0006
-0.0005, 0.0017, 0.0005
-0.0005, 0.0018, 0.0007
-0.0007, 0.0017, 0.0002
-0.0008, 0.0019, 0.0005
-0.0008, 0.0019, 0.0004
-0.0006, 0.0016, 0.0005
-0.0005, 0.0020, 0.0004
-0.0006, 0.0017, 0.0003
-0.0009, 0.0019, 0.0002
-0.0006, 0.0015, 0.0006
-0.0006, 0.0017, 0.0004
-0.0006, 0.0015, 0.0005
-0.0007, 0.0016, 0.0006
-0.0006, 0.0019, 0.0006
-0.0006, 0.0018, 0.0005
-0.0008, 0.0021, 0.0003
-0.0007, 0.0015, 0.0004
-0.0005, 0.0015, 0.0005
-0.0007, 0.0017, 0.0004
-0.0006, 0.0014, 0.0001
-0.0008, 0.0017, 0.0000
-0.0005, 0.0016, 0.0004
-0.0006, 0.0018, 0.0002
-0.0005, 0.0020, 0.0007
-0.0007, 0.0020, 0.0004
-0.0007, 0.0018, 0.0006
-0.0006, 0.0021, 0.0004
-0.0007, 0.0019, 0.0005
-0.0006, 0.0020, 0.0003
-0.0007, 0.0021, 0.0004
-0.0007, 0.0017, 0.0002
-0.0007, 0.0019, 0.0001
-0.0009, 0.0021, 0.0004
-0.0007, 0.0019, 0.0001
-0.0007, 0.0021, 0.0006
-0.0010, 0.0023, 0.0003
-0.0008, 0.0017, 0.0004
-0.0008, 0.0020, 0.0004
-0.0007, 0.0021, 0.0007
-0.0008, 0.0022, 0.0004
-0.0008, 0.0022, 0.0005
-0.0008, 0.0021, 0.0003
-0.0007, 0.0021, 0.0006
-0.0008, 0.0018, 0.0005
-0.0007, 0.0020, 0.0007
-0.0009, 0.0021, 0.0003
-0.0009, 0.0022, 0.0005
-0.0009, 0.0021, 0.0002
-0.0007, 0.0025, 0.0011
-0.0009, 0.0023, 0.0007
-0.0006, 0.0022, 0.0009
-0.0007, 0.0023, 0.0006
-0.0010, 0.0024, 0.0008
-0.0009, 0.0025, 0.0007
-0.0011, 0.0026, 0.0008
-0.0009, 0.0027, 0.0008
-0.0010, 0.0026, 0.0004
-0.0010, 0.0026, 0.0006
-0.0009, 0.0026, 0.0006
-0.0010, 0.0026, 0.0008
-0.0009, 0.0026, 0.0008
-0.0009, 0.0023, 0.0007
-0.0011, 0.0022, 0.0007
-0.0011, 0.0021, 0.0010
-0.0010, 0.0024, 0.0006
-0.0009, 0.0024, 0.0008
-0.0010, 0.0023, 0.0005
-0.0009, 0.0024, 0.0010
-0.0008, 0.0024, 0.0006
-0.0007, 0.0021, 0.0008
-0.0006, 0.0019, 0.0007
-0.0007, 0.0021, 0.0011
-0.0008, 0.0020, 0.0007
-0.0009, 0.0021, 0.0008
-0.0007, 0.0021, 0.0005
-0.0005, 0.0020, 0.0008
-0.0007, 0.0020, 0.0004
-0.0008, 0.0019, 0.0008
-0.0008, 0.0019, 0.0006
-0.0007, 0.0020, 0.0007
-0.0006, 0.0019, 0.0005
-0.0006, 0.0016, 0.0006
-0.0005, 0.0019, 0.0006
-0.0006, 0.0018, 0.0004
-0.0007, 0.0018, 0.0003
-0.0008, 0.0019, 0.0006
-0.0005, 0.0017, 0.0006
-0.0006, 0.0017, 0.0008
-0.0006, 0.0017, 0.0005
-0.0006, 0.0017, 0.0002
-0.0007, 0.0017, 0.0003
-0.0006, 0.0018, 0.0007
-0.0004, 0.0016, 0.0005
-0.0004, 0.0015, 0.0006
-0.0004, 0.0015, 0.0003
-0.0006, 0.0016, 0.0002
-0.0004, 0.0015, 0.0007
-0.0007, 0.0016, 0.0007
-0.0005, 0.0015, 0.0009
-0.0006, 0.0016, 0.0007
-0.0004, 0.0015, 0.0008
-0.0003, 0.0014, 0.0006
-0.0005, 0.0015, 0.0007
-0.0004, 0.0011, 0.0007
-0.0005, 0.0014, 0.0009
-0.0005, 0.0013, 0.0005
-0.0006, 0.0014, 0.0005
-0.0004, 0.0013, 0.0005
-0.0006, 0.0016, 0.0004
-0.0005, 0.0012, 0.0005
-0.0004, 0.0014, 0.0006
-0.0005, 0.0015, 0.0004
-0.0006, 0.0017, 0.0010
-0.0004, 0.0017, 0.0005
-0.0004, 0.0016, 0.0010
-0.0006, 0.0016, 0.0004
-0.0003, 0.0013, 0.0011
-0.0003, 0.0016, 0.0002
-0.0004, 0.0015, 0.0004
-0.0006, 0.0017, 0.0002
-0.0006, 0.0017, 0.0006
-0.0007, 0.0020, 0.0003
-0.0007, 0.0017, 0.0005
-0.0006, 0.0014, 0.0004
-0.0007, 0.0018, 0.0006
-0.0004, 0.0017, 0.0008
-0.0005, 0.0017, 0.0006
-0.0004, 0.0019, 0.0011
-0.0004, 0.0018, 0.0008
-0.0007, 0.0018, 0.0007
-0.0006, 0.0016, 0.0006
-0.0006, 0.0017, 0.0008
-0.0008, 0.0016, 0.0005
-0.0007, 0.0017, 0.0003
-0.0006, 0.0019, 0.0004
-0.0005, 0.0020, 0.0008
-0.0007, 0.0024, 0.0001
-0.0005, 0.0022, 0.0004
-0.0007, 0.0022, 0.0005
-0.0007, 0.0019, 0.0004
-0.0007, 0.0021, 0.0006
-0.0007, 0.0022, 0.0006
-0.0007, 0.0016, 0.0007
-0.0008, 0.0020, 0.0005
-0.0008, 0.0023, 0.0003
-0.0005, 0.0020, 0.0004
-0.0009, 0.0023, 0.0005
-0.0009, 0.0021, 0.0003
-0.0006, 0.0016, 0.0005
-0.0009, 0.0018, 0.0006
-0.0005, 0.0019, 0.0007
-0.0006, 0.0020, 0.0007
-0.0009, 0.0023, 0.0002
-0.0008, 0.0019, 0.0003
-0.0007, 0.0019, 0.0004
-0.0008, 0.0020, 0.0002
-0.0007, 0.0021, 0.0005
-0.0005, 0.0017, 0.0008
-0.0007, 0.0021, 0.0005
-0.0008, 0.0018, 0.0003
-0.0007, 0.0021, 0.0008
-0.0007, 0.0019, 0.0000
-0.0007, 0.0019, 0.0006
-0.0006, 0.0021, 0.0008
-0.0007, 0.0017, 0.0003
-0.0007, 0.0022, 0.0005
-0.0006, 0.0020, 0.0007
-0.0005, 0.0018, 0.0010
-0.0005, 0.0019, 0.0010
-0.0006, 0.0015, 0.0003
-0.0006, 0.0019, 0.0006
-0.0004, 0.0019, 0.0009
-0.0006, 0.0019, 0.0011
-0.0006, 0.0017, 0.0006
-0.0006, 0.0018, 0.0007
-0.0005, 0.0021, 0.0012
-0.0004, 0.0020, 0.0010
-0.0006, 0.0019, 0.0007
-0.0002, 0.0014, 0.0008
-0.0002, 0.0015, 0.0012
-0.0003, 0.0018, 0.0010
-0.0004, 0.0015, 0.0004
-0.0003, 0.0014, 0.0008
-0.0003, 0.0017, 0.0010
-0.0004, 0.0014, 0.0010
-0.0003, 0.0014, 0.0010
-0.0005, 0.0015, 0.0008
-0.0004, 0.0011, 0.0011
-0.0005, 0.0014, 0.0005
-0.0005, 0.0017, 0.0010
-0.0003, 0.0013, 0.0005
-0.0004, 0.0013, 0.0008
-0.0002, 0.0010, 0.0006
-0.0003, 0.0009, 0.0006
-0.0003, 0.0015, 0.0010
-0.0004, 0.0013, 0.0012
-0.0002, 0.0010, 0.0010
-0.0004, 0.0014, 0.0008
-0.0003, 0.0016, 0.0013
-0.0002, 0.0013, 0.0009
-0.0003, 0.0011, 0.0005
-0.0003, 0.0015, 0.0002
-0.0003, 0.0012, 0.0004
-0.0002, 0.0014, 0.0006
-0.0003, 0.0013, 0.0007
-0.0004, 0.0015, 0.0004
-0.0005, 0.0012, 0.0003
-0.0002, 0.0015, 0.0007
-0.0003, 0.0013, 0.0005
-0.0003, 0.0009, 0.0005
-0.0003, 0.0011, 0.0005
-0.0002, 0.0010, 0.0006
-0.0005, 0.0014, 0.0004
-0.0003, 0.0009, 0.0007
-0.0002, 0.0008, 0.0008
-0.0004, 0.0015, 0.0001
-0.0003, 0.0013, 0.0004
-0.0005, 0.0013, 0.0006
-0.0005, 0.0012, 0.0001
-0.0003, 0.0013, 0.0004
-0.0003, 0.0013, 0.0008
-0.0002, 0.0017, 0.0005
-0.0003, 0.0016, 0.0009
-0.0003, 0.0013, 0.0005
-0.0003, 0.0017, 0.0009
-0.0004, 0.0013, 0.0004
-0.0003, 0.0012, 0.0004
-0.0003, 0.0014, 0.0007
-0.0005, 0.0015, 0.0005
-0.0005, 0.0017, 0.0005
-0.0004, 0.0015, 0.0005
-0.0004, 0.0016, 0.0004
-0.0002, 0.0013, 0.0006
-0.0005, 0.0013, 0.0005
-0.0002, 0.0014, 0.0007
-0.0005, 0.0015, 0.0010
-0.0006, 0.0016, 0.0007
-0.0003, 0.0013, 0.0011
-0.0005, 0.0015, 0.0006
-0.0002, 0.0015, 0.0009
-0.0004, 0.0011, 0.0007
-0.0004, 0.0014, 0.0005
-0.0006, 0.0014, 0.0005
-0.0003, 0.0013, 0.0003
-0.0005, 0.0012, 0.0005
-0.0002, 0.0012, 0.0006
-0.0005, 0.0016, 0.0007
-0.0005, 0.0014, 0.0008
-0.0007, 0.0018, 0.0004
-0.0004, 0.0012, 0.0005
-0.0003, 0.0013, 0.0005
-0.0006, 0.0014, 0.0003
-0.0004, 0.0013, 0.0006
-0.0004, 0.0014, 0.0007
-0.0003, 0.0015, 0.0013
-0.0003, 0.0012, 0.0006
-0.0003, 0.0012, 0.0008
-0.0002, 0.0012, 0.0010
-0.0003, 0.0012, 0.0005
-0.0002, 0.0011, 0.0007
-0.0002, 0.0013, 0.0010
-0.0002, 0.0012, 0.0007
-0.0003, 0.0012, 0.0009
-0.0004, 0.0009, 0.0010
-0.0003, 0.0013, 0.0011
-0.0000, 0.0009, 0.0013
-0.0004, 0.0015, 0.0009
-0.0003, 0.0010, 0.0008
-0.0002, 0.0013, 0.0006
-0.0001, 0.0013, 0.0007
-0.0000, 0.0011, 0.0010
-0.0000, 0.0007, 0.0010
-0.0002, 0.0013, 0.0010
-0.0003, 0.0009, 0.0007
-0.0002, 0.0011, 0.0010
0.0000, 0.0008, 0.0013
-0.0001, 0.0010, 0.0010
0.0000, 0.0008, 0.0012
0.0000, 0.0009, 0.0014
0.0001, 0.0008, 0.0009
0.0000, 0.0005, 0.0009
0.0001, 0.0004, 0.0009
-0.0001, 0.0005, 0.0008
-0.0000, 0.0010, 0.0010
-0.0001, 0.0009, 0.0010
0.0000, 0.0007, 0.0010
0.0002, 0.0006, 0.0009
-0.0000, 0.0005, 0.0010
0.0000, 0.0007, 0.0009
-0.0001, 0.0005, 0.0009
-0.0002, 0.0006, 0.0009
-0.0000, 0.0007, 0.0011
0.0000, 0.0009, 0.0010
-0.0000, 0.0012, 0.0010
0.0001, 0.0003, 0.0007
0.0001, 0.0003, 0.0011
0.0002, 0.0006, 0.0010
0.0002, 0.0006, 0.0010
-0.0001, 0.0006, 0.0006
-0.0000, 0.0003, 0.0007
-0.0000, 0.0007, 0.0009
0.0001, 0.0002, 0.0009
0.0001, 0.0005, 0.0012
-0.0001, 0.0006, 0.0009
-0.0002, 0.0005, 0.0006
-0.0000, 0.0007, 0.0011
0.0000, 0.0008, 0.0010
0.0001, 0.0003, 0.0011
0.0001, 0.0007, 0.0009
0.0002, 0.0002, 0.0010
0.0001, 0.0005, 0.0009
0.0002, 0.0007, 0.0010
0.0002, 0.0007, 0.0012
0.0000, 0.0010, 0.0008
0.0000, 0.0008, 0.0007
-0.0001, 0.0009, 0.0010
-0.0000, 0.0006, 0.0014
-0.0000, 0.0005, 0.0003
0.0001, 0.0007, 0.0009
0.0001, 0.0003, 0.0009
0.0001, 0.0002, 0.0003
0.0002, 0.0006, 0.0010
0.0001, 0.0006, 0.0003
-0.0000, 0.0008, 0.0009
0.0001, 0.0004, 0.0009
-0.0000, 0.0007, 0.0008
0.0001, 0.0005, 0.0009
-0.0001, 0.0007, 0.0005
-0.0002, 0.0006, 0.0003
-0.0000, 0.0007, 0.0007
-0.0002, 0.0007, 0.0007
-0.0001, 0.0007, 0.0006
0.0000, 0.0004, 0.0011
-0.0000, 0.0004, 0.0006
0.0000, 0.0006, 0.0009
0.0002, 0.0002, 0.0011
0.0001, 0.0003, 0.0007
0.0001, 0.0009, 0.0008
-0.0000, 0.0007, 0.0005
0.0001, 0.0003, 0.0009
-0.0001, 0.0003, 0.0005
0.0001, 0.0006, 0.0005
-0.0001, 0.0006, 0.0007
0.0002, 0.0005, 0.0005
0.0001, 0.0005, 0.0009
0.0000, 0.0002, 0.0012
0.0001, 0.0002, 0.0007
0.0000, 0.0007, 0.0012
-0.0001, 0.0005, 0.0007
0.0001, 0.0007, 0.0012
-0.0000, 0.0005, 0.0011
-0.0000, 0.0002, 0.0007
0.0000, 0.0004, 0.0008
0.0001, 0.0004, 0.0010
0.0002, 0.0002, 0.0010
0.0004, 0.0002, 0.0012
0.0001, 0.0003, 0.0011
0.0003, 0.0001, 0.0014
0.0002, 0.0003, 0.0013
0.0001, 0.0001, 0.0007
0.0003, 0.0001, 0.0009
0.0002, -0.0001, 0.0009
0.0002, 0.0001, 0.0006
-0.0000, 0.0004, 0.0011
-0.0000, 0.0003, 0.0008
0.0001, 0.0002, 0.0010
0.0002, 0.0001, 0.0008
0.0003, 0.0000, 0.0010
0.0001, 0.0001, 0.0007
0.0001, 0.0001, 0.0010
0.0001, 0.0001, 0.0009
0.0003, -0.0001, 0.0010
0.0002, -0.0000, 0.0007
0.0003, 0.0001, 0.0007
0.0002, -0.0001, 0.0003
0.0003, 0.0001, 0.0008
0.0004, -0.0004, 0.0008
0.0004, -0.0000, 0.0006
0.0004, 0.0000, 0.0007
0.0004, -0.0002, 0.0003
0.0003, -0.0002, 0.0004
0.0004, -0.0003, 0.0007
0.0004, -0.0003, 0.0009
0.0003, -0.0007, 0.0008
0.0003, -0.0002, 0.0006
0.0003, -0.0001, 0.0008
0.0003, -0.0003, 0.0009
0.0003, 0.0000, 0.0006
0.0003, -0.0005, 0.0007
0.0004, -0.0006, 0.0008
0.0005, -0.0006, 0.0004
0.0003, -0.0002, 0.0003
0.0004, -0.0004, 0.0004
0.0004, -0.0003, 0.0008
0.0004, -0.0007, 0.0006
0.0002, -0.0003, 0.0005
0.0004, -0.0003, 0.0006
0.0004, -0.0002, 0.0007
0.0005, -0.0005, 0.0007
0.0005, -0.0008, 0.0009
0.0004, -0.0005, 0.0009
0.0005, -0.0005, 0.0007
0.0005, -0.0006, 0.0010
0.0005, -0.0005, 0.0008
0.0005, -0.0004, 0.0006
0.0004, -0.0005, 0.0003
0.0003, -0.0008, 0.0005
0.0004, -0.0005, 0.0009
0.0005, -0.0007, 0.0009
0.0006, -0.0007, 0.0008
0.0006, -0.0009, 0.0008
0.0004, -0.0009, 0.0005
0.0006, -0.0008, 0.0008
0.0006, -0.0007, 0.0009
0.0005, -0.0007, 0.0010
0.0005, -0.0010, 0.0004
0.0005, -0.0008, 0.0009
0.0008, -0.0008, 0.0011
0.0006, -0.0005, 0.0010
0.0005, -0.0007, 0.0006
0.0007, -0.0006, 0.0007
0.0006, -0.0008, 0.0006
0.0007, -0.0011, 0.0016
0.0007, -0.0011, 0.0010
0.0005, -0.0009, 0.0009
0.0006, -0.0010, 0.0009
0.0005, -0.0008, 0.0008
0.0007, -0.0012, 0.0007
0.0007, -0.0012, 0.0009
0.0006, -0.0011, 0.0009
0.0007, -0.0015, 0.0011
0.0006, -0.0011, 0.0009
0.0006, -0.0012, 0.0010
0.0004, -0.0005, 0.0006
0.0006, -0.0010, 0.0012
0.0005, -0.0008, 0.0009
0.0007, -0.0011, 0.0010
0.0005, -0.0010, 0.0012
0.0007, -0.0012, 0.0014
0.0007, -0.0012, 0.0007
0.0006, -0.0009, 0.0013
0.0007, -0.0011, 0.0008
0.0007, -0.0012, 0.0008
0.0007, -0.0011, 0.0011
0.0007, -0.0013, 0.0012
0.0007, -0.0013, 0.0012
0.0007, -0.0011, 0.0008
0.0007, -0.0009, 0.0012
0.0005, -0.0010, 0.0008
0.0008, -0.0009, 0.0009
0.0007, -0.0014, 0.0009
0.0006, -0.0012, 0.0010
0.0008, -0.0014, 0.0009
0.0009, -0.0013, 0.0011
0.0009, -0.0014, 0.0004
0.0009, -0.0014, 0.0008
0.0006, -0.0010, 0.0004
0.0007, -0.0013, 0.0011
0.0006, -0.0014, 0.0007
0.0008, -0.0013, 0.0006
0.0008, -0.0016, 0.0002
0.0007, -0.0013, 0.0007
0.0008, -0.0014, 0.0009
0.0007, -0.0013, 0.0010
0.0008, -0.0015, 0.0008
0.0008, -0.0012, 0.0008
0.0008, -0.0017, 0.0008
0.0008, -0.0016, 0.0008
0.0007, -0.0016, 0.0008
0.0008, -0.0015, 0.0011
0.0007, -0.0019, 0.0007
0.0008, -0.0017, 0.0009
0.0006, -0.0017, 0.0005
0.0008, -0.0017, 0.0010
0.0008, -0.0018, 0.0007
0.0007, -0.0017, 0.0007
0.0009, -0.0020, 0.0006
0.0010, -0.0022, 0.0008
0.0009, -0.0021, 0.0006
0.0007, -0.0020, 0.0007
0.0008, -0.0020, 0.0007
0.0009, -0.0017, 0.0011
0.0011, -0.0023, 0.0009
0.0009, -0.0020, 0.0007
0.0009, -0.0020, 0.0005
0.0009, -0.0017, 0.0003
0.0009, -0.0016, 0.0007
0.0009, -0.0018, 0.0005
0.0007, -0.0016, 0.0003
0.0009, -0.0020, 0.0011
0.0009, -0.0023, 0.0008
0.0009, -0.0021, 0.0008
0.0010, -0.0023, 0.0006
0.0008, -0.0020, 0.0007
0.0009, -0.0022, 0.0005
0.0009, -0.0022, 0.0006
0.0009, -0.0021, 0.0008
0.0010, -0.0024, 0.0010
0.0010, -0.0026, 0.0005
0.0011, -0.0024, 0.0009
0.0010, -0.0024, 0.0007
0.0010, -0.0024, 0.0003
0.0011, -0.0025, 0.0008
0.0010, -0.0026, 0.0006
0.0011, -0.0027, 0.0008
0.0009, -0.0024, 0.0008
0.0009, -0.0026, 0.0006
0.0010, -0.0025, 0.0003
0.0011, -0.0027, 0.0007
0.0010, -0.0023, 0.0007
0.0011, -0.0025, 0.0005
0.0011, -0.0026, 0.0004
0.0012, -0.0027, 0.0007
0.0011, -0.0026, 0.0007
0.0011, -0.0026, 0.0008
0.0012, -0.0025, 0.0003
0.0011, -0.0027, 0.0009
0.0012, -0.0027, 0.0008
0.0012, -0.0027, 0.0009
0.0011, -0.0026, 0.0009
0.0013, -0.0029, 0.0009
0.0012, -0.0026, 0.0008
0.0012, -0.0029, 0.0006
0.0013, -0.0033, 0.0009
0.0013, -0.0030, 0.0011
0.0012, -0.0030, 0.0008
0.0012, -0.0034, 0.0012
0.0014, -0.0032, 0.0011
0.0010, -0.0030, 0.0010
0.0012, -0.0029, 0.0010
0.0013, -0.0032, 0.0009
0.0012, -0.0029, 0.0006
0.0014, -0.0033, 0.0011
0.0012, -0.0031, 0.0009
0.0012, -0.0029, 0.0007
0.0012, -0.0031, 0.0008
0.0012, -0.0032, 0.0012
0.0013, -0.0033, 0.0009
0.0012, -0.0028, 0.0011
0.0013, -0.0035, 0.0008
0.0013, -0.0034, 0.0010
0.0013, -0.0033, 0.0008
0.0014, -0.0035, 0.0011
0.0013, -0.0032, 0.0007
0.0013, -0.0033, 0.0008
0.0015, -0.0036, 0.0014
0.0015, -0.0037, 0.0007
0.0014, -0.0035, 0.0011
0.0014, -0.0035, 0.0014
0.0014, -0.0036, 0.0010
0.0014, -0.0035, 0.0012
0.0015, -0.0037, 0.0012
0.0017, -0.0036, 0.0015
0.0016, -0.0034, 0.0014
0.0015, -0.0034, 0.0012
0.0014, -0.0035, 0.0009
0.0014, -0.0033, 0.0009
0.0015, -0.0038, 0.0011
0.0014, -0.0037, 0.0010
0.0017, -0.0039, 0.0009
0.0016, -0.0037, 0.0010
0.0016, -0.0042, 0.0010
0.0015, -0.0038, 0.0011
0.0016, -0.0040, 0.0011
0.0016, -0.0041, 0.0006
0.0014, -0.0039, 0.0013
0.0014, -0.0035, 0.0008
0.0015, -0.0038, 0.0014
0.0015, -0.0038, 0.0009
0.0015, -0.0041, 0.0011
0.0015, -0.0038, 0.0009
0.0015, -0.0039, 0.0007
0.0015, -0.0041, 0.0008
0.0017, -0.0040, 0.0011
0.0016, -0.0042, 0.0008
0.0016, -0.0039, 0.0008
0.0017, -0.0043, 0.0007
0.0018, -0.0040, 0.0012
0.0017, -0.0042, 0.0007
0.0016, -0.0042, 0.0009
0.0016, -0.0043, 0.0007
0.0017, -0.0046, 0.0009
0.0018, -0.0042, 0.0008
0.0019, -0.0043, 0.0010
0.0016, -0.0043, 0.0007
0.0016, -0.0043, 0.0007
0.0016, -0.0045, 0.0008
0.0016, -0.0044, 0.0010
0.0019, -0.0044, 0.0007
0.0017, -0.0046, 0.0008
0.0017, -0.0048, 0.0009
0.0018, -0.0050, 0.0010
0.0018, -0.0046, 0.0011
0.0017, -0.0046, 0.0008
0.0018, -0.0045, 0.0012
0.0018, -0.0048, 0.0009
0.0017, -0.0047, 0.0008
0.0017, -0.0050, 0.0009
0.0018, -0.0047, 0.0013
0.0017, -0.0046, 0.0009
0.0017, -0.0048, 0.0011
0.0018, -0.0052, 0.0011
0.0017, -0.0049, 0.0009
0.0019, -0.0050, 0.0011
0.0017, -0.0050, 0.0008
0.0018, -0.0051, 0.0009
0.0018, -0.0048, 0.0010
0.0018, -0.0050, 0.0010
0.0017, -0.0048, 0.0009
0.0019, -0.0051, 0.0014
0.0020, -0.0051, 0.0012
0.0020, -0.0050, 0.0013
0.0019, -0.0050, 0.0008
0.0019, -0.0053, 0.0011
0.0019, -0.0053, 0.0012
0.0020, -0.0053, 0.0013
0.0020, -0.0050, 0.0013
0.0019, -0.0052, 0.0014
0.0021, -0.0052, 0.0016
0.0022, -0.0057, 0.0012
0.0018, -0.0056, 0.0007
0.0021, -0.0057, 0.0014
0.0021, -0.0059, 0.0011
0.0022, -0.0054, 0.0013
0.0021, -0.0054, 0.0006
0.0024, -0.0057, 0.0013
0.0021, -0.0059, 0.0008
0.0021, -0.0060, 0.0011
0.0021, -0.0057, 0.0009
0.0023, -0.0059, 0.0011
0.0021, -0.0060, 0.0011
0.0022, -0.0060, 0.0011
0.0023, -0.0061, 0.0008
0.0024, -0.0059, 0.0009
0.0024, -0.0062, 0.0010
0.0025, -0.0062, 0.0011
0.0025, -0.0062, 0.0009
0.0023, -0.0062, 0.0008
0.0022, -0.0063, 0.0009
0.0022, -0.0065, 0.0007
0.0025, -0.0066, 0.0009
0.0026, -0.0064, 0.0010
0.0026, -0.0066, 0.0012
0.0025, -0.0066, 0.0009
0.0025, -0.0067, 0.0009
0.0023, -0.0067, 0.0006
0.0024, -0.0068, 0.0007
0.0027, -0.0070, 0.0009
0.0027, -0.0073, 0.0010
0.0026, -0.0073, 0.0006
0.0028, -0.0074, 0.0010
0.0029, -0.0075, 0.0007
0.0029, -0.0076, 0.0008
0.0033, -0.0078, 0.0009
0.0034, -0.0081, 0.0015
0.0036, -0.0085, 0.0011
0.0041, -0.0090, 0.0014
0.0045, -0.0098, 0.0008
0.0048, -0.0100, 0.0010
0.0050, -0.0108, 0.0007
0.0054, -0.0111, 0.0011
0.0057, -0.0115, 0.0010
0.0058, -0.0113, 0.0010
0.0060, -0.0118, 0.0009
0.0065, -0.0124, 0.0006
0.0067, -0.0128, 0.0008
0.0071, -0.0133, 0.0007
0.0073, -0.0137, 0.0011
0.0075, -0.0140, 0.0005
0.0078, -0.0146, 0.0007
0.0082, -0.0156, 0.0003
0.0081, -0.0157, 0.0007
0.0084, -0.0167, 0.0007
0.0088, -0.0172, 0.0006
0.0091, -0.0176, 0.0006
0.0093, -0.0184, 0.0006
0.0095, -0.0191, 0.0005
0.0099, -0.0198, 0.0008
0.0102, -0.0209, 0.0007
0.0107, -0.0218, 0.0009
0.0108, -0.0224, 0.0012
0.0112, -0.0236, 0.0011
0.0114, -0.0243, 0.0011
0.0121, -0.0256, 0.0014
0.0123, -0.0262, 0.0014
0.0129, -0.0274, 0.0015
0.0133, -0.0286, 0.0021
0.0139, -0.0300, 0.0019
0.0144, -0.0310, 0.0020
0.0150, -0.0326, 0.0020
0.0155, -0.0339, 0.0022
0.0161, -0.0356, 0.0024
0.0168, -0.0371, 0.0024
0.0175, -0.0389, 0.0021
0.0179, -0.0399, 0.0025
0.0185, -0.0419, 0.0023
0.0191, -0.0436, 0.0027
0.0195, -0.0451, 0.0022
0.0205, -0.0470, 0.0022
0.0208, -0.0484, 0.0023
0.0219, -0.0504, 0.0031
0.0226, -0.0520, 0.0029
0.0232, -0.0538, 0.0031
0.0238, -0.0562, 0.0028
0.0246, -0.0578, 0.0030
0.0254, -0.0596, 0.0030
0.0259, -0.0615, 0.0029
0.0266, -0.0633, 0.0031
0.0272, -0.0653, 0.0030
0.0281, -0.0670, 0.0031
0.0286, -0.0686, 0.0033
0.0295, -0.0707, 0.0034
0.0301, -0.0724, 0.0032
0.0311, -0.0744, 0.0038
0.0317, -0.0762, 0.0037
0.0325, -0.0780, 0.0041
0.0331, -0.0801, 0.0043
0.0338, -0.0817, 0.0042
0.0346, -0.0836, 0.0045
0.0353, -0.0854, 0.0047
0.0362, -0.0878, 0.0046
0.0372, -0.0897, 0.0049
0.0381, -0.0917, 0.0050
0.0388, -0.0936, 0.0052
0.0399, -0.0957, 0.0058
0.0407, -0.0977, 0.0058
0.0415, -0.0996, 0.0061
0.0425, -0.1017, 0.0058
0.0435, -0.1043, 0.0060
0.0443, -0.1063, 0.0063
0.0452, -0.1086, 0.0058
0.0463, -0.1110, 0.0067
0.0475, -0.1134, 0.0063
0.0485, -0.1156, 0.0064
0.0494, -0.1184, 0.0068
0.0507, -0.1207, 0.0068
0.0518, -0.1230, 0.0074
0.0529, -0.1256, 0.0075
0.0540, -0.1282, 0.0072
0.0552, -0.1313, 0.0076
0.0562, -0.1339, 0.0079
0.0571, -0.1366, 0.0077
0.0582, -0.1390, 0.0081
0.0589, -0.1413, 0.0081
0.0599, -0.1441, 0.0079
0.0609, -0.1470, 0.0080
0.0620, -0.1501, 0.0084
0.0630, -0.1529, 0.0082
0.0642, -0.1557, 0.0089
0.0650, -0.1595, 0.0083
0.0663, -0.1629, 0.0091
0.0672, -0.1663, 0.0094
0.0683, -0.1699, 0.0090
0.0695, -0.1736, 0.0092
0.0707, -0.1770, 0.0097
0.0718, -0.1804, 0.0099
0.0730, -0.1836, 0.0101
0.0740, -0.1869, 0.0099
0.0750, -0.1902, 0.0104
0.0762, -0.1936, 0.0109
0.0775, -0.1972, 0.0109
0.0786, -0.2001, 0.0109
0.0798, -0.2038, 0.0115
0.0807, -0.2071, 0.0114
0.0821, -0.2108, 0.0117
0.0833, -0.2144, 0.0119
0.0844, -0.2176, 0.0121
0.0858, -0.2215, 0.0124
0.0866, -0.2249, 0.0126
0.0879, -0.2289, 0.0126
0.0893, -0.2330, 0.0128
0.0905, -0.2369, 0.0129
0.0918, -0.2410, 0.0132
0.0932, -0.2452, 0.0132
0.0944, -0.2491, 0.0128
0.0957, -0.2534, 0.0134
0.0972, -0.2579, 0.0140
0.0986, -0.2623, 0.0140
0.0999, -0.2668, 0.0145
0.1013, -0.2709, 0.0142
0.1026, -0.2753, 0.0142
0.1041, -0.2796, 0.0146
0.1052, -0.2837, 0.0147
0.1064, -0.2880, 0.0143
0.1077, -0.2919, 0.0149
0.1094, -0.2966, 0.0145
0.1108, -0.3012, 0.0151
0.1123, -0.3054, 0.0152
0.1136, -0.3100, 0.0155
0.1151, -0.3147, 0.0157
0.1166, -0.3194, 0.0157
0.1181, -0.3244, 0.0158
0.1196, -0.3290, 0.0161
0.1209, -0.3337, 0.0158
0.1226, -0.3387, 0.0165
0.1240, -0.3441, 0.0161
0.1256, -0.3489, 0.0168
0.1272, -0.3538, 0.0169
0.1288, -0.3589, 0.0170
0.1304, -0.3640, 0.0170
0.1321, -0.3692, 0.0173
0.1337, -0.3743, 0.0176
0.1349, -0.3794, 0.0171
0.1366, -0.3844, 0.0173
0.1382, -0.3896, 0.0180
0.1399, -0.3948, 0.0174
0.1413, -0.4002, 0.0178
0.1431, -0.4056, 0.0179
0.1448, -0.4109, 0.0182
0.1465, -0.4165, 0.0183
0.1479, -0.4219, 0.0182
0.1497, -0.4279, 0.0184
0.1516, -0.4335, 0.0185
0.1534, -0.4389, 0.0187
0.1553, -0.4449, 0.0191
0.1571, -0.4506, 0.0191
0.1589, -0.4563, 0.0192
0.1607, -0.4623, 0.0196
0.1625, -0.4682, 0.0194
0.1644, -0.4741, 0.0198
0.1660, -0.4799, 0.0196
0.1679, -0.4859, 0.0200
0.1699, -0.4919, 0.0205
0.1718, -0.4978, 0.0209
0.1737, -0.5041, 0.0212
0.1755, -0.5102, 0.0212
0.1776, -0.5165, 0.0218
0.1795, -0.5226, 0.0218
0.1814, -0.5289, 0.0217
0.1833, -0.5350, 0.0221
0.1851, -0.5409, 0.0222
0.1871, -0.5475, 0.0225
0.1891, -0.5538, 0.0224
0.1910, -0.5600, 0.0231
0.1931, -0.5668, 0.0227
0.1952, -0.5729, 0.0231
0.1973, -0.5793, 0.0233
0.1994, -0.5859, 0.0240
0.2015, -0.5924, 0.0238
0.2036, -0.5986, 0.0244
0.2056, -0.6053, 0.0243
0.2078, -0.6122, 0.0245
0.2099, -0.6190, 0.0245
0.2122, -0.6260, 0.0254
0.2140, -0.6322, 0.0255
0.2165, -0.6393, 0.0256
0.2185, -0.6458, 0.0260
0.2209, -0.6525, 0.0267
0.2232, -0.6595, 0.0264
0.2253, -0.6660, 0.0270
0.2273, -0.6726, 0.0270
0.2298, -0.6793, 0.0278
0.2321, -0.6860, 0.0283
0.2343, -0.6930, 0.0283
0.2367, -0.6995, 0.0284
0.2392, -0.7070, 0.0291
0.2414, -0.7138, 0.0294
0.2436, -0.7211, 0.0293
0.2461, -0.7281, 0.0298
0.2485, -0.7352, 0.0300
0.2510, -0.7422, 0.0308
0.2535, -0.7494, 0.0312
0.2557, -0.7565, 0.0314
0.2583, -0.7637, 0.0317
0.2606, -0.7706, 0.0318
0.2632, -0.7777, 0.0319
0.2658, -0.7851, 0.0325
0.2682, -0.7920, 0.0328
0.2708, -0.7995, 0.0329
0.2731, -0.8066, 0.0333
0.2756, -0.8141, 0.0336
0.2782, -0.8217, 0.0338
0.2805, -0.8289, 0.0339
0.2831, -0.8362, 0.0342
0.2859, -0.8442, 0.0346
0.2885, -0.8513, 0.0350
0.2911, -0.8586, 0.0357
0.2939, -0.8657, 0.0356
0.2963, -0.8730, 0.0358
0.2990, -0.8806, 0.0362
0.3017, -0.8882, 0.0364
0.3046, -0.8956, 0.0371
0.3072, -0.9031, 0.0369
0.3100, -0.9107, 0.0372
0.3126, -0.9184, 0.0376
0.3154, -0.9258, 0.0380
0.3183, -0.9336, 0.0386
0.3213, -0.9412, 0.0389
0.3242, -0.9490, 0.0391
0.3272, -0.9568, 0.0400
0.3302, -0.9644, 0.0399
0.3330, -0.9723, 0.0403
0.3362, -0.9805, 0.0405
0.3391, -0.9882, 0.0413
0.3421, -0.9957, 0.0418
0.3451, -1.0036, 0.0422
0.3479, -1.0114, 0.0423
0.3512, -1.0192, 0.0426
0.3545, -1.0273, 0.0431
0.3576, -1.0355, 0.0438
0.3609, -1.0435, 0.0442
0.3639, -1.0516, 0.0447
0.3671, -1.0599, 0.0449
0.3705, -1.0674, 0.0453
0.3735, -1.0759, 0.0455
0.3768, -1.0839, 0.0460
0.3801, -1.0920, 0.0465
0.3837, -1.1003, 0.0471
0.3869, -1.1083, 0.0472
0.3900, -1.1163, 0.0481
0.3931, -1.1243, 0.0479
0.3966, -1.1325, 0.0485
0.4000, -1.1404, 0.0488
0.4034, -1.1488, 0.0494
0.4069, -1.1567, 0.0498
0.4101, -1.1647, 0.0500
0.4138, -1.1732, 0.0507
0.4171, -1.1813, 0.0510
0.4205, -1.1896, 0.0519
0.4239, -1.1978, 0.0519
0.4274, -1.2062, 0.0522
0.4308, -1.2144, 0.0525
0.4343, -1.2226, 0.0531
0.4381, -1.2312, 0.0539
0.4416, -1.2394, 0.0544
0.4449, -1.2476, 0.0545
0.4482, -1.2558, 0.0549
0.4522, -1.2646, 0.0553
0.4556, -1.2730, 0.0562
0.4591, -1.2815, 0.0560
0.4628, -1.2895, 0.0567
0.4666, -1.2981, 0.0571
0.4701, -1.3063, 0.0572
0.4737, -1.3144, 0.0582
0.4775, -1.3231, 0.0587
0.4810, -1.3314, 0.0588
0.4848, -1.3397, 0.0594
0.4882, -1.3482, 0.0598
0.4920, -1.3566, 0.0604
0.4956, -1.3650, 0.0608
0.4992, -1.3732, 0.0617
0.5030, -1.3819, 0.0619
0.5066, -1.3900, 0.0621
0.5103, -1.3986, 0.0630
0.5138, -1.4069, 0.0631
0.5175, -1.4153, 0.0637
0.5213, -1.4237, 0.0646
0.5249, -1.4317, 0.0649
0.5288, -1.4405, 0.0656
0.5322, -1.4486, 0.0660
0.5358, -1.4569, 0.0662
0.5397, -1.4653, 0.0669
0.5432, -1.4736, 0.0673
0.5468, -1.4817, 0.0684
0.5505, -1.4900, 0.0687
0.5541, -1.4983, 0.0693
0.5580, -1.5065, 0.0696
0.5617, -1.5152, 0.0706
0.5654, -1.5233, 0.0714
0.5691, -1.5320, 0.0717
0.5728, -1.5403, 0.0721
0.5765, -1.5489, 0.0724
0.5803, -1.5572, 0.0734
0.5842, -1.5654, 0.0740
0.5880, -1.5743, 0.0743
0.5918, -1.5826, 0.0756
0.5955, -1.5912, 0.0757
0.5994, -1.5998, 0.0764
0.6033, -1.6081, 0.0768
0.6071, -1.6172, 0.0772
0.6110, -1.6257, 0.0778
0.6146, -1.6340, 0.0783
0.6189, -1.6429, 0.0793
0.6226, -1.6517, 0.0802
0.6264, -1.6605, 0.0803
0.6304, -1.6692, 0.0810
0.6343, -1.6778, 0.0811
0.6383, -1.6868, 0.0820
0.6423, -1.6958, 0.0824
0.6464, -1.7050, 0.0833
0.6505, -1.7137, 0.0840
0.6545, -1.7225, 0.0845
0.6585, -1.7313, 0.0848
0.6626, -1.7402, 0.0855
0.6668, -1.7497, 0.0860
0.6712, -1.7589, 0.0869
0.6753, -1.7681, 0.0877
0.6796, -1.7771, 0.0886
0.6836, -1.7864, 0.0887
0.6879, -1.7956, 0.0896
0.6925, -1.8056, 0.0903
0.6965, -1.8151, 0.0904
0.7013, -1.8249, 0.0916
0.7056, -1.8345, 0.0917
0.7101, -1.8435, 0.0928
0.7146, -1.8535, 0.0933
0.7190, -1.8628, 0.0938
0.7236, -1.8725, 0.0948
0.7282, -1.8821, 0.0950
0.7328, -1.8924, 0.0958
0.7375, -1.9023, 0.0963
0.7421, -1.9121, 0.0967
0.7466, -1.9216, 0.0976
0.7513, -1.9313, 0.0981
0.7561, -1.9414, 0.0986
0.7609, -1.9515, 0.0987
0.7657, -1.9612, 0.0998
0.7702, -1.9715, 0.0999
0.7752, -1.9817, 0.1007
0.7799, -1.9918, 0.1011
0.7849, -2.0019, 0.1021
0.7898, -2.0122, 0.1023
0.7948, -2.0227, 0.1031
0.7998, -2.0331, 0.1041
0.8044, -2.0430, 0.1043
0.8093, -2.0539, 0.1055
0.8146, -2.0646, 0.1059
0.8196, -2.0747, 0.1067
0.8247, -2.0855, 0.1078
0.8297, -2.0960, 0.1082
0.8350, -2.1067, 0.1090
0.8400, -2.1174, 0.1098
0.8452, -2.1281, 0.1109
0.8506, -2.1389, 0.1116
0.8560, -2.1499, 0.1123
0.8611, -2.1604, 0.1137
0.8662, -2.1708, 0.1138
0.8717, -2.1822, 0.1151
0.8769, -2.1931, 0.1155
0.8821, -2.2032, 0.1168
0.8875, -2.2144, 0.1174
0.8932, -2.2251, 0.1185
0.8985, -2.2360, 0.1188
0.9042, -2.2476, 0.1199
0.9096, -2.2586, 0.1204
0.9152, -2.2697, 0.1213
0.9210, -2.2808, 0.1224
0.9264, -2.2918, 0.1229
0.9321, -2.3031, 0.1237
0.9381, -2.3144, 0.1248
0.9438, -2.3254, 0.1254
0.9498, -2.3369, 0.1260
0.9558, -2.3480, 0.1271
0.9617, -2.3590, 0.1282
0.9678, -2.3703, 0.1288
0.9739, -2.3813, 0.1297
0.9805, -2.3927, 0.1309
0.9874, -2.4036, 0.1326
0.9943, -2.4145, 0.1336
1.0016, -2.4255, 0.1358
1.0088, -2.4367, 0.1373
1.0164, -2.4474, 0.1389
1.0241, -2.4583, 0.1409
1.0313, -2.4693, 0.1424
1.0389, -2.4810, 0.1444
1.0462, -2.4919, 0.1457
1.0532, -2.5030, 0.1473
1.0606, -2.5135, 0.1489
1.0678, -2.5246, 0.1500
1.0748, -2.5350, 0.1518
1.0820, -2.5451, 0.1533
1.0893, -2.5552, 0.1547
1.0968, -2.5659, 0.1564
1.1043, -2.5759, 0.1580
1.1121, -2.5864, 0.1594
1.1198, -2.5971, 0.1613
1.1270, -2.6073, 0.1624
1.1347, -2.6184, 0.1643
1.1419, -2.6292, 0.1656
1.1494, -2.6406, 0.1669
1.1569, -2.6519, 0.1682
1.1644, -2.6635, 0.1697
1.1718, -2.6748, 0.1708
1.1793, -2.6865, 0.1722
1.1870, -2.6990, 0.1733
1.1948, -2.7106, 0.1748
1.2021, -2.7225, 0.1764
1.2098, -2.7344, 0.1777
1.2175, -2.7470, 0.1790
1.2252, -2.7587, 0.1807
1.2327, -2.7709, 0.1818
1.2404, -2.7830, 0.1835
1.2480, -2.7948, 0.1852
1.2557, -2.8071, 0.1864
1.2632, -2.8193, 0.1878
1.2705, -2.8315, 0.1890
1.2781, -2.8433, 0.1907
1.2857, -2.8554, 0.1923
1.2931, -2.8672, 0.1933
1.3005, -2.8787, 0.1949
1.3078, -2.8907, 0.1961
1.3153, -2.9029, 0.1975
1.3222, -2.9142, 0.1982
1.3294, -2.9257, 0.2002
1.3366, -2.9378, 0.2004
1.3438, -2.9495, 0.2021
1.3505, -2.9611, 0.2032
1.3573, -2.9723, 0.2046
1.3641, -2.9837, 0.2050
1.3710, -2.9958, 0.2061
1.3778, -3.0074, 0.2074
1.3847, -3.0190, 0.2083
1.3913, -3.0307, 0.2091
1.3978, -3.0419, 0.2102
1.4043, -3.0536, 0.2111
1.4107, -3.0653, 0.2119
1.4174, -3.0771, 0.2127
1.4235, -3.0888, 0.2134
1.4301, -3.1006, 0.2144
1.4364, -3.1125, 0.2156
1.4427, -3.1244, 0.2159
1.4490, -3.1364, 0.2170
1.4549, -3.1480, 0.2176
1.4615, -3.1602, 0.2189
1.4681, -3.1721, 0.2196
1.4744, -3.1844, 0.2202
1.4809, -3.1967, 0.2216
1.4876, -3.2086, 0.2225
1.4946, -3.2213, 0.2237
1.5010, -3.2340, 0.2243
1.5076, -3.2462, 0.2257
1.5141, -3.2591, 0.2264
1.5211, -3.2718, 0.2277
1.5280, -3.2843, 0.2286
1.5351, -3.2979, 0.2297
1.5421, -3.3108, 0.2308
1.5490, -3.3235, 0.2316
1.5562, -3.3369, 0.2332
1.5634, -3.3502, 0.2341
1.5707, -3.3635, 0.2349
1.5781, -3.3768, 0.2365
1.5855, -3.3905, 0.2372
1.5927, -3.4038, 0.2381
1.6004, -3.4181, 0.2393
1.6079, -3.4318, 0.2406
1.6155, -3.4456, 0.2414
1.6233, -3.4598, 0.2428
1.6306, -3.4737, 0.2442
1.6382, -3.4875, 0.2449
1.6458, -3.5015, 0.2458
1.6535, -3.5156, 0.2467
1.6613, -3.5297, 0.2478
1.6694, -3.5442, 0.2492
1.6773, -3.5580, 0.2499
1.6849, -3.5718, 0.2512
1.6928, -3.5857, 0.2528
1.7007, -3.5999, 0.2537
1.7084, -3.6135, 0.2550
1.7163, -3.6273, 0.2562
1.7242, -3.6407, 0.2576
1.7322, -3.6546, 0.2586
1.7402, -3.6684, 0.2601
1.7481, -3.6824, 0.2610
1.7562, -3.6960, 0.2622
1.7639, -3.7099, 0.2633
1.7720, -3.7232, 0.2641
1.7799, -3.7365, 0.2653
1.7879, -3.7503, 0.2663
1.7961, -3.7645, 0.2682
1.8044, -3.7785, 0.2695
1.8124, -3.7922, 0.2705
1.8203, -3.8058, 0.2716
1.8286, -3.8195, 0.2734
1.8368, -3.8334, 0.2748
1.8448, -3.8468, 0.2758
1.8532, -3.8607, 0.2767
1.8613, -3.8742, 0.2783
1.8694, -3.8875, 0.2792
1.8779, -3.9018, 0.2804
1.8860, -3.9153, 0.2815
1.8941, -3.9292, 0.2826
1.9026, -3.9438, 0.2839
1.9111, -3.9582, 0.2852
1.9197, -3.9731, 0.2868
1.9283, -3.9877, 0.2878
1.9372, -4.0028, 0.2898
1.9459, -4.0180, 0.2911
1.9543, -4.0328, 0.2920
1.9632, -4.0480, 0.2934
1.9719, -4.0633, 0.2943
1.9808, -4.0790, 0.2963
1.9897, -4.0943, 0.2978
1.9982, -4.1094, 0.2990
2.0071, -4.1246, 0.3003
2.0159, -4.1404, 0.3009
2.0248, -4.1555, 0.3026
2.0337, -4.1708, 0.3038
2.0424, -4.1860, 0.3050
2.0514, -4.2007, 0.3067
2.0601, -4.2158, 0.3074
2.0690, -4.2311, 0.3084
2.0778, -4.2460, 0.3091
2.0864, -4.2611, 0.3105
2.0953, -4.2756, 0.3120
2.1037, -4.2901, 0.3127
2.1123, -4.3049, 0.3136
2.1210, -4.3197, 0.3149
2.1296, -4.3342, 0.3155
2.1380, -4.3488, 0.3169
2.1465, -4.3635, 0.3175
2.1548, -4.3784, 0.3184
2.1634, -4.3934, 0.3195
2.1717, -4.4083, 0.3205
2.1801, -4.4228, 0.3219
2.1884, -4.4383, 0.3226
2.1966, -4.4528, 0.3237
2.2048, -4.4681, 0.3247
2.2133, -4.4834, 0.3259
2.2217, -4.4983, 0.3269
2.2301, -4.5141, 0.3279
2.2384, -4.5292, 0.3289
2.2468, -4.5453, 0.3304
2.2553, -4.5610, 0.3318
2.2641, -4.5771, 0.3333
2.2727, -4.5926, 0.3347
2.2815, -4.6086, 0.3363
2.2902, -4.6249, 0.3378
2.2991, -4.6413, 0.3394
2.3083, -4.6580, 0.3410
2.3173, -4.6748, 0.3424
2.3267, -4.6915, 0.3442
2.3354, -4.7084, 0.3456
2.3448, -4.7257, 0.3473
2.3540, -4.7425, 0.3485
2.3635, -4.7599, 0.3500
2.3730, -4.7775, 0.3517
2.3826, -4.7946, 0.3537
2.3921, -4.8121, 0.3546
2.4014, -4.8293, 0.3563
2.4109, -4.8472, 0.3574
2.4207, -4.8650, 0.3586
2.4304, -4.8822, 0.3601
2.4402, -4.8998, 0.3615
2.4499, -4.9175, 0.3627
2.4601, -4.9354, 0.3645
2.4700, -4.9535, 0.3656
2.4801, -4.9710, 0.3670
2.4902, -4.9890, 0.3681
2.5005, -5.0075, 0.3696
2.5104, -5.0248, 0.3709
2.5207, -5.0425, 0.3721
2.5308, -5.0601, 0.3735
2.5412, -5.0780, 0.3748
2.5517, -5.0962, 0.3763
2.5620, -5.1134, 0.3777
2.5721, -5.1311, 0.3789
2.5825, -5.1485, 0.3805
2.5927, -5.1658, 0.3818
2.6029, -5.1836, 0.3831
2.6131, -5.2009, 0.3845
2.6235, -5.2187, 0.3861
2.6340, -5.2363, 0.3877
2.6443, -5.2536, 0.3891
2.6551, -5.2714, 0.3911
2.6657, -5.2896, 0.3928
2.6761, -5.3075, 0.3945
2.6868, -5.3256, 0.3961
2.6974, -5.3435, 0.3977
2.7079, -5.3618, 0.3996
2.7186, -5.3799, 0.4016
2.7293, -5.3985, 0.4030
2.7399, -5.4171, 0.4050
2.7505, -5.4352, 0.4063
2.7609, -5.4533, 0.4082
2.7710, -5.4711, 0.4101
2.7816, -5.4891, 0.4117
2.7923, -5.5078, 0.4131
2.8029, -5.5257, 0.4148
2.8132, -5.5442, 0.4164
2.8235, -5.5619, 0.4180
2.8342, -5.5798, 0.4193
2.8448, -5.5980, 0.4214
2.8548, -5.6156, 0.4222
2.8649, -5.6331, 0.4237
2.8755, -5.6509, 0.4252
2.8861, -5.6687, 0.4266
2.8966, -5.6865, 0.4275
2.9069, -5.7038, 0.4287
2.9173, -5.7216, 0.4298
2.9280, -5.7399, 0.4313
2.9384, -5.7575, 0.4319
2.9488, -5.7752, 0.4334
2.9590, -5.7932, 0.4341
2.9695, -5.8112, 0.4355
2.9805, -5.8299, 0.4367
2.9908, -5.8480, 0.4379
3.0014, -5.8667, 0.4386
3.0118, -5.8853, 0.4399
3.0223, -5.9039, 0.4406
3.0330, -5.9230, 0.4420
3.0433, -5.9417, 0.4428
3.0541, -5.9608, 0.4443
3.0645, -5.9799, 0.4457
3.0751, -5.9997, 0.4468
3.0860, -6.0196, 0.4480
3.0965, -6.0392, 0.4494
3.1072, -6.0591, 0.4508
3.1180, -6.0793, 0.4524
3.1286, -6.0995, 0.4540
3.1397, -6.1197, 0.4556
3.1506, -6.1396, 0.4576
3.1618, -6.1603, 0.4590
3.1731, -6.1807, 0.4611
3.1844, -6.2012, 0.4623
3.1955, -6.2218, 0.4642
3.2068, -6.2422, 0.4663
3.2177, -6.2627, 0.4676
3.2290, -6.2836, 0.4693
3.2404, -6.3042, 0.4704
3.2518, -6.3249, 0.4719
3.2637, -6.3461, 0.4738
3.2751, -6.3663, 0.4749
3.2870, -6.3875, 0.4770
3.2986, -6.4082, 0.4786
3.3102, -6.4290, 0.4801
3.3227, -6.4506, 0.4816
3.3347, -6.4718, 0.4830
3.3468, -6.4928, 0.4842
3.3589, -6.5141, 0.4861
3.3709, -6.5349, 0.4870
3.3831, -6.5555, 0.4890
3.3953, -6.5768, 0.4903
3.4076, -6.5976, 0.4920
3.4204, -6.6195, 0.4935
3.4329, -6.6405, 0.4952
3.4458, -6.6621, 0.4975
3.4586, -6.6829, 0.4993
3.4715, -6.7049, 0.5012
3.4843, -6.7262, 0.5033
3.4968, -6.7473, 0.5047
3.5098, -6.7691, 0.5073
3.5223, -6.7900, 0.5091
3.5352, -6.8109, 0.5111
3.5478, -6.8320, 0.5128
3.5603, -6.8528, 0.5149
3.5730, -6.8740, 0.5168
3.5857, -6.8950, 0.5192
3.5981, -6.9154, 0.5213
3.6107, -6.9364, 0.5234
3.6233, -6.9569, 0.5253
3.6357, -6.9772, 0.5274
3.6481, -6.9978, 0.5293
3.6602, -7.0176, 0.5310
3.6726, -7.0384, 0.5331
3.6844, -7.0582, 0.5350
3.6961, -7.0783, 0.5365
3.7080, -7.0984, 0.5381
3.7201, -7.1188, 0.5398
3.7324, -7.1402, 0.5413
3.7442, -7.1605, 0.5428
3.7561, -7.1811, 0.5442
3.7681, -7.2022, 0.5459
3.7798, -7.2234, 0.5473
3.7918, -7.2449, 0.5487
3.8036, -7.2668, 0.5503
3.8154, -7.2887, 0.5515
3.8273, -7.3109, 0.5527
3.8391, -7.3331, 0.5541
3.8505, -7.3554, 0.5555
3.8629, -7.3791, 0.5576
3.8747, -7.4019, 0.5588
3.8872, -7.4254, 0.5607
3.8992, -7.4481, 0.5626
3.9116, -7.4718, 0.5645
3.9241, -7.4959, 0.5662
3.9364, -7.5189, 0.5679
3.9486, -7.5427, 0.5701
3.9611, -7.5664, 0.5721
3.9734, -7.5898, 0.5736
3.9862, -7.6136, 0.5760
3.9983, -7.6369, 0.5777
4.0108, -7.6604, 0.5798
4.0235, -7.6843, 0.5814
4.0357, -7.7075, 0.5834
4.0484, -7.7316, 0.5851
4.0609, -7.7555, 0.5869
4.0738, -7.7798, 0.5889
4.0862, -7.8023, 0.5906
4.0990, -7.8263, 0.5922
4.1119, -7.8498, 0.5935
4.1248, -7.8740, 0.5954
4.1380, -7.8983, 0.5972
4.1509, -7.9222, 0.5983
4.1639, -7.9460, 0.6003
4.1767, -7.9701, 0.6009
4.1900, -7.9942, 0.6028
4.2027, -8.0180, 0.6038
4.2163, -8.0425, 0.6058
4.2293, -8.0667, 0.6073
4.2431, -8.0911, 0.6086
4.2565, -8.1160, 0.6100
4.2699, -8.1401, 0.6119
4.2832, -8.1647, 0.6132
4.2963, -8.1887, 0.6148
4.3098, -8.2136, 0.6169
4.3230, -8.2382, 0.6184
4.3365, -8.2627, 0.6207
4.3495, -8.2866, 0.6223
4.3627, -8.3106, 0.6249
4.3756, -8.3341, 0.6269
4.3887, -8.3582, 0.6285
4.4015, -8.3820, 0.6304
4.4144, -8.4055, 0.6331
4.4267, -8.4286, 0.6353
4.4393, -8.4513, 0.6368
4.4517, -8.4742, 0.6389
4.4646, -8.4978, 0.6413
4.4771, -8.5206, 0.6431
4.4895, -8.5441, 0.6447
4.5016, -8.5667, 0.6465
4.5143, -8.5903, 0.6485
4.5268, -8.6128, 0.6504
4.5392, -8.6366, 0.6518
4.5520, -8.6606, 0.6535
4.5645, -8.6845, 0.6549
4.5776, -8.7089, 0.6567
4.5905, -8.7340, 0.6587
4.6031, -8.7586, 0.6602
4.6160, -8.7838, 0.6612
4.6292, -8.8091, 0.6630
4.6426, -8.8355, 0.6643
4.6560, -8.8614, 0.6657
4.6695, -8.8879, 0.6679
4.6833, -8.9147, 0.6694
4.6969, -8.9413, 0.6711
4.7106, -8.9687, 0.6731
4.7243, -8.9961, 0.6745
4.7381, -9.0228, 0.6766
4.7522, -9.0503, 0.6781
4.7660, -9.0776, 0.6801
4.7800, -9.1045, 0.6824
4.7938, -9.1319, 0.6840
4.8076, -9.1585, 0.6860
4.8220, -9.1861, 0.6884
4.8362, -9.2133, 0.6895
4.8499, -9.2405, 0.6915
4.8640, -9.2669, 0.6931
4.8779, -9.2937, 0.6950
4.8921, -9.3209, 0.6965
4.9065, -9.3478, 0.6982
4.9210, -9.3757, 0.7001
4.9351, -9.4022, 0.7012
4.9494, -9.4290, 0.7026
4.9638, -9.4564, 0.7040
4.9786, -9.4839, 0.7052
4.9934, -9.5114, 0.7072
5.0083, -9.5395, 0.7086
5.0235, -9.5665, 0.7105
5.0384, -9.5937, 0.7124
5.0536, -9.6215, 0.7145
5.0687, -9.6483, 0.7169
5.0842, -9.6756, 0.7198
5.0998, -9.7026, 0.7221
5.1151, -9.7296, 0.7241
5.1297, -9.7574, 0.7252
5.1442, -9.7845, 0.7273
5.1586, -9.8109, 0.7304
5.1743, -9.8376, 0.7341
5.1893, -9.8625, 0.7357
5.2042, -9.8882, 0.7377
5.2184, -9.9142, 0.7394
5.2328, -9.9398, 0.7428
5.2476, -9.9666, 0.7460
5.2617, -9.9923, 0.7476
5.2756, -10.0174, 0.7491
5.2899, -10.0421, 0.7518
5.3043, -10.0679, 0.7544
5.3189, -10.0947, 0.7566
5.3331, -10.1210, 0.7586
5.3473, -10.1471, 0.7611
5.3625, -10.1735, 0.7643
5.3773, -10.2008, 0.7661
5.3922, -10.2287, 0.7682
5.4066, -10.2558, 0.7704
5.4211, -10.2832, 0.7731
5.4366, -10.3122, 0.7754
5.4520, -10.3412, 0.7775
5.4675, -10.3702, 0.7806
5.4829, -10.3994, 0.7830
5.4978, -10.4284, 0.7850
5.5133, -10.4585, 0.7874
5.5286, -10.4881, 0.7897
5.5440, -10.5180, 0.7921
5.5593, -10.5483, 0.7943
5.5747, -10.5778, 0.7963
5.5905, -10.6080, 0.7984
5.6061, -10.6381, 0.8011
5.6220, -10.6679, 0.8040
5.6376, -10.6979, 0.8063
5.6534, -10.7271, 0.8085
5.6693, -10.7565, 0.8111
5.6853, -10.7861, 0.8138
5.7012, -10.8156, 0.8159
5.7177, -10.8458, 0.8185
5.7338, -10.8750, 0.8213
5.7503, -10.9041, 0.8235
5.7667, -10.9335, 0.8261
5.7830, -10.9626, 0.8280
5.8002, -10.9923, 0.8307
5.8172, -11.0215, 0.8331
5.8339, -11.0509, 0.8353
5.8508, -11.0796, 0.8374
5.8681, -11.1084, 0.8403
5.8853, -11.1366, 0.8432
5.9024, -11.1643, 0.8458
5.9200, -11.1930, 0.8486
5.9374, -11.2208, 0.8521
5.9545, -11.2482, 0.8552
5.9719, -11.2758, 0.8587
5.9889, -11.3029, 0.8622
6.0057, -11.3291, 0.8659
6.0226, -11.3555, 0.8698
6.0396, -11.3810, 0.8738
6.0566, -11.4073, 0.8780
6.0739, -11.4335, 0.8825
6.0908, -11.4593, 0.8864
6.1077, -11.4852, 0.8914
6.1241, -11.5110, 0.8947
6.1410, -11.5364, 0.8996
6.1579, -11.5630, 0.9039
6.1746, -11.5889, 0.9080
6.1916, -11.6161, 0.9120
6.2091, -11.6444, 0.9163
6.2260, -11.6723, 0.9205
6.2433, -11.7007, 0.9252
6.2598, -11.7289, 0.9288
6.2771, -11.7583, 0.9331
6.2945, -11.7885, 0.9372
6.3122, -11.8185, 0.9419
6.3299, -11.8495, 0.9461
6.3471, -11.8796, 0.9501
6.3642, -11.9107, 0.9533
6.3815, -11.9415, 0.9572
6.3988, -11.9725, 0.9605
6.4164, -12.0038, 0.9643
6.4334, -12.0350, 0.9674
6.4509, -12.0662, 0.9704
6.4686, -12.0970, 0.9741
6.4864, -12.1281, 0.9776
6.5039, -12.1589, 0.9804
6.5218, -12.1904, 0.9841
6.5398, -12.2209, 0.9876
6.5586, -12.2522, 0.9908
6.5770, -12.2826, 0.9940
6.5962, -12.3144, 0.9972
6.6142, -12.3442, 0.9996
6.6326, -12.3743, 1.0022
6.6522, -12.4057, 1.0053
6.6717, -12.4362, 1.0082
6.6911, -12.4665, 1.0106
6.7111, -12.4970, 1.0141
6.7309, -12.5263, 1.0169
6.7511, -12.5554, 1.0202
6.7710, -12.5843, 1.0237
6.7915, -12.6131, 1.0270
6.8115, -12.6417, 1.0304
6.8321, -12.6699, 1.0337
6.8522, -12.6970, 1.0372
6.8717, -12.7237, 1.0399
6.8912, -12.7489, 1.0431
6.9104, -12.7743, 1.0457
6.9302, -12.7989, 1.0494
6.9497, -12.8239, 1.0526
6.9697, -12.8486, 1.0570
6.9893, -12.8728, 1.0603
7.0087, -12.8968, 1.0641
7.0279, -12.9203, 1.0677
7.0475, -12.9443, 1.0722
7.0673, -12.9687, 1.0759
7.0874, -12.9932, 1.0803
7.1073, -13.0184, 1.0839
7.1275, -13.0431, 1.0889
7.1474, -13.0680, 1.0930
7.1675, -13.0935, 1.0975
7.1876, -13.1193, 1.1013
7.2075, -13.1452, 1.1064
7.2277, -13.1722, 1.1106
7.2480, -13.1986, 1.1152
7.2687, -13.2262, 1.1197
7.2889, -13.2535, 1.1245
7.3094, -13.2810, 1.1292
7.3298, -13.3089, 1.1338
7.3503, -13.3364, 1.1385
7.3708, -13.3642, 1.1429
7.3918, -13.3920, 1.1480
7.4130, -13.4204, 1.1523
7.4344, -13.4482, 1.1571
7.4556, -13.4753, 1.1615
7.4770, -13.5024, 1.1653
7.4992, -13.5297, 1.1699
7.5217, -13.5562, 1.1746
7.5444, -13.5828, 1.1789
7.5671, -13.6077, 1.1831
7.5900, -13.6330, 1.1875
7.6134, -13.6578, 1.1919
7.6371, -13.6817, 1.1960
7.6603, -13.7053, 1.1995
7.6843, -13.7275, 1.2031
7.7083, -13.7492, 1.2070
7.7329, -13.7703, 1.2111
7.7577, -13.7889, 1.2158
7.7828, -13.8084, 1.2204
7.8083, -13.8260, 1.2254
7.8329, -13.8416, 1.2297
7.8577, -13.8571, 1.2344
7.8823, -13.8710, 1.2389
7.9066, -13.8830, 1.2437
7.9317, -13.8951, 1.2486
7.9562, -13.9051, 1.2533
7.9804, -13.9148, 1.2579
8.0051, -13.9237, 1.2632
8.0290, -13.9317, 1.2678
8.0528, -13.9386, 1.2733
8.0763, -13.9440, 1.2778
8.1005, -13.9495, 1.2832
8.1245, -13.9541, 1.2885
8.1490, -13.9595, 1.2936
8.1730, -13.9640, 1.2987
8.1966, -13.9674, 1.3042
8.2201, -13.9717, 1.3088
8.2440, -13.9747, 1.3143
8.2679, -13.9778, 1.3191
8.2910, -13.9806, 1.3233
8.3143, -13.9830, 1.3280
8.3377, -13.9851, 1.3324
8.3611, -13.9878, 1.3370
8.3844, -13.9897, 1.3415
8.4072, -13.9912, 1.3456
8.4300, -13.9918, 1.3500
8.4532, -13.9922, 1.3538
8.4761, -13.9922, 1.3577
8.4990, -13.9908, 1.3609
8.5224, -13.9901, 1.3642
8.5453, -13.9890, 1.3667
8.5681, -13.9861, 1.3693
8.5911, -13.9838, 1.3714
8.6142, -13.9796, 1.3737
8.6377, -13.9750, 1.3756
8.6616, -13.9696, 1.3775
8.6855, -13.9630, 1.3785
8.7098, -13.9563, 1.3799
8.7343, -13.9484, 1.3810
8.7586, -13.9385, 1.3812
8.7838, -13.9290, 1.3822
8.8084, -13.9166, 1.3821
8.8338, -13.9046, 1.3826
8.8590, -13.8906, 1.3830
8.8843, -13.8752, 1.3834
8.9093, -13.8591, 1.3829
8.9344, -13.8428, 1.3823
8.9591, -13.8242, 1.3817
8.9837, -13.8052, 1.3809
9.0079, -13.7835, 1.3806
9.0319, -13.7605, 1.3791
9.0557, -13.7355, 1.3782
9.0795, -13.7095, 1.3771
9.1029, -13.6818, 1.3757
9.1262, -13.6530, 1.3747
9.1488, -13.6237, 1.3728
9.1712, -13.5916, 1.3711
9.1932, -13.5587, 1.3691
9.2150, -13.5248, 1.3669
9.2368, -13.4887, 1.3649
9.2584, -13.4532, 1.3625
9.2794, -13.4153, 1.3597
9.3004, -13.3771, 1.3574
9.3207, -13.3397, 1.3548
9.3403, -13.3006, 1.3518
9.3592, -13.2603, 1.3484
9.3787, -13.2206, 1.3450
9.3974, -13.1792, 1.3413
9.4161, -13.1398, 1.3381
9.4345, -13.0993, 1.3345
9.4522, -13.0590, 1.3303
9.4704, -13.0196, 1.3264
9.4873, -12.9785, 1.3216
9.5041, -12.9370, 1.3170
9.5205, -12.8953, 1.3117
9.5370, -12.8532, 1.3060
9.5535, -12.8121, 1.3003
9.5697, -12.7691, 1.2940
9.5854, -12.7247, 1.2870
9.6009, -12.6795, 1.2799
9.6159, -12.6325, 1.2719
9.6310, -12.5851, 1.2630
9.6465, -12.5393, 1.2542
9.6613, -12.4911, 1.2448
9.6766, -12.4418, 1.2349
9.6915, -12.3911, 1.2246
9.7068, -12.3413, 1.2143
9.7217, -12.2899, 1.2035
9.7361, -12.2370, 1.1917
9.7504, -12.1840, 1.1790
9.7642, -12.1280, 1.1666
9.7784, -12.0721, 1.1535
9.7922, -12.0143, 1.1407
9.8055, -11.9544, 1.1273
9.8184, -11.8936, 1.1137
9.8305, -11.8289, 1.0980
9.8429, -11.7651, 1.0832
9.8539, -11.6978, 1.0674
9.8640, -11.6274, 1.0511
9.8734, -11.5565, 1.0347
9.8820, -11.4851, 1.0175
9.8897, -11.4120, 1.0006
9.8967, -11.3388, 0.9839
9.9022, -11.2622, 0.9654
9.9079, -11.1862, 0.9475
9.9132, -11.1075, 0.9289
9.9178, -11.0290, 0.9109
9.9216, -10.9510, 0.8920
9.9245, -10.8704, 0.8728
9.9262, -10.7890, 0.8526
9.9275, -10.7081, 0.8324
9.9282, -10.6268, 0.8117
9.9286, -10.5466, 0.7915
9.9281, -10.4650, 0.7708
9.9278, -10.3846, 0.7503
9.9276, -10.3060, 0.7304
9.9271, -10.2258, 0.7097
9.9267, -10.1466, 0.6894
9.9260, -10.0687, 0.6690
9.9255, -9.9884, 0.6483
9.9253, -9.9099, 0.6279
9.9249, -9.8302, 0.6062
9.9250, -9.7517, 0.5857
9.9240, -9.6692, 0.5640
9.9234, -9.5889, 0.5421
9.9232, -9.5107, 0.5209
9.9227, -9.4312, 0.4989
9.9225, -9.3518, 0.4772
9.9224, -9.2723, 0.4550
9.9225, -9.1920, 0.4318
9.9232, -9.1127, 0.4093
9.9232, -9.0307, 0.3860
9.9238, -8.9483, 0.3623
9.9240, -8.8672, 0.3385
9.9238, -8.7837, 0.3139
9.9234, -8.6999, 0.2894
9.9221, -8.6173, 0.2634
9.9209, -8.5343, 0.2370
9.9199, -8.4514, 0.2113
9.9180, -8.3655, 0.1841
9.9166, -8.2806, 0.1581
9.9148, -8.1945, 0.1310
9.9126, -8.1073, 0.1035
9.9106, -8.0201, 0.0770
9.9081, -7.9310, 0.0489
9.9055, -7.8389, 0.0208
9.9028, -7.7461, -0.0071
9.8991, -7.6517, -0.0351
9.8958, -7.5594, -0.0620
9.8912, -7.4645, -0.0905
9.8867, -7.3677, -0.1185
9.8826, -7.2739, -0.1464
9.8782, -7.1776, -0.1748
9.8738, -7.0787, -0.2026
9.8694, -6.9813, -0.2299
9.8646, -6.8820, -0.2576
9.8605, -6.7849, -0.2843
9.8546, -6.6856, -0.3120
9.8489, -6.5880, 359.6616
9.8425, -6.4905, 359.6338
9.8363, -6.3924, 359.6071
9.8302, -6.2960, 359.5797
9.8238, -6.2003, 359.5529
9.8176, -6.1043, 359.5261
9.8110, -6.0107, 359.4999
9.8037, -5.9163, 359.4718
9.7969, -5.8225, 359.4458
9.7898, -5.7278, 359.4179
9.7818, -5.6333, 359.3903
9.7744, -5.5419, 359.3625
9.7666, -5.4510, 359.3355
9.7587, -5.3607, 359.3077
9.7512, -5.2726, 359.2803
9.7444, -5.1853, 359.2531
9.7390, -5.0999, 359.2270
9.7331, -5.0139, 359.2000
9.7280, -4.9278, 359.1736
9.7224, -4.8426, 359.1476
9.7170, -4.7598, 359.1216
9.7113, -4.6763, 359.0952
9.7058, -4.5953, 359.0695
9.7008, -4.5147, 359.0427
9.6966, -4.4362, 359.0170
9.6926, -4.3568, 358.9915
9.6890, -4.2788, 358.9663
9.6853, -4.1995, 358.9406
9.6825, -4.1230, 358.9154
9.6796, -4.0468, 358.8906
9.6764, -3.9678, 358.8651
9.6736, -3.8908, 358.8397
9.6711, -3.8124, 358.8140
9.6680, -3.7324, 358.7881
9.6653, -3.6540, 358.7631
9.6622, -3.5752, 358.7377
9.6589, -3.4964, 358.7119
9.6565, -3.4201, 358.6870
9.6540, -3.3415, 358.6620
9.6522, -3.2651, 358.6377
9.6503, -3.1878, 358.6132
9.6484, -3.1107, 358.5887
9.6466, -3.0343, 358.5646
9.6441, -2.9561, 358.5412
9.6421, -2.8797, 358.5182
9.6396, -2.8035, 358.4950
9.6372, -2.7276, 358.4719
9.6349, -2.6534, 358.4500
9.6328, -2.5795, 358.4284
9.6311, -2.5067, 358.4074
9.6297, -2.4368, 358.3869
9.6276, -2.3658, 358.3671
9.6260, -2.2975, 358.3473
9.6244, -2.2295, 358.3284
9.6230, -2.1630, 358.3097
9.6215, -2.0966, 358.2914
9.6205, -2.0323, 358.2735
9.6194, -1.9682, 358.2563
9.6184, -1.9045, 358.2383
9.6179, -1.8421, 358.2218
9.6171, -1.7820, 358.2047
9.6159, -1.7214, 358.1880
9.6158, -1.6631, 358.1717
9.6157, -1.6061, 358.1559
9.6161, -1.5505, 358.1404
9.6165, -1.4975, 358.1252
9.6165, -1.4451, 358.1105
9.6166, -1.3936, 358.0950
9.6176, -1.3454, 358.0806
9.6188, -1.2975, 358.0659
9.6201, -1.2521, 358.0516
9.6209, -1.2072, 358.0372
9.6219, -1.1630, 358.0225
9.6229, -1.1202, 358.0081
9.6244, -1.0789, 357.9941
9.6251, -1.0379, 357.9796
9.6256, -0.9990, 357.9657
9.6265, -0.9613, 357.9512
9.6280, -0.9258, 357.9378
9.6292, -0.8907, 357.9243
9.6309, -0.8580, 357.9113
9.6321, -0.8255, 357.8983
9.6339, -0.7945, 357.8857
9.6360, -0.7654, 357.8738
9.6374, -0.7373, 357.8622
9.6396, -0.7111, 357.8511
9.6416, -0.6868, 357.8402
9.6440, -0.6639, 357.8303
9.6464, -0.6419, 357.8204
9.6487, -0.6210, 357.8114
9.6511, -0.6007, 357.8030
9.6539, -0.5833, 357.7948
9.6565, -0.5659, 357.7873
9.6598, -0.5510, 357.7812
9.6631, -0.5369, 357.7754
9.6665, -0.5239, 357.7698
9.6698, -0.5126, 357.7646
9.6737, -0.5035, 357.7610
9.6774, -0.4951, 357.7568
9.6818, -0.4889, 357.7540
9.6857, -0.4826, 357.7511
9.6900, -0.4787, 357.7487
9.6945, -0.4752, 357.7463
9.6993, -0.4731, 357.7453
9.7043, -0.4731, 357.7440
9.7094, -0.4733, 357.7432
9.7148, -0.4756, 357.7424
9.7203, -0.4785, 357.7419
9.7259, -0.4823, 357.7414
9.7321, -0.4881, 357.7417
9.7382, -0.4945, 357.7414
9.7443, -0.5031, 357.7420
9.7508, -0.5117, 357.7420
9.7575, -0.5221, 357.7421
9.7646, -0.5335, 357.7426
9.7716, -0.5453, 357.7432
9.7791, -0.5588, 357.7441
9.7868, -0.5737, 357.7447
9.7944, -0.5890, 357.7457
9.8026, -0.6056, 357.7472
9.8108, -0.6234, 357.7483
9.8192, -0.6412, 357.7493
9.8282, -0.6599, 357.7507
9.8371, -0.6794, 357.7518
9.8462, -0.6992, 357.7535
9.8552, -0.7196, 357.7546
9.8645, -0.7400, 357.7565
9.8737, -0.7610, 357.7575
9.8837, -0.7819, 357.7599
9.8928, -0.8026, 357.7613
9.9028, -0.8248, 357.7634
9.9123, -0.8467, 357.7656
9.9220, -0.8694, 357.7679
9.9315, -0.8916, 357.7700
9.9413, -0.9150, 357.7727
9.9507, -0.9383, 357.7754
9.9602, -0.9620, 357.7783
9.9695, -0.9864, 357.7812
9.9785, -1.0113, 357.7846
9.9873, -1.0358, 357.7877
9.9961, -1.0612, 357.7911
10.0044, -1.0870, 357.7947
10.0132, -1.1135, 357.7987
10.0214, -1.1405, 357.8028
10.0295, -1.1675, 357.8071
10.0374, -1.1953, 357.8112
10.0454, -1.2230, 357.8164
10.0533, -1.2517, 357.8205
10.0612, -1.2805, 357.8258
10.0692, -1.3099, 357.8308
10.0775, -1.3398, 357.8366
10.0854, -1.3703, 357.8413
10.0938, -1.4015, 357.8477
10.1021, -1.4322, 357.8533
10.1102, -1.4639, 357.8589
10.1184, -1.4961, 357.8650
10.1267, -1.5282, 357.8705
10.1355, -1.5619, 357.8765
10.1441, -1.5958, 357.8826
10.1528, -1.6298, 357.8882
10.1616, -1.6644, 357.8946
10.1704, -1.6986, 357.9004
10.1794, -1.7344, 357.9064
10.1887, -1.7704, 357.9126
10.1977, -1.8064, 357.9184
10.2071, -1.8435, 357.9244
10.2161, -1.8801, 357.9300
10.2255, -1.9180, 357.9359
10.2351, -1.9557, 357.9423
10.2445, -1.9933, 357.9476
10.2542, -2.0315, 357.9535
10.2638, -2.0700, 357.9594
10.2735, -2.1089, 357.9654
10.2832, -2.1479, 357.9708
10.2928, -2.1871, 357.9763
10.3027, -2.2269, 357.9819
10.3124, -2.2666, 357.9879
10.3222, -2.3064, 357.9934
10.3323, -2.3469, 357.9994
10.3418, -2.3869, 358.0047
10.3516, -2.4262, 358.0107
10.3614, -2.4669, 358.0169
10.3712, -2.5070, 358.0227
10.3812, -2.5476, 358.0291
10.3909, -2.5882, 358.0357
10.4006, -2.6289, 358.0419
10.4103, -2.6701, 358.0485
10.4197, -2.7118, 358.0549
10.4290, -2.7534, 358.0620
10.4387, -2.7950, 358.0691
10.4483, -2.8379, 358.0768
10.4581, -2.8814, 358.0843
10.4676, -2.9241, 358.0920
10.4769, -2.9678, 358.0996
10.4864, -3.0111, 358.1081
10.4961, -3.0545, 358.1166
10.5061, -3.0988, 358.1250
10.5157, -3.1427, 358.1334
10.5257, -3.1878, 358.1429
10.5353, -3.2319, 358.1512
10.5452, -3.2765, 358.1603
10.5552, -3.3215, 358.1691
10.5653, -3.3657, 358.1787
10.5750, -3.4108, 358.1872
10.5852, -3.4559, 358.1966
10.5950, -3.5010, 358.2053
10.6051, -3.5463, 358.2141
10.6157, -3.5928, 358.2231
10.6257, -3.6381, 358.2318
10.6360, -3.6843, 358.2409
10.6465, -3.7303, 358.2491
10.6572, -3.7770, 358.2579
10.6681, -3.8232, 358.2669
10.6790, -3.8694, 358.2750
10.6904, -3.9163, 358.2842
10.7014, -3.9624, 358.2918
10.7124, -4.0087, 358.2997
10.7238, -4.0550, 358.3079
10.7353, -4.1011, 358.3159
10.7468, -4.1468, 358.3232
10.7588, -4.1927, 358.3315
10.7706, -4.2388, 358.3385
10.7831, -4.2849, 358.3463
10.7953, -4.3312, 358.3538
10.8078, -4.3772, 358.3614
10.8204, -4.4228, 358.3692
10.8332, -4.4684, 358.3765
10.8462, -4.5146, 358.3845
10.8591, -4.5599, 358.3918
10.8729, -4.6066, 358.3998
10.8862, -4.6524, 358.4078
10.8996, -4.6974, 358.4154
10.9133, -4.7432, 358.4236
10.9272, -4.7892, 358.4318
10.9409, -4.8350, 358.4396
10.9552, -4.8815, 358.4486
10.9687, -4.9263, 358.4563
10.9826, -4.9719, 358.4643
10.9968, -5.0175, 358.4728
11.0107, -5.0633, 358.4812
11.0247, -5.1094, 358.4899
11.0390, -5.1544, 358.4983
11.0533, -5.1999, 358.5069
11.0677, -5.2450, 358.5159
11.0818, -5.2900, 358.5245
11.0964, -5.3357, 358.5338
11.1106, -5.3808, 358.5423
11.1247, -5.4263, 358.5511
11.1392, -5.4715, 358.5602
11.1537, -5.5166, 358.5692
11.1683, -5.5627, 358.5778
11.1829, -5.6084, 358.5870
11.1974, -5.6536, 358.5958
11.2125, -5.6996, 358.6056
11.2271, -5.7452, 358.6143
11.2423, -5.7916, 358.6238
11.2574, -5.8371, 358.6326
11.2728, -5.8827, 358.6420
11.2882, -5.9298, 358.6508
11.3038, -5.9757, 358.6601
11.3194, -6.0219, 358.6691
11.3354, -6.0684, 358.6787
11.3516, -6.1151, 358.6873
11.3678, -6.1619, 358.6965
11.3844, -6.2084, 358.7056
11.4009, -6.2551, 358.7147
11.4176, -6.3009, 358.7234
11.4342, -6.3465, 358.7324
11.4513, -6.3934, 358.7414
11.4681, -6.4393, 358.7504
11.4852, -6.4850, 358.7591
11.5021, -6.5302, 358.7681
11.5192, -6.5754, 358.7764
11.5360, -6.6201, 358.7849
11.5530, -6.6655, 358.7933
11.5699, -6.7104, 358.8020
11.5871, -6.7548, 358.8101
11.6044, -6.7985, 358.8186
11.6213, -6.8427, 358.8269
11.6388, -6.8862, 358.8354
11.6563, -6.9293, 358.8436
11.6734, -6.9727, 358.8521
11.6906, -7.0159, 358.8606
11.7074, -7.0578, 358.8685
11.7242, -7.1001, 358.8765
11.7413, -7.1415, 358.8845
11.7582, -7.1824, 358.8927
11.7752, -7.2226, 358.9009
11.7922, -7.2639, 358.9089
11.8091, -7.3048, 358.9174
11.8260, -7.3451, 358.9255
11.8427, -7.3856, 358.9339
11.8593, -7.4253, 358.9421
11.8763, -7.4645, 358.9506
11.8927, -7.5042, 358.9584
11.9100, -7.5443, 358.9673
11.9262, -7.5839, 358.9751
11.9430, -7.6240, 358.9838
11.9595, -7.6636, 358.9924
11.9762, -7.7032, 359.0010
11.9931, -7.7430, 359.0096
12.0103, -7.7829, 359.0191
12.0273, -7.8238, 359.0272
12.0445, -7.8640, 359.0367
12.0618, -7.9047, 359.0453
12.0790, -7.9464, 359.0536
12.0963, -7.9873, 359.0628
12.1142, -8.0289, 359.0721
12.1319, -8.0703, 359.0804
12.1494, -8.1122, 359.0894
12.1674, -8.1546, 359.0982
12.1858, -8.1966, 359.1075
12.2042, -8.2396, 359.1159
12.2231, -8.2832, 359.1252
12.2421, -8.3261, 359.1337
12.2617, -8.3695, 359.1428
12.2806, -8.4119, 359.1510
12.3006, -8.4548, 359.1597
12.3205, -8.4976, 359.1681
12.3406, -8.5399, 359.1765
12.3616, -8.5827, 359.1850
12.3827, -8.6250, 359.1937
12.4041, -8.6671, 359.2021
12.4258, -8.7089, 359.2107
12.4478, -8.7502, 359.2188
12.4703, -8.7917, 359.2273
12.4928, -8.8323, 359.2354
12.5159, -8.8728, 359.2437
12.5389, -8.9126, 359.2522
12.5619, -8.9507, 359.2605
12.5853, -8.9896, 359.2683
12.6089, -9.0278, 359.2765
12.6328, -9.0661, 359.2849
12.6569, -9.1049, 359.2936
12.6815, -9.1431, 359.3020
12.7064, -9.1810, 359.3112
12.7313, -9.2185, 359.3196
12.7569, -9.2560, 359.3292
12.7821, -9.2935, 359.3382
12.8080, -9.3300, 359.3481
12.8342, -9.3673, 359.3576
12.8602, -9.4046, 359.3676
12.8862, -9.4405, 359.3773
12.9125, -9.4775, 359.3875
12.9394, -9.5145, 359.3970
12.9660, -9.5504, 359.4072
12.9931, -9.5873, 359.4174
13.0201, -9.6227, 359.4278
13.0474, -9.6589, 359.4377
13.0753, -9.6957, 359.4483
13.1032, -9.7326, 359.4585
13.1314, -9.7700, 359.4697
13.1596, -9.8073, 359.4800
13.1880, -9.8447, 359.4913
13.2166, -9.8821, 359.5018
13.2453, -9.9191, 359.5127
13.2744, -9.9570, 359.5232
13.3034, -9.9952, 359.5342
13.3324, -10.0334, 359.5444
13.3614, -10.0714, 359.5553
13.3905, -10.1099, 359.5654
13.4192, -10.1483, 359.5764
13.4483, -10.1861, 359.5861
13.4780, -10.2243, 359.5968
13.5071, -10.2625, 359.6066
13.5367, -10.3005, 359.6166
13.5668, -10.3388, 359.6273
13.5966, -10.3770, 359.6371
13.6260, -10.4149, 359.6466
13.6556, -10.4536, 359.6570
13.6846, -10.4915, 359.6663
13.7146, -10.5296, 359.6762
13.7443, -10.5683, -0.3142
13.7740, -10.6062, -0.3044
13.8038, -10.6458, -0.2944
13.8339, -10.6845, -0.2847
13.8643, -10.7237, -0.2748
13.8943, -10.7625, -0.2647
13.9237, -10.8009, -0.2547
13.9544, -10.8401, -0.2443
13.9847, -10.8793, -0.2339
14.0154, -10.9190, -0.2232
14.0452, -10.9578, -0.2131
14.0754, -10.9980, -0.2026
14.1056, -11.0374, -0.1920
14.1361, -11.0777, -0.1811
14.1659, -11.1172, -0.1704
14.1960, -11.1575, -0.1592
14.2266, -11.1977, -0.1482
14.2573, -11.2377, -0.1371
14.2882, -11.2787, -0.1257
14.3188, -11.3187, -0.1141
14.3492, -11.3598, -0.1025
14.3800, -11.4012, -0.0909
14.4110, -11.4430, -0.0790
14.4420, -11.4843, -0.0671
14.4738, -11.5256, -0.0554
14.5053, -11.5671, -0.0435
14.5374, -11.6086, -0.0314
14.5694, -11.6504, -0.0196
14.6022, -11.6925, -0.0066
14.6346, -11.7341, 0.0051
14.6674, -11.7753, 0.0174
14.7004, -11.8178, 0.0297
14.7344, -11.8584, 0.0420
14.7679, -11.9001, 0.0537
14.8020, -11.9408, 0.0661
14.8364, -11.9830, 0.0778
14.8710, -12.0246, 0.0902
14.9057, -12.0659, 0.1016
14.9408, -12.1072, 0.1137
14.9760, -12.1485, 0.1252
15.0121, -12.1904, 0.1373
15.0477, -12.2323, 0.1485
15.0845, -12.2738, 0.1606
15.1207, -12.3148, 0.1718
15.1569, -12.3561, 0.1835
15.1940, -12.3974, 0.1956
15.2309, -12.4381, 0.2073
15.2680, -12.4790, 0.2191
15.3050, -12.5200, 0.2311
15.3422, -12.5611, 0.2429
15.3802, -12.6020, 0.2552
15.4175, -12.6433, 0.2671
15.4556, -12.6843, 0.2801
15.4934, -12.7247, 0.2923
15.5313, -12.7657, 0.3050
15.5694, -12.8069, 0.3175
15.6078, -12.8482, 0.3306
15.6453, -12.8903, 0.3431
15.6833, -12.9321, 0.3562
15.7214, -12.9751, 0.3695
15.7592, -13.0169, 0.3826
15.7972, -13.0596, 0.3956
15.8357, -13.1021, 0.4093
15.8729, -13.1442, 0.4219
15.9109, -13.1871, 0.4350
15.9489, -13.2294, 0.4483
15.9871, -13.2721, 0.4623
16.0252, -13.3156, 0.4755
16.0634, -13.3577, 0.4892
16.1015, -13.4014, 0.5021
16.1405, -13.4442, 0.5160
16.1799, -13.4881, 0.5298
16.2194, -13.5312, 0.5437
16.2579, -13.5740, 0.5568
16.2971, -13.6160, 0.5700
16.3364, -13.6595, 0.5833
16.3766, -13.7029, 0.5970
16.4173, -13.7471, 0.6108
16.4578, -13.7909, 0.6246
16.4993, -13.8352, 0.6381
16.5407, -13.8798, 0.6525
16.5822, -13.9233, 0.6662
16.6250, -13.9680, 0.6808
16.6678, -14.0123, 0.6952
16.7105, -14.0571, 0.7092
16.7537, -14.1024, 0.7240
16.7967, -14.1468, 0.7387
16.8401, -14.1925, 0.7531
16.8841, -14.2375, 0.7677
16.9273, -14.2819, 0.7822
16.9712, -14.3275, 0.7972
17.0157, -14.3729, 0.8125
17.0598, -14.4179, 0.8280
17.1038, -14.4636, 0.8431
17.1483, -14.5078, 0.8585
17.1927, -14.5544, 0.8740
17.2369, -14.5993, 0.8893
17.2811, -14.6444, 0.9053
17.3251, -14.6904, 0.9208
17.3693, -14.7353, 0.9364
17.4134, -14.7814, 0.9519
17.4575, -14.8266, 0.9673
17.5014, -14.8718, 0.9829
17.5456, -14.9185, 0.9980
17.5906, -14.9639, 1.0139
17.6357, -15.0104, 1.0295
17.6805, -15.0563, 1.0444
17.7259, -15.1024, 1.0603
17.7713, -15.1487, 1.0761
17.8181, -15.1955, 1.0924
17.8644, -15.2419, 1.1082
17.9110, -15.2898, 1.1244
17.9580, -15.3364, 1.1404
18.0053, -15.3843, 1.1562
18.0533, -15.4319, 1.1719
18.1013, -15.4789, 1.1877
18.1490, -15.5266, 1.2041
18.1975, -15.5741, 1.2202
18.2466, -15.6214, 1.2368
18.2962, -15.6698, 1.2537
18.3466, -15.7173, 1.2707
18.3971, -15.7655, 1.2876
18.4487, -15.8121, 1.3050
18.4996, -15.8599, 1.3222
18.5512, -15.9079, 1.3396
18.6033, -15.9568, 1.3574
18.6551, -16.0054, 1.3743
18.7073, -16.0533, 1.3925
18.7595, -16.1013, 1.4096
18.8116, -16.1493, 1.4276
18.8637, -16.1970, 1.4445
18.9171, -16.2456, 1.4633
18.9702, -16.2934, 1.4812
19.0242, -16.3411, 1.4999
19.0772, -16.3893, 1.5182
19.1310, -16.4362, 1.5364
19.1849, -16.4838, 1.5539
19.2378, -16.5309, 1.5717
19.2909, -16.5787, 1.5893
19.3437, -16.6260, 1.6071
19.3973, -16.6742, 1.6251
19.4505, -16.7214, 1.6428
19.5039, -16.7687, 1.6613
19.5573, -16.8157, 1.6787
19.6112, -16.8640, 1.6972
19.6657, -16.9114, 1.7159
19.7204, -16.9600, 1.7338
19.7747, -17.0090, 1.7525
19.8300, -17.0578, 1.7710
19.8850, -17.1076, 1.7902
19.9411, -17.1574, 1.8096
19.9969, -17.2081, 1.8289
20.0536, -17.2587, 1.8492
20.1099, -17.3114, 1.8698
20.1669, -17.3640, 1.8909
20.2236, -17.4172, 1.9124
20.2806, -17.4708, 1.9334
20.3381, -17.5258, 1.9556
20.3966, -17.5816, 1.9782
20.4550, -17.6380, 2.0009
20.5136, -17.6952, 2.0243
20.5715, -17.7507, 2.0472
20.6297, -17.8085, 2.0712
20.6880, -17.8663, 2.0950
20.7469, -17.9237, 2.1196
20.8054, -17.9826, 2.1437
20.8643, -18.0411, 2.1685
20.9228, -18.1011, 2.1932
20.9816, -18.1602, 2.2179
21.0408, -18.2202, 2.2426
21.1004, -18.2812, 2.2680
21.1600, -18.3413, 2.2924
21.2210, -18.4024, 2.3178
21.2813, -18.4630, 2.3434
21.3428, -18.5247, 2.3685
21.4040, -18.5860, 2.3943
21.4660, -18.6468, 2.4195
21.5288, -18.7082, 2.4448
21.5923, -18.7700, 2.4702
21.6563, -18.8306, 2.4956
21.7206, -18.8916, 2.5210
21.7860, -18.9529, 2.5471
21.8514, -19.0142, 2.5731
21.9180, -19.0756, 2.6001
21.9845, -19.1358, 2.6255
22.0536, -19.1981, 2.6527
22.1219, -19.2590, 2.6792
22.1920, -19.3209, 2.7065
22.2613, -19.3825, 2.7344
22.3325, -19.4448, 2.7629
22.4032, -19.5067, 2.7915
22.4737, -19.5695, 2.8197
22.5453, -19.6311, 2.8483
22.6164, -19.6945, 2.8768
22.6881, -19.7567, 2.9063
22.7599, -19.8196, 2.9363
22.8311, -19.8825, 2.9664
22.9034, -19.9455, 2.9971
22.9753, -20.0105, 3.0283
23.0475, -20.0735, 3.0589
23.1201, -20.1369, 3.0903
23.1911, -20.2005, 3.1211
23.2632, -20.2641, 3.1529
23.3345, -20.3271, 3.1841
23.4058, -20.3906, 3.2160
23.4767, -20.4540, 3.2469
23.5480, -20.5182, 3.2785
23.6199, -20.5816, 3.3101
23.6916, -20.6454, 3.3420
23.7636, -20.7105, 3.3741
23.8358, -20.7741, 3.4072
23.9087, -20.8400, 3.4399
23.9829, -20.9050, 3.4735
24.0570, -20.9710, 3.5060
24.1328, -21.0372, 3.5400
24.2072, -21.1039, 3.5732
24.2820, -21.1718, 3.6072
24.3575, -21.2389, 3.6414
24.4340, -21.3081, 3.6758
24.5099, -21.3764, 3.7108
24.5874, -21.4457, 3.7460
24.6642, -21.5157, 3.7815
24.7414, -21.5861, 3.8167
24.8194, -21.6575, 3.8526
24.8979, -21.7302, 3.8897
24.9764, -21.8028, 3.9270
25.0547, -21.8750, 3.9641
25.1335, -21.9483, 4.0015
25.2126, -22.0218, 4.0398
25.2924, -22.0970, 4.0786
25.3746, -22.1714, 4.1184
25.4549, -22.2476, 4.1579
25.5362, -22.3234, 4.1990
25.6183, -22.4006, 4.2402
25.7006, -22.4774, 4.2815
25.7826, -22.5554, 4.3231
25.8657, -22.6325, 4.3650
25.9489, -22.7113, 4.4072
26.0332, -22.7887, 4.4500
26.1182, -22.8671, 4.4929
26.2028, -22.9460, 4.5369
26.2873, -23.0235, 4.5800
26.3720, -23.1023, 4.6241
26.4573, -23.1814, 4.6675
26.5439, -23.2600, 4.7122
26.6304, -23.3393, 4.7568
26.7174, -23.4178, 4.8018
26.8043, -23.4978, 4.8473
26.8916, -23.5762, 4.8924
26.9793, -23.6556, 4.9385
27.0662, -23.7347, 4.9836
27.1548, -23.8134, 5.0294
27.2436, -23.8921, 5.0750
27.3318, -23.9701, 5.1207
27.4215, -24.0479, 5.1673
27.5108, -24.1274, 5.2138
27.6015, -24.2059, 5.2610
27.6932, -24.2849, 5.3095
27.7849, -24.3643, 5.3568
27.8778, -24.4424, 5.4054
27.9709, -24.5219, 5.4540
28.0655, -24.6000, 5.5031
28.1612, -24.6789, 5.5540
28.2570, -24.7597, 5.6055
28.3535, -24.8396, 5.6573
28.4508, -24.9210, 5.7090
28.5484, -25.0019, 5.7617
28.6463, -25.0829, 5.8139
28.7449, -25.1654, 5.8675
28.8434, -25.2477, 5.9210
28.9436, -25.3310, 5.9756
29.0431, -25.4158, 6.0305
29.1425, -25.4988, 6.0850
29.2432, -25.5836, 6.1401
29.3440, -25.6662, 6.1952
29.4456, -25.7500, 6.2508
29.5476, -25.8342, 6.3074
29.6507, -25.9187, 6.3651
29.7542, -26.0047, 6.4223
29.8571, -26.0908, 6.4798
29.9603, -26.1761, 6.5368
30.0654, -26.2622, 6.5952
30.1704, -26.3469, 6.6527
30.2776, -26.4328, 6.7126
30.3827, -26.5182, 6.7712
30.4889, -26.6049, 6.8313
30.5963, -26.6915, 6.8923
30.7021, -26.7780, 6.9525
30.8091, -26.8653, 7.0135
30.9161, -26.9527, 7.0749
31.0243, -27.0399, 7.1380
31.1322, -27.1289, 7.2012
31.2401, -27.2173, 7.2651
31.3493, -27.3076, 7.3301
31.4582, -27.3974, 7.3961
31.5670, -27.4884, 7.4630
31.6770, -27.5800, 7.5302
31.7887, -27.6724, 7.5984
31.9002, -27.7644, 7.6669
32.0122, -27.8586, 7.7372
32.1248, -27.9530, 7.8083
32.2395, -28.0480, 7.8803
32.3541, -28.1425, 7.9525
32.4713, -28.2381, 8.0263
32.5880, -28.3338, 8.0993
32.7065, -28.4286, 8.1730
32.8252, -28.5236, 8.2477
32.9447, -28.6200, 8.3229
33.0640, -28.7128, 8.3973
33.1848, -28.8077, 8.4716
33.3063, -28.9009, 8.5457
33.4291, -28.9964, 8.6211
33.5519, -29.0894, 8.6969
33.6760, -29.1826, 8.7729
33.8014, -29.2768, 8.8500
33.9262, -29.3705, 8.9263
34.0522, -29.4633, 9.0037
34.1804, -29.5569, 9.0823
34.3089, -29.6487, 9.1598
34.4395, -29.7429, 9.2404
34.5703, -29.8360, 9.3208
34.7020, -29.9291, 9.4017
34.8345, -30.0250, 9.4840
34.9696, -30.1181, 9.5672
35.1065, -30.2125, 9.6517
35.2435, -30.3080, 9.7379
35.3803, -30.4021, 9.8237
35.5178, -30.4979, 9.9106
35.6566, -30.5922, 9.9982
35.7967, -30.6879, 10.0865
35.9373, -30.7837, 10.1758
36.0786, -30.8796, 10.2664
36.2217, -30.9756, 10.3583
36.3631, -31.0730, 10.4501
36.5070, -31.1704, 10.5438
36.6500, -31.2684, 10.6369
36.7933, -31.3640, 10.7302
36.9379, -31.4603, 10.8248
37.0826, -31.5574, 10.9200
37.2293, -31.6540, 11.0173
37.3752, -31.7521, 11.1140
37.5232, -31.8494, 11.2120
37.6728, -31.9455, 11.3111
37.8230, -32.0433, 11.4106
37.9746, -32.1386, 11.5107
38.1260, -32.2361, 11.6117
38.2786, -32.3319, 11.7128
38.4312, -32.4284, 11.8137
38.5828, -32.5236, 11.9147
38.7358, -32.6196, 12.0167
38.8906, -32.7160, 12.1209
39.0454, -32.8131, 12.2248
39.2018, -32.9102, 12.3304
39.3578, -33.0090, 12.4358
39.5177, -33.1065, 12.5441
39.6804, -33.2056, 12.6553
39.8421, -33.3061, 12.7660
40.0064, -33.4074, 12.8797
40.1724, -33.5103, 12.9944
40.3405, -33.6117, 13.1106
40.5095, -33.7135, 13.2278
40.6791, -33.8164, 13.3459
40.8494, -33.9184, 13.4650
41.0205, -34.0221, 13.5845
41.1920, -34.1234, 13.7037
41.3655, -34.2248, 13.8248
41.5408, -34.3263, 13.9481
41.7150, -34.4283, 14.0699
41.8891, -34.5294, 14.1916
42.0674, -34.6322, 14.3185
42.2435, -34.7320, 14.4415
42.4226, -34.8338, 14.5688
42.6017, -34.9337, 14.6952
42.7834, -35.0338, 14.8235
42.9647, -35.1339, 14.9517
43.1483, -35.2323, 15.0815
43.3344, -35.3313, 15.2131
43.5207, -35.4285, 15.3440
43.7105, -35.5268, 15.4778
43.9003, -35.6258, 15.6126
44.0931, -35.7235, 15.7489
44.2888, -35.8222, 15.8881
44.4824, -35.9203, 16.0258
44.6807, -36.0203, 16.1685
44.8822, -36.1229, 16.3142
45.0850, -36.2228, 16.4602
45.2913, -36.3234, 16.6090
45.4987, -36.4246, 16.7589
45.7096, -36.5247, 16.9112
45.9209, -36.6254, 17.0649
46.1330, -36.7233, 17.2183
46.3472, -36.8222, 17.3725
46.5610, -36.9211, 17.5275
46.7781, -37.0202, 17.6849
46.9940, -37.1189, 17.8420
47.2124, -37.2157, 18.0007
47.4315, -37.3113, 18.1585
47.6528, -37.4081, 18.3199
47.8747, -37.5029, 18.4816
48.0985, -37.5983, 18.6444
48.3212, -37.6920, 18.8078
48.5470, -37.7866, 18.9739
48.7732, -37.8801, 19.1406
48.9994, -37.9738, 19.3072
49.2259, -38.0655, 19.4737
49.4537, -38.1587, 19.6419
49.6845, -38.2501, 19.8119
49.9172, -38.3430, 19.9854
50.1518, -38.4359, 20.1607
50.3915, -38.5312, 20.3406
50.6312, -38.6262, 20.5209
50.8738, -38.7194, 20.7032
51.1187, -38.8133, 20.8872
51.3622, -38.9053, 21.0700
51.6090, -38.9985, 21.2553
51.8558, -39.0917, 21.4415
52.1038, -39.1822, 21.6275
52.3540, -39.2756, 21.8154
52.6031, -39.3662, 22.0022
52.8558, -39.4554, 22.1916
53.1090, -39.5468, 22.3816
53.3637, -39.6350, 22.5725
53.6196, -39.7228, 22.7642
53.8785, -39.8119, 22.9605
54.1353, -39.8985, 23.1534
54.3939, -39.9851, 23.3488
54.6520, -40.0695, 23.5438
54.9155, -40.1561, 23.7444
55.1747, -40.2405, 23.9417
55.4401, -40.3270, 24.1453
55.7071, -40.4139, 24.3530
55.9754, -40.5017, 24.5636
56.2454, -40.5875, 24.7741
56.5180, -40.6754, 24.9874
56.7916, -40.7593, 25.2018
57.0693, -40.8441, 25.4196
57.3472, -40.9281, 25.6389
57.6255, -41.0118, 25.8590
57.9075, -41.0955, 26.0826
58.1877, -41.1770, 26.3041
58.4723, -41.2602, 26.5295
58.7541, -41.3418, 26.7533
59.0413, -41.4219, 26.9800
59.3317, -41.5023, 27.2107
59.6218, -41.5797, 27.4394
59.9149, -41.6562, 27.6696
60.2105, -41.7325, 27.9032
60.5030, -41.8055, 28.1326
60.7991, -41.8787, 28.3645
61.0954, -41.9518, 28.5981
61.4000, -42.0263, 28.8399
61.7054, -42.1015, 29.0832
62.0120, -42.1746, 29.3261
62.3254, -42.2473, 29.5751
62.6368, -42.3178, 29.8207
62.9511, -42.3891, 30.0706
63.2707, -42.4600, 30.3261
63.5877, -42.5297, 30.5804
63.9112, -42.5994, 30.8393
64.2358, -42.6693, 31.1015
64.5593, -42.7354, 31.3604
64.8882, -42.8017, 31.6237
65.2174, -42.8669, 31.8883
65.5534, -42.9303, 32.1593
65.8860, -42.9917, 32.4267
66.2177, -43.0501, 32.6915
66.5529, -43.1071, 32.9606
66.8866, -43.1633, 33.2297
67.2255, -43.2198, 33.5036
67.5644, -43.2757, 33.7799
67.9019, -43.3286, 34.0544
68.2425, -43.3815, 34.3308
68.5821, -43.4329, 34.6063
68.9232, -43.4824, 34.8834
69.2695, -43.5328, 35.1657
69.6149, -43.5818, 35.4470
69.9642, -43.6310, 35.7329
70.3127, -43.6785, 36.0183
70.6675, -43.7268, 36.3103
71.0269, -43.7739, 36.6058
71.3799, -43.8196, 36.8949
71.7373, -43.8623, 37.1873
72.0954, -43.9065, 37.4817
72.4522, -43.9474, 37.7733
72.8113, -43.9866, 38.0696
73.1702, -44.0266, 38.3656
73.5304, -44.0648, 38.6626
73.8898, -44.1023, 38.9597
74.2477, -44.1356, 39.2528
74.6089, -44.1671, 39.5500
74.9676, -44.1976, 39.8430
75.3281, -44.2272, 40.1389
75.6904, -44.2556, 40.4368
76.0513, -44.2817, 40.7330
76.4210, -44.3082, 41.0371
76.7957, -44.3352, 41.3479
77.1678, -44.3602, 41.6531
77.5444, -44.3831, 41.9632
77.9179, -44.4054, 42.2699
78.2958, -44.4252, 42.5818
78.6756, -44.4468, 42.8979
79.0546, -44.4651, 43.2129
79.4355, -44.4832, 43.5297
79.8123, -44.5005, 43.8443
80.1893, -44.5148, 44.1578
80.5695, -44.5281, 44.4745
80.9432, -44.5380, 44.7846
81.3205, -44.5458, 45.0969
81.6969, -44.5540, 45.4091
82.0760, -44.5586, 45.7249
82.4602, -44.5624, 46.0448
82.8430, -44.5656, 46.3648
83.2241, -44.5661, 46.6813
83.6075, -44.5673, 47.0005
83.9914, -44.5656, 47.3177
84.3843, -44.5631, 47.6445
84.7748, -44.5604, 47.9707
85.1692, -44.5558, 48.3012
85.5658, -44.5517, 48.6348
85.9579, -44.5435, 48.9626
86.3521, -44.5339, 49.2913
86.7428, -44.5232, 49.6163
87.1327, -44.5093, 49.9407
87.5260, -44.4954, 50.2682
87.9200, -44.4788, 50.5960
88.3158, -44.4597, 50.9257
88.7101, -44.4407, 51.2541
89.1049, -44.4168, 51.5817
89.4997, -44.3915, 51.9088
89.8957, -44.3653, 52.2390
90.2914, -44.3379, 52.5664
90.6918, -44.3101, 52.9009
91.0918, -44.2811, 53.2337
91.4973, -44.2500, 53.5725
91.9024, -44.2193, 53.9108
92.3096, -44.1845, 54.2510
92.7160, -44.1495, 54.5879
93.1208, -44.1112, 54.9225
93.5299, -44.0698, 55.2627
93.9377, -44.0278, 55.6017
94.3442, -43.9825, 55.9384
94.7512, -43.9349, 56.2744
95.1497, -43.8854, 56.6042
95.5525, -43.8338, 56.9389
95.9559, -43.7822, 57.2761
96.3519, -43.7282, 57.6042
96.7507, -43.6724, 57.9348
97.1531, -43.6160, 58.2710
97.5496, -43.5574, 58.6004
97.9535, -43.4971, 58.9361
98.3545, -43.4334, 59.2667
98.7664, -43.3654, 59.6090
99.1789, -43.2972, 59.9520
99.5940, -43.2242, 60.2981
100.0001, -43.1504, 60.6345
100.4064, -43.0761, 60.9693
100.8079, -42.9989, 61.3015
101.2061, -42.9223, 61.6328
101.6039, -42.8443, 61.9643
101.9986, -42.7646, 62.2936
102.3838, -42.6861, 62.6149
102.7713, -42.6041, 62.9371
103.1581, -42.5189, 63.2574
103.5404, -42.4327, 63.5726
103.9321, -42.3413, 63.8964
104.3280, -42.2486, 64.2254
104.7191, -42.1538, 64.5458
105.1107, -42.0578, 64.8682
105.5010, -41.9604, 65.1882
105.8902, -41.8615, 65.5089
106.2748, -41.7646, 65.8267
106.6606, -41.6654, 66.1475
107.0400, -41.5668, 66.4624
107.4106, -41.4673, 66.7673
107.7844, -41.3640, 67.0726
108.1546, -41.2585, 67.3767
108.5240, -41.1506, 67.6770
108.8939, -41.0385, 67.9770
109.2603, -40.9247, 68.2732
109.6272, -40.8114, 68.5684
109.9974, -40.6952, 68.8691
110.3621, -40.5810, 69.1641
110.7297, -40.4655, 69.4633
111.0934, -40.3529, 69.7607
111.4587, -40.2376, 70.0611
111.8198, -40.1209, 70.3568
112.1761, -40.0023, 70.6453
112.5328, -39.8806, 70.9311
112.8881, -39.7555, 71.2159
113.2435, -39.6286, 71.4989
113.5978, -39.4983, 71.7818
113.9454, -39.3679, 72.0563
114.2898, -39.2369, 72.3296
114.6343, -39.1064, 72.6059
114.9732, -38.9780, 72.8764
115.3153, -38.8487, 73.1522
115.6571, -38.7198, 73.4290
116.0001, -38.5874, 73.7049
116.3416, -38.4517, 73.9791
116.6818, -38.3141, 74.2496
117.0263, -38.1694, 74.5220
117.3715, -38.0218, 74.7946
117.7096, -37.8731, 75.0593
118.0486, -37.7235, 75.3248
118.3800, -37.5736, 75.5849
118.7100, -37.4236, 75.8457
119.0355, -37.2768, 76.1047
119.3593, -37.1268, 76.3653
119.6809, -36.9791, 76.6208
120.0015, -36.8298, 76.8779
120.3219, -36.6782, 77.1310
120.6480, -36.5214, 77.3913
120.9719, -36.3592, 77.6455
121.2994, -36.1924, 77.9011
121.6241, -36.0249, 78.1528
121.9469, -35.8550, 78.4031
122.2673, -35.6855, 78.6526
122.5801, -35.5182, 78.8955
122.8897, -35.3526, 79.1379
123.1965, -35.1879, 79.3831
123.4941, -35.0263, 79.6181
123.7921, -34.8612, 79.8558
124.0881, -34.6954, 80.0896
124.3895, -34.5212, 80.3268
124.6958, -34.3443, 80.5660
124.9980, -34.1642, 80.7980
125.3044, -33.9790, 81.0319
125.6060, -33.7968, 81.2604
125.9059, -33.6134, 81.4896
126.2024, -33.4339, 81.7181
126.4905, -33.2571, 81.9409
126.7771, -33.0807, 82.1637
127.0565, -32.9061, 82.3798
127.3357, -32.7299, 82.5956
127.6136, -32.5481, 82.8099
127.8926, -32.3648, 83.0203
128.1700, -32.1787, 83.2255
128.4525, -31.9878, 83.4339
128.7310, -31.7990, 83.6372
129.0128, -31.6070, 83.8432
129.2882, -31.4203, 84.0461
129.5638, -31.2338, 84.2510
129.8368, -31.0494, 84.4553
130.1019, -30.8660, 84.6562
130.3639, -30.6835, 84.8499
130.6226, -30.4994, 85.0425
130.8817, -30.3106, 85.2333
131.1386, -30.1186, 85.4195
131.3960, -29.9252, 85.6013
131.6542, -29.7301, 85.7821
131.9158, -29.5340, 85.9661
132.1734, -29.3401, 86.1490
132.4344, -29.1447, 86.3378
132.6863, -28.9562, 86.5218
132.9394, -28.7648, 86.7095
133.1893, -28.5740, 86.8950
133.4339, -28.3826, 87.0730
133.6807, -28.1855, 87.2507
133.9218, -27.9859, 87.4201
134.1653, -27.7833, 87.5876
134.4086, -27.5789, 87.7545
134.6485, -27.3757, 87.9160
134.8899, -27.1718, 88.0827
135.1340, -26.9690, 88.2533
135.3736, -26.7680, 88.4224
135.6131, -26.5668, 88.5947
135.8470, -26.3676, 88.7633
136.0831, -26.1636, 88.9324
136.3148, -25.9573, 89.0972
136.5488, -25.7443, 89.2599
136.7769, -25.5299, 89.4130
137.0038, -25.3156, 89.5615
137.2301, -25.0989, 89.7063
137.4592, -24.8796, 89.8544
137.6826, -24.6676, 89.9960
137.9115, -24.4530, 90.1456
138.1341, -24.2433, 90.2933
138.3574, -24.0296, 90.4418
138.5779, -23.8154, 90.5887
138.7973, -23.5981, 90.7330
139.0164, -23.3771, 90.8728
139.2344, -23.1546, 91.0076
139.4476, -22.9315, 91.1343
139.6642, -22.7047, 91.2599
139.8734, -22.4836, 91.3764
140.0875, -22.2616, 91.4959
140.2984, -22.0435, 91.6147
140.5092, -21.8255, 91.7357
140.7194, -21.6058, 91.8581
140.9286, -21.3874, 91.9791
141.1355, -21.1638, 92.0977
141.3441, -20.9364, 92.2148
141.5483, -20.7088, 92.3248
141.7561, -20.4783, 92.4319
141.9571, -20.2494, 92.5310
142.1572, -20.0207, 92.6256
142.3582, -19.7935, 92.7199
142.5556, -19.5701, 92.8102
142.7537, -19.3459, 92.9027
142.9520, -19.1240, 92.9977
143.1477, -18.8984, 93.0905
143.3457, -18.6680, 93.1836
143.5399, -18.4369, 93.2724
143.7367, -18.1997, 93.3601
143.9336, -17.9616, 93.4454
144.1271, -17.7237, 93.5226
144.3179, -17.4865, 93.5943
144.5062, -17.2538, 93.6626
144.6945, -17.0211, 93.7298
144.8828, -16.7880, 93.7974
145.0693, -16.5560, 93.8617
145.2571, -16.3220, 93.9271
145.4456, -16.0841, 93.9932
145.6313, -15.8426, 94.0564
145.8192, -15.5962, 94.1186
146.0032, -15.3495, 94.1749
146.1879, -15.1028, 94.2244
146.3700, -14.8604, 94.2718
146.5503, -14.6182, 94.3141
146.7315, -14.3779, 94.3551
146.9077, -14.1422, 94.3915
147.0881, -13.9042, 94.4299
147.2679, -13.6663, 94.4690
147.4482, -13.4251, 94.5064
147.6250, -13.1819, 94.5395
147.8050, -12.9365, 94.5724
147.9816, -12.6919, 94.5987
148.1608, -12.4446, 94.6242
148.3345, -12.2026, 94.6415
148.5109, -11.9610, 94.6579
148.6876, -11.7259, 94.6734
148.8610, -11.4910, 94.6856
149.0390, -11.2557, 94.6977
149.2123, -11.0270, 94.7058
149.3887, -10.7939, 94.7146
149.5640, -10.5564, 94.7247
149.7392, -10.3234, 94.7314
149.9159, -10.0869, 94.7358
150.0888, -9.8536, 94.7361
150.2646, -9.6191, 94.7322
150.4404, -9.3870, 94.7257
150.6141, -9.1614, 94.7187
150.7900, -8.9369, 94.7105
