0.0000, 0.0000, 0.0000, 0.0000, 0.0000, 0.0000, 0.0000
0.0000, -0.0000, -0.0000, 0.0000, 0.0000, 0.0000, 0.0000
0.0000, -0.0000, -0.0000, 0.0000, 0.0000, 0.0000, 0.0000
0.0000, -0.0000, -0.0000, 0.0000, 0.0000, 0.0000, 0.0000
0.0000, -0.0000, -0.0000, 0.0000, 0.0000, 0.0000, 0.0000
0.0000, -0.0000, -0.0000, 0.0000, 0.0000, 0.0000, 0.0000
0.0000, -0.0001, -0.0000, 0.0001, 0.0000, 0.0001, 0.0000
0.0000, -0.0001, -0.0000, 0.0001, 0.0000, 0.0001, 0.0000
0.0000, -0.0001, -0.0000, 0.0001, 0.0000, 0.0001, 0.0000
0.0000, -0.0001, -0.0000, 0.0001, 0.0000, 0.0001, 0.0000
0.0000, -0.0002, -0.0000, 0.0002, 0.0000, 0.0002, 0.0000
0.0000, -0.0002, -0.0000, 0.0002, 0.0000, 0.0002, 0.0000
0.0000, -0.0002, -0.0000, 0.0003, 0.0000, 0.0003, 0.0000
0.0000, -0.0003, -0.0000, 0.0003, 0.0000, 0.0003, 0.0000
0.0000, -0.0003, -0.0000, 0.0004, 0.0001, 0.0004, 0.0000
0.0000, -0.0003, -0.0000, 0.0004, 0.0001, 0.0004, 0.0000
0.0000, -0.0004, -0.0000, 0.0005, 0.0001, 0.0005, 0.0000
0.0000, -0.0004, -0.0000, 0.0005, 0.0001, 0.0005, 0.0000
0.0000, -0.0005, -0.0000, 0.0006, 0.0001, 0.0006, 0.0001
0.0000, -0.0006, -0.0000, 0.0007, 0.0001, 0.0007, 0.0001
0.0000, -0.0006, -0.0000, 0.0007, 0.0001, 0.0007, 0.0001
0.0000, -0.0007, -0.0000, 0.0008, 0.0001, 0.0008, 0.0001
0.0000, -0.0007, -0.0000, 0.0009, 0.0001, 0.0009, 0.0001
0.0000, -0.0008, -0.0000, 0.0010, 0.0002, 0.0010, 0.0001
0.0000, -0.0009, -0.0000, 0.0011, 0.0002, 0.0011, 0.0001
0.0000, -0.0010, -0.0000, 0.0011, 0.0002, 0.0011, 0.0001
0.0000, -0.0010, -0.0000, 0.0012, 0.0002, 0.0012, 0.0001
0.0000, -0.0011, -0.0001, 0.0013, 0.0002, 0.0013, 0.0001
0.0000, -0.0012, -0.0001, 0.0014, 0.0002, 0.0014, 0.0001
0.0000, -0.0013, -0.0001, 0.0015, 0.0002, 0.0015, 0.0001
0.0000, -0.0014, -0.0001, 0.0016, 0.0003, 0.0016, 0.0002
0.0000, -0.0015, -0.0001, 0.0018, 0.0003, 0.0018, 0.0002
0.0000, -0.0016, -0.0001, 0.0019, 0.0003, 0.0019, 0.0002
0.0000, -0.0017, -0.0001, 0.0020, 0.0003, 0.0020, 0.0002
0.0000, -0.0018, -0.0001, 0.0021, 0.0003, 0.0021, 0.0002
0.0000, -0.0019, -0.0001, 0.0022, 0.0004, 0.0022, 0.0002
0.0000, -0.0020, -0.0001, 0.0024, 0.0004, 0.0024, 0.0002
0.0000, -0.0021, -0.0001, 0.0025, 0.0004, 0.0025, 0.0002
0.0000, -0.0022, -0.0001, 0.0026, 0.0004, 0.0026, 0.0002
0.0000, -0.0024, -0.0001, 0.0028, 0.0004, 0.0028, 0.0003
0.0000, -0.0025, -0.0001, 0.0029, 0.0005, 0.0029, 0.0003
0.0000, -0.0026, -0.0001, 0.0031, 0.0005, 0.0031, 0.0003
0.0000, -0.0027, -0.0001, 0.0032, 0.0005, 0.0032, 0.0003
0.0000, -0.0029, -0.0001, 0.0034, 0.0005, 0.0034, 0.0003
0.0000, -0.0030, -0.0001, 0.0035, 0.0006, 0.0035, 0.0003
0.0000, -0.0031, -0.0001, 0.0037, 0.0006, 0.0037, 0.0003
0.0000, -0.0033, -0.0002, 0.0039, 0.0006, 0.0039, 0.0004
0.0000, -0.0034, -0.0002, 0.0040, 0.0006, 0.0040, 0.0004
0.0000, -0.0036, -0.0002, 0.0042, 0.0007, 0.0042, 0.0004
0.0000, -0.0037, -0.0002, 0.0044, 0.0007, 0.0044, 0.0004
0.0000, -0.0039, -0.0002, 0.0046, 0.0007, 0.0046, 0.0004
0.0000, -0.0040, -0.0002, 0.0048, 0.0008, 0.0047, 0.0004
0.0000, -0.0042, -0.0002, 0.0049, 0.0008, 0.0049, 0.0005
0.0000, -0.0043, -0.0002, 0.0051, 0.0008, 0.0051, 0.0005
0.0000, -0.0045, -0.0002, 0.0053, 0.0008, 0.0053, 0.0005
0.0000, -0.0047, -0.0002, 0.0055, 0.0009, 0.0055, 0.0005
0.0000, -0.0049, -0.0002, 0.0057, 0.0009, 0.0057, 0.0005
0.0000, -0.0050, -0.0002, 0.0059, 0.0009, 0.0059, 0.0006
0.0000, -0.0052, -0.0002, 0.0061, 0.0010, 0.0061, 0.0006
0.0000, -0.0054, -0.0003, 0.0064, 0.0010, 0.0063, 0.0006
0.0000, -0.0056, -0.0003, 0.0066, 0.0010, 0.0066, 0.0006
0.0000, -0.0058, -0.0003, 0.0068, 0.0011, 0.0068, 0.0006
0.0000, -0.0059, -0.0003, 0.0070, 0.0011, 0.0070, 0.0007
0.0000, -0.0061, -0.0003, 0.0072, 0.0012, 0.0072, 0.0007
0.0000, -0.0063, -0.0003, 0.0075, 0.0012, 0.0075, 0.0007
0.0000, -0.0065, -0.0003, 0.0077, 0.0012, 0.0077, 0.0007
0.0000, -0.0067, -0.0003, 0.0080, 0.0013, 0.0079, 0.0007
0.0000, -0.0069, -0.0003, 0.0082, 0.0013, 0.0082, 0.0008
0.0000, -0.0072, -0.0003, 0.0084, 0.0013, 0.0084, 0.0008
0.0000, -0.0074, -0.0003, 0.0087, 0.0014, 0.0087, 0.0008
0.0000, -0.0076, -0.0004, 0.0089, 0.0014, 0.0089, 0.0008
0.0000, -0.0078, -0.0004, 0.0092, 0.0015, 0.0092, 0.0009
0.0000, -0.0080, -0.0004, 0.0095, 0.0015, 0.0094, 0.0009
0.0000, -0.0082, -0.0004, 0.0097, 0.0015, 0.0097, 0.0009
0.0000, -0.0085, -0.0004, 0.0100, 0.0016, 0.0100, 0.0009
0.0000, -0.0087, -0.0004, 0.0103, 0.0016, 0.0103, 0.0010
0.0000, -0.0089, -0.0004, 0.0105, 0.0017, 0.0105, 0.0010
0.0000, -0.0092, -0.0004, 0.0108, 0.0017, 0.0108, 0.0010
0.0000, -0.0094, -0.0004, 0.0111, 0.0018, 0.0111, 0.0010
0.0000, -0.0096, -0.0004, 0.0114, 0.0018, 0.0114, 0.0011
0.0000, -0.0099, -0.0005, 0.0117, 0.0019, 0.0117, 0.0011
0.0000, -0.0101, -0.0005, 0.0120, 0.0019, 0.0120, 0.0011
0.0000, -0.0104, -0.0005, 0.0123, 0.0019, 0.0123, 0.0011
0.0000, -0.0106, -0.0005, 0.0126, 0.0020, 0.0126, 0.0012
0.0000, -0.0109, -0.0005, 0.0129, 0.0020, 0.0129, 0.0012
0.0000, -0.0112, -0.0005, 0.0132, 0.0021, 0.0132, 0.0012
0.0000, -0.0114, -0.0005, 0.0135, 0.0021, 0.0135, 0.0013
0.0000, -0.0117, -0.0005, 0.0138, 0.0022, 0.0138, 0.0013
0.0000, -0.0120, -0.0006, 0.0141, 0.0022, 0.0141, 0.0013
0.0000, -0.0122, -0.0006, 0.0145, 0.0023, 0.0144, 0.0014
0.0000, -0.0125, -0.0006, 0.0148, 0.0023, 0.0148, 0.0014
0.0000, -0.0128, -0.0006, 0.0151, 0.0024, 0.0151, 0.0014
0.0000, -0.0131, -0.0006, 0.0154, 0.0025, 0.0154, 0.0014
0.0000, -0.0134, -0.0006, 0.0158, 0.0025, 0.0158, 0.0015
0.0000, -0.0137, -0.0006, 0.0161, 0.0026, 0.0161, 0.0015
0.0000, -0.0139, -0.0006, 0.0165, 0.0026, 0.0164, 0.0015
0.0000, -0.0142, -0.0007, 0.0168, 0.0027, 0.0168, 0.0016
0.0000, -0.0145, -0.0007, 0.0172, 0.0027, 0.0171, 0.0016
0.0000, -0.0148, -0.0007, 0.0175, 0.0028, 0.0175, 0.0016
0.0000, -0.0151, -0.0007, 0.0179, 0.0028, 0.0178, 0.0017
0.0000, -0.0154, -0.0007, 0.0182, 0.0029, 0.0182, 0.0017
0.0000, -0.0158, -0.0007, 0.0186, 0.0030, 0.0186, 0.0017
0.0000, -0.0161, -0.0007, 0.0190, 0.0030, 0.0189, 0.0018
0.0000, -0.0164, -0.0008, 0.0193, 0.0031, 0.0193, 0.0018
0.0000, -0.0167, -0.0008, 0.0197, 0.0031, 0.0197, 0.0018
0.0000, -0.0170, -0.0008, 0.0201, 0.0032, 0.0201, 0.0019
0.0000, -0.0174, -0.0008, 0.0205, 0.0033, 0.0205, 0.0019
0.0000, -0.0177, -0.0008, 0.0209, 0.0033, 0.0208, 0.0020
0.0000, -0.0180, -0.0008, 0.0213, 0.0034, 0.0212, 0.0020
0.0000, -0.0183, -0.0009, 0.0217, 0.0034, 0.0216, 0.0020
0.0000, -0.0187, -0.0009, 0.0221, 0.0035, 0.0220, 0.0021
0.0000, -0.0190, -0.0009, 0.0225, 0.0036, 0.0224, 0.0021
0.0000, -0.0194, -0.0009, 0.0229, 0.0036, 0.0228, 0.0021
0.0000, -0.0197, -0.0009, 0.0233, 0.0037, 0.0232, 0.0022
0.0000, -0.0201, -0.0009, 0.0237, 0.0038, 0.0236, 0.0022
0.0000, -0.0204, -0.0010, 0.0241, 0.0038, 0.0241, 0.0023
0.0000, -0.0208, -0.0010, 0.0245, 0.0039, 0.0245, 0.0023
0.0000, -0.0211, -0.0010, 0.0249, 0.0040, 0.0249, 0.0023
0.0000, -0.0215, -0.0010, 0.0254, 0.0040, 0.0253, 0.0024
0.0000, -0.0219, -0.0010, 0.0258, 0.0041, 0.0258, 0.0024
0.0000, -0.0222, -0.0010, 0.0262, 0.0042, 0.0262, 0.0025
0.0000, -0.0226, -0.0011, 0.0267, 0.0042, 0.0266, 0.0025
0.0000, -0.0230, -0.0011, 0.0271, 0.0043, 0.0271, 0.0025
0.0000, -0.0233, -0.0011, 0.0276, 0.0044, 0.0275, 0.0026
0.0000, -0.0237, -0.0011, 0.0280, 0.0044, 0.0280, 0.0026
0.0000, -0.0241, -0.0011, 0.0285, 0.0045, 0.0284, 0.0027
0.0000, -0.0245, -0.0011, 0.0289, 0.0046, 0.0289, 0.0027
0.0000, -0.0249, -0.0012, 0.0294, 0.0047, 0.0293, 0.0027
0.0000, -0.0253, -0.0012, 0.0298, 0.0047, 0.0298, 0.0028
0.0000, -0.0257, -0.0012, 0.0303, 0.0048, 0.0303, 0.0028
0.0000, -0.0261, -0.0012, 0.0308, 0.0049, 0.0307, 0.0029
0.0000, -0.0265, -0.0012, 0.0313, 0.0050, 0.0312, 0.0029
0.0000, -0.0269, -0.0013, 0.0317, 0.0050, 0.0317, 0.0030
0.0000, -0.0273, -0.0013, 0.0322, 0.0051, 0.0322, 0.0030
0.0000, -0.0277, -0.0013, 0.0327, 0.0052, 0.0326, 0.0031
0.0000, -0.0281, -0.0013, 0.0332, 0.0053, 0.0331, 0.0031
0.0000, -0.0285, -0.0013, 0.0337, 0.0053, 0.0336, 0.0031
0.0000, -0.0289, -0.0013, 0.0342, 0.0054, 0.0341, 0.0032
0.0000, -0.0294, -0.0014, 0.0347, 0.0055, 0.0346, 0.0032
0.0000, -0.0298, -0.0014, 0.0352, 0.0056, 0.0351, 0.0033
0.0000, -0.0302, -0.0014, 0.0357, 0.0057, 0.0356, 0.0033
0.0000, -0.0307, -0.0014, 0.0362, 0.0057, 0.0361, 0.0034
0.0000, -0.0311, -0.0014, 0.0367, 0.0058, 0.0366, 0.0034
0.0000, -0.0315, -0.0015, 0.0372, 0.0059, 0.0372, 0.0035
0.0000, -0.0320, -0.0015, 0.0377, 0.0060, 0.0377, 0.0035
0.0000, -0.0324, -0.0015, 0.0383, 0.0061, 0.0382, 0.0036
0.0000, -0.0329, -0.0015, 0.0388, 0.0062, 0.0387, 0.0036
0.0000, -0.0333, -0.0016, 0.0393, 0.0062, 0.0393, 0.0037
0.0000, -0.0338, -0.0016, 0.0398, 0.0063, 0.0398, 0.0037
0.0000, -0.0342, -0.0016, 0.0404, 0.0064, 0.0403, 0.0038
0.0000, -0.0347, -0.0016, 0.0409, 0.0065, 0.0409, 0.0038
0.0000, -0.0351, -0.0016, 0.0415, 0.0066, 0.0414, 0.0039
0.0000, -0.0356, -0.0017, 0.0420, 0.0067, 0.0420, 0.0039
0.0000, -0.0361, -0.0017, 0.0426, 0.0068, 0.0425, 0.0040
0.0000, -0.0365, -0.0017, 0.0431, 0.0069, 0.0431, 0.0040
0.0000, -0.0370, -0.0017, 0.0437, 0.0069, 0.0436, 0.0041
0.0000, -0.0375, -0.0017, 0.0443, 0.0070, 0.0442, 0.0041
0.0000, -0.0380, -0.0018, 0.0448, 0.0071, 0.0447, 0.0042
0.0000, -0.0384, -0.0018, 0.0454, 0.0072, 0.0453, 0.0042
0.0000, -0.0389, -0.0018, 0.0460, 0.0073, 0.0459, 0.0043
0.0000, -0.0394, -0.0018, 0.0465, 0.0074, 0.0465, 0.0043
0.0000, -0.0399, -0.0019, 0.0471, 0.0075, 0.0470, 0.0044
0.0000, -0.0404, -0.0019, 0.0477, 0.0076, 0.0476, 0.0045
0.0000, -0.0409, -0.0019, 0.0483, 0.0077, 0.0482, 0.0045
0.0000, -0.0414, -0.0019, 0.0489, 0.0078, 0.0488, 0.0046
0.0000, -0.0419, -0.0020, 0.0495, 0.0079, 0.0494, 0.0046
0.0000, -0.0424, -0.0020, 0.0501, 0.0080, 0.0500, 0.0047
0.0000, -0.0429, -0.0020, 0.0507, 0.0080, 0.0506, 0.0047
0.0000, -0.0434, -0.0020, 0.0513, 0.0081, 0.0512, 0.0048
0.0000, -0.0440, -0.0020, 0.0519, 0.0082, 0.0518, 0.0048
0.0000, -0.0445, -0.0021, 0.0525, 0.0083, 0.0524, 0.0049
0.0000, -0.0450, -0.0021, 0.0531, 0.0084, 0.0530, 0.0050
0.0000, -0.0455, -0.0021, 0.0537, 0.0085, 0.0536, 0.0050
0.0000, -0.0460, -0.0021, 0.0544, 0.0086, 0.0543, 0.0051
0.0000, -0.0466, -0.0022, 0.0550, 0.0087, 0.0549, 0.0051
0.0000, -0.0471, -0.0022, 0.0556, 0.0088, 0.0555, 0.0052
0.0000, -0.0476, -0.0022, 0.0562, 0.0089, 0.0562, 0.0053
0.0000, -0.0482, -0.0022, 0.0569, 0.0090, 0.0568, 0.0053
0.0000, -0.0487, -0.0023, 0.0575, 0.0091, 0.0574, 0.0054
0.0000, -0.0493, -0.0023, 0.0582, 0.0092, 0.0581, 0.0054
0.0000, -0.0498, -0.0023, 0.0588, 0.0093, 0.0587, 0.0055
0.0000, -0.0504, -0.0023, 0.0595, 0.0094, 0.0594, 0.0056
0.0000, -0.0509, -0.0024, 0.0601, 0.0095, 0.0600, 0.0056
0.0000, -0.0515, -0.0024, 0.0608, 0.0097, 0.0607, 0.0057
0.0000, -0.0520, -0.0024, 0.0614, 0.0098, 0.0613, 0.0057
0.0000, -0.0526, -0.0025, 0.0621, 0.0099, 0.0620, 0.0058
0.0000, -0.0532, -0.0025, 0.0628, 0.0100, 0.0627, 0.0059
0.0000, -0.0537, -0.0025, 0.0634, 0.0101, 0.0633, 0.0059
0.0000, -0.0543, -0.0025, 0.0641, 0.0102, 0.0640, 0.0060
0.0000, -0.0549, -0.0026, 0.0648, 0.0103, 0.0647, 0.0061
0.0000, -0.0555, -0.0026, 0.0655, 0.0104, 0.0654, 0.0061
0.0000, -0.0561, -0.0026, 0.0662, 0.0105, 0.0661, 0.0062
0.0000, -0.0566, -0.0026, 0.0669, 0.0106, 0.0668, 0.0062
0.0000, -0.0572, -0.0027, 0.0676, 0.0107, 0.0674, 0.0063
0.0000, -0.0578, -0.0027, 0.0682, 0.0108, 0.0681, 0.0064
0.0000, -0.0584, -0.0027, 0.0689, 0.0110, 0.0688, 0.0064
0.0000, -0.0590, -0.0027, 0.0697, 0.0111, 0.0695, 0.0065
0.0000, -0.0596, -0.0028, 0.0704, 0.0112, 0.0702, 0.0066
0.0000, -0.0602, -0.0028, 0.0711, 0.0113, 0.0710, 0.0066
0.0000, -0.0608, -0.0028, 0.0718, 0.0114, 0.0717, 0.0067
0.0000, -0.0614, -0.0029, 0.0725, 0.0115, 0.0724, 0.0068
0.0000, -0.0620, -0.0029, 0.0732, 0.0116, 0.0731, 0.0068
0.0000, -0.0626, -0.0029, 0.0739, 0.0117, 0.0738, 0.0069
0.0000, -0.0633, -0.0029, 0.0747, 0.0119, 0.0746, 0.0070
0.0000, -0.0639, -0.0030, 0.0754, 0.0120, 0.0753, 0.0070
0.0000, -0.0645, -0.0030, 0.0761, 0.0121, 0.0760, 0.0071
0.0000, -0.0651, -0.0030, 0.0769, 0.0122, 0.0768, 0.0072
0.0000, -0.0658, -0.0031, 0.0776, 0.0123, 0.0775, 0.0073
0.0000, -0.0664, -0.0031, 0.0784, 0.0124, 0.0782, 0.0073
0.0000, -0.0670, -0.0031, 0.0791, 0.0126, 0.0790, 0.0074
0.0000, -0.0677, -0.0032, 0.0799, 0.0127, 0.0797, 0.0075
0.0000, -0.0683, -0.0032, 0.0806, 0.0128, 0.0805, 0.0075
0.0000, -0.0689, -0.0032, 0.0814, 0.0129, 0.0812, 0.0076
0.0000, -0.0696, -0.0032, 0.0821, 0.0130, 0.0820, 0.0077
0.0000, -0.0702, -0.0033, 0.0829, 0.0132, 0.0828, 0.0077
0.0000, -0.0709, -0.0033, 0.0837, 0.0133, 0.0835, 0.0078
0.0000, -0.0715, -0.0033, 0.0844, 0.0134, 0.0843, 0.0079
0.0000, -0.0722, -0.0034, 0.0852, 0.0135, 0.0851, 0.0080
0.0000, -0.0729, -0.0034, 0.0860, 0.0137, 0.0859, 0.0080
0.0000, -0.0735, -0.0034, 0.0868, 0.0138, 0.0866, 0.0081
0.0000, -0.0742, -0.0035, 0.0876, 0.0139, 0.0874, 0.0082
0.0000, -0.0749, -0.0035, 0.0884, 0.0140, 0.0882, 0.0083
0.0000, -0.0755, -0.0035, 0.0892, 0.0142, 0.0890, 0.0083
0.0000, -0.0762, -0.0035, 0.0900, 0.0143, 0.0898, 0.0084
0.0000, -0.0769, -0.0036, 0.0908, 0.0144, 0.0906, 0.0085
0.0000, -0.0776, -0.0036, 0.0916, 0.0145, 0.0914, 0.0086
0.0000, -0.0782, -0.0036, 0.0924, 0.0147, 0.0922, 0.0086
0.0000, -0.0789, -0.0037, 0.0932, 0.0148, 0.0930, 0.0087
0.0000, -0.0796, -0.0037, 0.0940, 0.0149, 0.0938, 0.0088
0.0000, -0.0803, -0.0037, 0.0948, 0.0151, 0.0947, 0.0089
0.0000, -0.0810, -0.0038, 0.0956, 0.0152, 0.0955, 0.0089
0.0000, -0.0817, -0.0038, 0.0964, 0.0153, 0.0963, 0.0090
0.0000, -0.0824, -0.0038, 0.0973, 0.0155, 0.0971, 0.0091
0.0000, -0.0831, -0.0039, 0.0981, 0.0156, 0.0980, 0.0092
0.0000, -0.0838, -0.0039, 0.0989, 0.0157, 0.0988, 0.0092
0.0000, -0.0845, -0.0039, 0.0998, 0.0158, 0.0996, 0.0093
0.0000, -0.0852, -0.0040, 0.1006, 0.0160, 0.1005, 0.0094
0.0000, -0.0860, -0.0040, 0.1015, 0.0161, 0.1013, 0.0095
0.0000, -0.0867, -0.0040, 0.1023, 0.0163, 0.1022, 0.0096
0.0000, -0.0874, -0.0041, 0.1032, 0.0164, 0.1030, 0.0096
0.0000, -0.0881, -0.0041, 0.1040, 0.0165, 0.1039, 0.0097
0.0000, -0.0888, -0.0041, 0.1049, 0.0167, 0.1047, 0.0098
0.0000, -0.0896, -0.0042, 0.1057, 0.0168, 0.1056, 0.0099
0.0000, -0.0903, -0.0042, 0.1066, 0.0169, 0.1064, 0.0100
0.0000, -0.0910, -0.0042, 0.1075, 0.0171, 0.1073, 0.0100
0.0000, -0.0918, -0.0043, 0.1083, 0.0172, 0.1082, 0.0101
0.0000, -0.0925, -0.0043, 0.1092, 0.0173, 0.1090, 0.0102
0.0000, -0.0933, -0.0043, 0.1101, 0.0175, 0.1099, 0.0103
0.0000, -0.0940, -0.0044, 0.1110, 0.0176, 0.1108, 0.0104
0.0000, -0.0948, -0.0044, 0.1119, 0.0178, 0.1117, 0.0105
0.0000, -0.0955, -0.0044, 0.1128, 0.0179, 0.1126, 0.0105
0.0000, -0.0963, -0.0045, 0.1136, 0.0181, 0.1135, 0.0106
0.0000, -0.0970, -0.0045, 0.1145, 0.0182, 0.1144, 0.0107
0.0000, -0.0978, -0.0046, 0.1154, 0.0183, 0.1153, 0.0108
0.0000, -0.0986, -0.0046, 0.1163, 0.0185, 0.1162, 0.0109
0.0000, -0.0993, -0.0046, 0.1172, 0.0186, 0.1171, 0.0110
0.0000, -0.1001, -0.0047, 0.1182, 0.0188, 0.1180, 0.0110
0.0000, -0.1009, -0.0047, 0.1191, 0.0189, 0.1189, 0.0111
0.0000, -0.1016, -0.0047, 0.1200, 0.0191, 0.1198, 0.0112
0.0000, -0.1024, -0.0048, 0.1209, 0.0192, 0.1207, 0.0113
0.0000, -0.1032, -0.0048, 0.1218, 0.0194, 0.1216, 0.0114
0.0000, -0.1040, -0.0048, 0.1228, 0.0195, 0.1226, 0.0115
0.0000, -0.1048, -0.0049, 0.1237, 0.0196, 0.1235, 0.0116
0.0000, -0.1056, -0.0049, 0.1246, 0.0198, 0.1244, 0.0116
0.0000, -0.1064, -0.0050, 0.1256, 0.0199, 0.1254, 0.0117
0.0000, -0.1072, -0.0050, 0.1265, 0.0201, 0.1263, 0.0118
0.0000, -0.1080, -0.0050, 0.1274, 0.0202, 0.1272, 0.0119
0.0000, -0.1088, -0.0051, 0.1284, 0.0204, 0.1282, 0.0120
0.0000, -0.1096, -0.0051, 0.1293, 0.0205, 0.1291, 0.0121
0.0000, -0.1104, -0.0051, 0.1303, 0.0207, 0.1301, 0.0122
0.0000, -0.1112, -0.0052, 0.1312, 0.0208, 0.1310, 0.0123
0.0000, -0.1120, -0.0052, 0.1322, 0.0210, 0.1320, 0.0124
0.0000, -0.1128, -0.0053, 0.1332, 0.0212, 0.1329, 0.0124
0.0000, -0.1136, -0.0053, 0.1341, 0.0213, 0.1339, 0.0125
0.0000, -0.1144, -0.0053, 0.1351, 0.0215, 0.1349, 0.0126
0.0000, -0.1153, -0.0054, 0.1361, 0.0216, 0.1358, 0.0127
0.0000, -0.1161, -0.0054, 0.1370, 0.0218, 0.1368, 0.0128
0.0000, -0.1169, -0.0054, 0.1380, 0.0219, 0.1378, 0.0129
0.0000, -0.1178, -0.0055, 0.1390, 0.0221, 0.1388, 0.0130
0.0000, -0.1186, -0.0055, 0.1400, 0.0222, 0.1398, 0.0131
0.0000, -0.1194, -0.0056, 0.1410, 0.0224, 0.1408, 0.0132
0.0000, -0.1203, -0.0056, 0.1420, 0.0225, 0.1417, 0.0133
0.0000, -0.1211, -0.0056, 0.1430, 0.0227, 0.1427, 0.0134
0.0000, -0.1220, -0.0057, 0.1440, 0.0229, 0.1437, 0.0135
0.0000, -0.1228, -0.0057, 0.1450, 0.0230, 0.1447, 0.0136
0.0000, -0.1237, -0.0058, 0.1460, 0.0232, 0.1457, 0.0136
0.0000, -0.1245, -0.0058, 0.1470, 0.0233, 0.1467, 0.0137
0.0000, -0.1254, -0.0058, 0.1480, 0.0235, 0.1478, 0.0138
0.0000, -0.1262, -0.0059, 0.1490, 0.0237, 0.1488, 0.0139
0.0000, -0.1271, -0.0059, 0.1500, 0.0238, 0.1498, 0.0140
0.0000, -0.1280, -0.0060, 0.1510, 0.0240, 0.1508, 0.0141
0.0000, -0.1288, -0.0060, 0.1521, 0.0242, 0.1518, 0.0142
0.0000, -0.1297, -0.0060, 0.1531, 0.0243, 0.1529, 0.0143
0.0000, -0.1306, -0.0061, 0.1541, 0.0245, 0.1539, 0.0144
0.0000, -0.1315, -0.0061, 0.1552, 0.0246, 0.1549, 0.0145
0.0000, -0.1323, -0.0062, 0.1562, 0.0248, 0.1560, 0.0146
0.0000, -0.1332, -0.0062, 0.1572, 0.0250, 0.1570, 0.0147
0.0000, -0.1341, -0.0062, 0.1583, 0.0251, 0.1580, 0.0148
0.0000, -0.1350, -0.0063, 0.1593, 0.0253, 0.1591, 0.0149
0.0000, -0.1359, -0.0063, 0.1604, 0.0255, 0.1601, 0.0150
0.0000, -0.1368, -0.0064, 0.1614, 0.0256, 0.1612, 0.0151
0.0000, -0.1377, -0.0064, 0.1625, 0.0258, 0.1622, 0.0152
0.0000, -0.1386, -0.0065, 0.1636, 0.0260, 0.1633, 0.0153
0.0000, -0.1395, -0.0065, 0.1646, 0.0261, 0.1644, 0.0154
0.0000, -0.1404, -0.0065, 0.1657, 0.0263, 0.1654, 0.0155
0.0000, -0.1413, -0.0066, 0.1668, 0.0265, 0.1665, 0.0156
0.0000, -0.1422, -0.0066, 0.1678, 0.0267, 0.1676, 0.0157
0.0000, -0.1431, -0.0067, 0.1689, 0.0268, 0.1687, 0.0158
0.0000, -0.1440, -0.0067, 0.1700, 0.0270, 0.1697, 0.0159
0.0000, -0.1449, -0.0067, 0.1711, 0.0272, 0.1708, 0.0160
0.0000, -0.1459, -0.0068, 0.1722, 0.0273, 0.1719, 0.0161
0.0000, -0.1468, -0.0068, 0.1733, 0.0275, 0.1730, 0.0162
0.0000, -0.1477, -0.0069, 0.1744, 0.0277, 0.1741, 0.0163
0.0000, -0.1486, -0.0069, 0.1755, 0.0279, 0.1752, 0.0164
0.0000, -0.1496, -0.0070, 0.1766, 0.0280, 0.1763, 0.0165
0.0000, -0.1505, -0.0070, 0.1777, 0.0282, 0.1774, 0.0166
0.0000, -0.1514, -0.0071, 0.1788, 0.0284, 0.1785, 0.0167
0.0000, -0.1524, -0.0071, 0.1799, 0.0286, 0.1796, 0.0168
0.0000, -0.1533, -0.0071, 0.1810, 0.0287, 0.1807, 0.0169
0.0000, -0.1543, -0.0072, 0.1821, 0.0289, 0.1818, 0.0170
0.0000, -0.1552, -0.0072, 0.1832, 0.0291, 0.1829, 0.0171
0.0000, -0.1562, -0.0073, 0.1843, 0.0293, 0.1841, 0.0172
0.0000, -0.1571, -0.0073, 0.1855, 0.0295, 0.1852, 0.0173
0.0000, -0.1581, -0.0074, 0.1866, 0.0296, 0.1863, 0.0174
0.0000, -0.1590, -0.0074, 0.1877, 0.0298, 0.1874, 0.0175
0.0000, -0.1600, -0.0075, 0.1889, 0.0300, 0.1886, 0.0177
0.0000, -0.1610, -0.0075, 0.1900, 0.0302, 0.1897, 0.0178
0.0000, -0.1619, -0.0075, 0.1911, 0.0304, 0.1908, 0.0179
0.0000, -0.1629, -0.0076, 0.1923, 0.0305, 0.1920, 0.0180
0.0000, -0.1639, -0.0076, 0.1934, 0.0307, 0.1931, 0.0181
0.0000, -0.1648, -0.0077, 0.1946, 0.0309, 0.1943, 0.0182
0.0000, -0.1658, -0.0077, 0.1957, 0.0311, 0.1954, 0.0183
0.0000, -0.1668, -0.0078, 0.1969, 0.0313, 0.1966, 0.0184
0.0000, -0.1678, -0.0078, 0.1981, 0.0315, 0.1977, 0.0185
0.0000, -0.1688, -0.0079, 0.1992, 0.0316, 0.1989, 0.0186
0.0000, -0.1698, -0.0079, 0.2004, 0.0318, 0.2001, 0.0187
0.0000, -0.1708, -0.0080, 0.2016, 0.0320, 0.2012, 0.0188
0.0000, -0.1717, -0.0080, 0.2027, 0.0322, 0.2024, 0.0190
0.0000, -0.1727, -0.0080, 0.2039, 0.0324, 0.2036, 0.0191
0.0000, -0.1737, -0.0081, 0.2051, 0.0326, 0.2048, 0.0192
0.0000, -0.1747, -0.0081, 0.2063, 0.0328, 0.2059, 0.0193
0.0000, -0.1758, -0.0082, 0.2075, 0.0330, 0.2071, 0.0194
0.0000, -0.1768, -0.0082, 0.2087, 0.0331, 0.2083, 0.0195
0.0000, -0.1778, -0.0083, 0.2098, 0.0333, 0.2095, 0.0196
0.0000, -0.1788, -0.0083, 0.2110, 0.0335, 0.2107, 0.0197
0.0000, -0.1798, -0.0084, 0.2122, 0.0337, 0.2119, 0.0198
0.0000, -0.1808, -0.0084, 0.2134, 0.0339, 0.2131, 0.0200
0.0000, -0.1818, -0.0085, 0.2146, 0.0341, 0.2143, 0.0201
0.0000, -0.1829, -0.0085, 0.2159, 0.0343, 0.2155, 0.0202
0.0000, -0.1839, -0.0086, 0.2171, 0.0345, 0.2167, 0.0203
0.0000, -0.1849, -0.0086, 0.2183, 0.0347, 0.2179, 0.0204
0.0000, -0.1859, -0.0087, 0.2195, 0.0349, 0.2191, 0.0205
0.0000, -0.1870, -0.0087, 0.2207, 0.0351, 0.2204, 0.0206
0.0000, -0.1880, -0.0088, 0.2219, 0.0353, 0.2216, 0.0207
0.0000, -0.1891, -0.0088, 0.2232, 0.0354, 0.2228, 0.0209
0.0000, -0.1901, -0.0089, 0.2244, 0.0356, 0.2240, 0.0210
0.0000, -0.1911, -0.0089, 0.2256, 0.0358, 0.2253, 0.0211
0.0000, -0.1922, -0.0090, 0.2269, 0.0360, 0.2265, 0.0212
0.0000, -0.1932, -0.0090, 0.2281, 0.0362, 0.2277, 0.0213
0.0000, -0.1943, -0.0090, 0.2293, 0.0364, 0.2290, 0.0214
0.0000, -0.1953, -0.0091, 0.2306, 0.0366, 0.2302, 0.0216
0.0000, -0.1964, -0.0091, 0.2318, 0.0368, 0.2315, 0.0217
0.0000, -0.1975, -0.0092, 0.2331, 0.0370, 0.2327, 0.0218
0.0000, -0.1985, -0.0092, 0.2343, 0.0372, 0.2340, 0.0219
0.0000, -0.1996, -0.0093, 0.2356, 0.0374, 0.2352, 0.0220
0.0000, -0.2007, -0.0093, 0.2369, 0.0376, 0.2365, 0.0221
0.0000, -0.2017, -0.0094, 0.2381, 0.0378, 0.2377, 0.0223
0.0000, -0.2028, -0.0094, 0.2394, 0.0380, 0.2390, 0.0224
0.0000, -0.2039, -0.0095, 0.2407, 0.0382, 0.2403, 0.0225
0.0000, -0.2050, -0.0095, 0.2419, 0.0384, 0.2416, 0.0226
0.0000, -0.2060, -0.0096, 0.2432, 0.0386, 0.2428, 0.0227
0.0000, -0.2071, -0.0096, 0.2445, 0.0388, 0.2441, 0.0229
0.0000, -0.2082, -0.0097, 0.2458, 0.0390, 0.2454, 0.0230
0.0000, -0.2093, -0.0097, 0.2471, 0.0392, 0.2467, 0.0231
0.0000, -0.2104, -0.0098, 0.2483, 0.0394, 0.2480, 0.0232
0.0000, -0.2115, -0.0098, 0.2496, 0.0397, 0.2492, 0.0233
0.0000, -0.2126, -0.0099, 0.2509, 0.0399, 0.2505, 0.0235
0.0000, -0.2137, -0.0100, 0.2522, 0.0401, 0.2518, 0.0236
0.0000, -0.2148, -0.0100, 0.2535, 0.0403, 0.2531, 0.0237
0.0000, -0.2159, -0.0101, 0.2548, 0.0405, 0.2544, 0.0238
0.0000, -0.2170, -0.0101, 0.2561, 0.0407, 0.2557, 0.0239
0.0000, -0.2181, -0.0102, 0.2575, 0.0409, 0.2570, 0.0241
0.0000, -0.2192, -0.0102, 0.2588, 0.0411, 0.2583, 0.0242
0.0000, -0.2203, -0.0103, 0.2601, 0.0413, 0.2597, 0.0243
0.0000, -0.2214, -0.0103, 0.2614, 0.0415, 0.2610, 0.0244
0.0000, -0.2226, -0.0104, 0.2627, 0.0417, 0.2623, 0.0246
0.0000, -0.2237, -0.0104, 0.2640, 0.0419, 0.2636, 0.0247
0.0000, -0.2248, -0.0105, 0.2654, 0.0422, 0.2649, 0.0248
0.0000, -0.2259, -0.0105, 0.2667, 0.0424, 0.2663, 0.0249
0.0000, -0.2271, -0.0106, 0.2680, 0.0426, 0.2676, 0.0251
0.0000, -0.2282, -0.0106, 0.2694, 0.0428, 0.2689, 0.0252
0.0000, -0.2293, -0.0107, 0.2707, 0.0430, 0.2703, 0.0253
0.0000, -0.2305, -0.0107, 0.2721, 0.0432, 0.2716, 0.0254
0.0000, -0.2316, -0.0108, 0.2734, 0.0434, 0.2730, 0.0256
0.0000, -0.2327, -0.0108, 0.2747, 0.0436, 0.2743, 0.0257
0.0000, -0.2339, -0.0109, 0.2761, 0.0439, 0.2757, 0.0258
0.0000, -0.2350, -0.0109, 0.2775, 0.0441, 0.2770, 0.0259
0.0000, -0.2362, -0.0110, 0.2788, 0.0443, 0.2784, 0.0261
0.0000, -0.2373, -0.0111, 0.2802, 0.0445, 0.2797, 0.0262
0.0000, -0.2385, -0.0111, 0.2815, 0.0447, 0.2811, 0.0263
0.0000, -0.2397, -0.0112, 0.2829, 0.0449, 0.2824, 0.0264
0.0000, -0.2408, -0.0112, 0.2843, 0.0452, 0.2838, 0.0266
0.0000, -0.2420, -0.0113, 0.2856, 0.0454, 0.2852, 0.0267
0.0000, -0.2431, -0.0113, 0.2870, 0.0456, 0.2866, 0.0268
0.0000, -0.2443, -0.0114, 0.2884, 0.0458, 0.2879, 0.0270
0.0000, -0.2455, -0.0114, 0.2898, 0.0460, 0.2893, 0.0271
0.0000, -0.2467, -0.0115, 0.2912, 0.0462, 0.2907, 0.0272
0.0000, -0.2478, -0.0115, 0.2925, 0.0465, 0.2921, 0.0273
0.0000, -0.2490, -0.0116, 0.2939, 0.0467, 0.2935, 0.0275
0.0000, -0.2502, -0.0117, 0.2953, 0.0469, 0.2949, 0.0276
0.0000, -0.2514, -0.0117, 0.2967, 0.0471, 0.2962, 0.0277
0.0000, -0.2526, -0.0118, 0.2981, 0.0474, 0.2976, 0.0279
0.0000, -0.2537, -0.0118, 0.2995, 0.0476, 0.2990, 0.0280
0.0000, -0.2549, -0.0119, 0.3009, 0.0478, 0.3004, 0.0281
0.0000, -0.2561, -0.0119, 0.3023, 0.0480, 0.3019, 0.0283
0.0000, -0.2573, -0.0120, 0.3037, 0.0482, 0.3033, 0.0284
0.0000, -0.2585, -0.0120, 0.3052, 0.0485, 0.3047, 0.0285
0.0000, -0.2597, -0.0121, 0.3066, 0.0487, 0.3061, 0.0287
0.0000, -0.2609, -0.0122, 0.3080, 0.0489, 0.3075, 0.0288
0.0000, -0.2621, -0.0122, 0.3094, 0.0491, 0.3089, 0.0289
0.0000, -0.2633, -0.0123, 0.3108, 0.0494, 0.3103, 0.0291
0.0000, -0.2645, -0.0123, 0.3123, 0.0496, 0.3118, 0.0292
0.0000, -0.2657, -0.0124, 0.3137, 0.0498, 0.3132, 0.0293
0.0000, -0.2670, -0.0124, 0.3151, 0.0501, 0.3146, 0.0295
0.0000, -0.2682, -0.0125, 0.3166, 0.0503, 0.3161, 0.0296
0.0000, -0.2694, -0.0125, 0.3180, 0.0505, 0.3175, 0.0297
0.0000, -0.2706, -0.0126, 0.3194, 0.0507, 0.3189, 0.0299
0.0000, -0.2718, -0.0127, 0.3209, 0.0510, 0.3204, 0.0300
0.0000, -0.2731, -0.0127, 0.3223, 0.0512, 0.3218, 0.0301
0.0000, -0.2743, -0.0128, 0.3238, 0.0514, 0.3233, 0.0303
0.0000, -0.2755, -0.0128, 0.3252, 0.0517, 0.3247, 0.0304
0.0000, -0.2768, -0.0129, 0.3267, 0.0519, 0.3262, 0.0305
0.0000, -0.2780, -0.0129, 0.3282, 0.0521, 0.3276, 0.0307
0.0000, -0.2792, -0.0130, 0.3296, 0.0524, 0.3291, 0.0308
0.0000, -0.2805, -0.0131, 0.3311, 0.0526, 0.3306, 0.0310
0.0000, -0.2817, -0.0131, 0.3326, 0.0528, 0.3320, 0.0311
0.0000, -0.2830, -0.0132, 0.3340, 0.0531, 0.3335, 0.0312
0.0000, -0.2842, -0.0132, 0.3355, 0.0533, 0.3350, 0.0314
0.0000, -0.2855, -0.0133, 0.3370, 0.0535, 0.3364, 0.0315
0.0000, -0.2867, -0.0134, 0.3385, 0.0538, 0.3379, 0.0317
0.0000, -0.2880, -0.0134, 0.3399, 0.0540, 0.3394, 0.0318
0.0000, -0.2892, -0.0135, 0.3414, 0.0542, 0.3409, 0.0319
0.0000, -0.2905, -0.0135, 0.3429, 0.0545, 0.3424, 0.0321
0.0000, -0.2918, -0.0136, 0.3444, 0.0547, 0.3438, 0.0322
0.0000, -0.2930, -0.0136, 0.3459, 0.0549, 0.3453, 0.0324
0.0000, -0.2943, -0.0137, 0.3474, 0.0552, 0.3468, 0.0325
0.0000, -0.2956, -0.0138, 0.3489, 0.0554, 0.3483, 0.0326
0.0000, -0.2968, -0.0138, 0.3504, 0.0557, 0.3498, 0.0328
0.0000, -0.2981, -0.0139, 0.3519, 0.0559, 0.3513, 0.0329
0.0000, -0.2994, -0.0139, 0.3534, 0.0561, 0.3528, 0.0331
0.0000, -0.3007, -0.0140, 0.3549, 0.0564, 0.3543, 0.0332
0.0000, -0.3019, -0.0141, 0.3564, 0.0566, 0.3558, 0.0333
0.0000, -0.3032, -0.0141, 0.3579, 0.0569, 0.3574, 0.0335
0.0000, -0.3045, -0.0142, 0.3594, 0.0571, 0.3589, 0.0336
0.0000, -0.3058, -0.0142, 0.3610, 0.0573, 0.3604, 0.0338
0.0000, -0.3071, -0.0143, 0.3625, 0.0576, 0.3619, 0.0339
0.0000, -0.3084, -0.0144, 0.3640, 0.0578, 0.3634, 0.0341
0.0000, -0.3097, -0.0144, 0.3655, 0.0581, 0.3650, 0.0342
0.0000, -0.3110, -0.0145, 0.3671, 0.0583, 0.3665, 0.0344
0.0000, -0.3123, -0.0145, 0.3686, 0.0585, 0.3680, 0.0345
0.0000, -0.3136, -0.0146, 0.3702, 0.0588, 0.3696, 0.0346
0.0000, -0.3149, -0.0147, 0.3717, 0.0590, 0.3711, 0.0348
0.0000, -0.3162, -0.0147, 0.3732, 0.0593, 0.3726, 0.0349
0.0000, -0.3175, -0.0148, 0.3748, 0.0595, 0.3742, 0.0351
0.0000, -0.3188, -0.0148, 0.3763, 0.0598, 0.3757, 0.0352
0.0000, -0.3201, -0.0149, 0.3779, 0.0600, 0.3773, 0.0354
0.0000, -0.3214, -0.0150, 0.3794, 0.0603, 0.3788, 0.0355
0.0000, -0.3228, -0.0150, 0.3810, 0.0605, 0.3804, 0.0357
0.0000, -0.3241, -0.0151, 0.3826, 0.0608, 0.3819, 0.0358
0.0000, -0.3254, -0.0152, 0.3841, 0.0610, 0.3835, 0.0360
0.0000, -0.3267, -0.0152, 0.3857, 0.0613, 0.3851, 0.0361
0.0000, -0.3281, -0.0153, 0.3872, 0.0615, 0.3866, 0.0363
0.0000, -0.3294, -0.0153, 0.3888, 0.0618, 0.3882, 0.0364
0.0000, -0.3307, -0.0154, 0.3904, 0.0620, 0.3898, 0.0365
0.0000, -0.3320, -0.0155, 0.3920, 0.0623, 0.3913, 0.0367
0.0000, -0.3334, -0.0155, 0.3935, 0.0625, 0.3929, 0.0368
0.0000, -0.3347, -0.0156, 0.3951, 0.0628, 0.3945, 0.0370
0.0000, -0.3361, -0.0157, 0.3967, 0.0630, 0.3961, 0.0371
0.0000, -0.3374, -0.0157, 0.3983, 0.0633, 0.3977, 0.0373
0.0000, -0.3388, -0.0158, 0.3999, 0.0635, 0.3992, 0.0374
0.0000, -0.3401, -0.0158, 0.4015, 0.0638, 0.4008, 0.0376
0.0000, -0.3415, -0.0159, 0.4031, 0.0640, 0.4024, 0.0377
0.0000, -0.3428, -0.0160, 0.4047, 0.0643, 0.4040, 0.0379
0.0000, -0.3442, -0.0160, 0.4063, 0.0645, 0.4056, 0.0380
0.0000, -0.3455, -0.0161, 0.4079, 0.0648, 0.4072, 0.0382
0.0000, -0.3469, -0.0162, 0.4095, 0.0650, 0.4088, 0.0383
0.0000, -0.3482, -0.0162, 0.4111, 0.0653, 0.4104, 0.0385
0.0000, -0.3496, -0.0163, 0.4127, 0.0655, 0.4120, 0.0386
0.0000, -0.3510, -0.0163, 0.4143, 0.0658, 0.4136, 0.0388
0.0000, -0.3523, -0.0164, 0.4159, 0.0661, 0.4152, 0.0390
0.0000, -0.3537, -0.0165, 0.4175, 0.0663, 0.4169, 0.0391
0.0000, -0.3551, -0.0165, 0.4192, 0.0666, 0.4185, 0.0393
0.0000, -0.3565, -0.0166, 0.4208, 0.0668, 0.4201, 0.0394
0.0000, -0.3578, -0.0167, 0.4224, 0.0671, 0.4217, 0.0396
0.0000, -0.3592, -0.0167, 0.4240, 0.0674, 0.4234, 0.0397
0.0000, -0.3606, -0.0168, 0.4257, 0.0676, 0.4250, 0.0399
0.0000, -0.3620, -0.0169, 0.4273, 0.0679, 0.4266, 0.0400
0.0000, -0.3634, -0.0169, 0.4289, 0.0681, 0.4282, 0.0402
0.0000, -0.3648, -0.0170, 0.4306, 0.0684, 0.4299, 0.0403
0.0000, -0.3661, -0.0171, 0.4322, 0.0687, 0.4315, 0.0405
0.0000, -0.3675, -0.0171, 0.4339, 0.0689, 0.4332, 0.0406
0.0000, -0.3689, -0.0172, 0.4355, 0.0692, 0.4348, 0.0408
0.0000, -0.3703, -0.0173, 0.4372, 0.0694, 0.4365, 0.0409
0.0000, -0.3717, -0.0173, 0.4388, 0.0697, 0.4381, 0.0411
0.0000, -0.3731, -0.0174, 0.4405, 0.0700, 0.4398, 0.0413
0.0000, -0.3745, -0.0174, 0.4421, 0.0702, 0.4414, 0.0414
0.0000, -0.3759, -0.0175, 0.4438, 0.0705, 0.4431, 0.0416
0.0000, -0.3773, -0.0176, 0.4454, 0.0708, 0.4447, 0.0417
0.0000, -0.3788, -0.0176, 0.4471, 0.0710, 0.4464, 0.0419
0.0000, -0.3802, -0.0177, 0.4488, 0.0713, 0.4480, 0.0420
0.0000, -0.3816, -0.0178, 0.4504, 0.0715, 0.4497, 0.0422
0.0000, -0.3830, -0.0178, 0.4521, 0.0718, 0.4514, 0.0423
0.0000, -0.3844, -0.0179, 0.4538, 0.0721, 0.4531, 0.0425
0.0000, -0.3858, -0.0180, 0.4555, 0.0723, 0.4547, 0.0427
0.0000, -0.3873, -0.0180, 0.4571, 0.0726, 0.4564, 0.0428
0.0000, -0.3887, -0.0181, 0.4588, 0.0729, 0.4581, 0.0430
0.0000, -0.3901, -0.0182, 0.4605, 0.0731, 0.4598, 0.0431
0.0000, -0.3915, -0.0182, 0.4622, 0.0734, 0.4615, 0.0433
0.0000, -0.3930, -0.0183, 0.4639, 0.0737, 0.4631, 0.0435
0.0000, -0.3944, -0.0184, 0.4656, 0.0740, 0.4648, 0.0436
0.0000, -0.3958, -0.0184, 0.4673, 0.0742, 0.4665, 0.0438
0.0000, -0.3973, -0.0185, 0.4690, 0.0745, 0.4682, 0.0439
0.0000, -0.3987, -0.0186, 0.4707, 0.0748, 0.4699, 0.0441
0.0000, -0.4002, -0.0186, 0.4724, 0.0750, 0.4716, 0.0442
0.0000, -0.4016, -0.0187, 0.4741, 0.0753, 0.4733, 0.0444
0.0000, -0.4031, -0.0188, 0.4758, 0.0756, 0.4750, 0.0446
0.0000, -0.4045, -0.0188, 0.4775, 0.0758, 0.4767, 0.0447
0.0000, -0.4060, -0.0189, 0.4792, 0.0761, 0.4784, 0.0449
0.0000, -0.4074, -0.0190, 0.4809, 0.0764, 0.4802, 0.0450
0.0000, -0.4089, -0.0190, 0.4826, 0.0767, 0.4819, 0.0452
0.0000, -0.4103, -0.0191, 0.4844, 0.0769, 0.4836, 0.0454
0.0000, -0.4118, -0.0192, 0.4861, 0.0772, 0.4853, 0.0455
0.0000, -0.4132, -0.0192, 0.4878, 0.0775, 0.4870, 0.0457
0.0000, -0.4147, -0.0193, 0.4895, 0.0778, 0.4887, 0.0459
0.0000, -0.4162, -0.0194, 0.4913, 0.0780, 0.4905, 0.0460
0.0000, -0.4176, -0.0195, 0.4930, 0.0783, 0.4922, 0.0462
0.0000, -0.4191, -0.0195, 0.4947, 0.0786, 0.4939, 0.0463
0.0000, -0.4206, -0.0196, 0.4965, 0.0789, 0.4957, 0.0465
0.0000, -0.4220, -0.0197, 0.4982, 0.0791, 0.4974, 0.0467
0.0000, -0.4235, -0.0197, 0.4999, 0.0794, 0.4991, 0.0468
0.0000, -0.4250, -0.0198, 0.5017, 0.0797, 0.5009, 0.0470
0.0000, -0.4265, -0.0199, 0.5034, 0.0800, 0.5026, 0.0472
0.0000, -0.4280, -0.0199, 0.5052, 0.0802, 0.5044, 0.0473
0.0000, -0.4294, -0.0200, 0.5069, 0.0805, 0.5061, 0.0475
0.0000, -0.4309, -0.0201, 0.5087, 0.0808, 0.5079, 0.0477
0.0000, -0.4324, -0.0201, 0.5104, 0.0811, 0.5096, 0.0478
0.0000, -0.4339, -0.0202, 0.5122, 0.0814, 0.5114, 0.0480
0.0000, -0.4354, -0.0203, 0.5140, 0.0816, 0.5131, 0.0481
0.0000, -0.4369, -0.0203, 0.5157, 0.0819, 0.5149, 0.0483
0.0000, -0.4384, -0.0204, 0.5175, 0.0822, 0.5167, 0.0485
0.0000, -0.4399, -0.0205, 0.5193, 0.0825, 0.5184, 0.0486
0.0000, -0.4414, -0.0206, 0.5210, 0.0828, 0.5202, 0.0488
0.0000, -0.4429, -0.0206, 0.5228, 0.0830, 0.5220, 0.0490
0.0000, -0.4444, -0.0207, 0.5246, 0.0833, 0.5237, 0.0491
0.0000, -0.4459, -0.0208, 0.5264, 0.0836, 0.5255, 0.0493
0.0000, -0.4474, -0.0208, 0.5281, 0.0839, 0.5273, 0.0495
0.0000, -0.4489, -0.0209, 0.5299, 0.0842, 0.5291, 0.0496
0.0000, -0.4504, -0.0210, 0.5317, 0.0845, 0.5309, 0.0498
0.0000, -0.4519, -0.0211, 0.5335, 0.0847, 0.5326, 0.0500
0.0000, -0.4535, -0.0211, 0.5353, 0.0850, 0.5344, 0.0502
0.0000, -0.4550, -0.0212, 0.5371, 0.0853, 0.5362, 0.0503
0.0000, -0.4565, -0.0213, 0.5389, 0.0856, 0.5380, 0.0505
0.0000, -0.4580, -0.0213, 0.5407, 0.0859, 0.5398, 0.0507
0.0000, -0.4595, -0.0214, 0.5425, 0.0862, 0.5416, 0.0508
0.0000, -0.4611, -0.0215, 0.5443, 0.0865, 0.5434, 0.0510
0.0000, -0.4626, -0.0215, 0.5461, 0.0867, 0.5452, 0.0512
0.0000, -0.4641, -0.0216, 0.5479, 0.0870, 0.5470, 0.0513
0.0000, -0.4657, -0.0217, 0.5497, 0.0873, 0.5488, 0.0515
0.0000, -0.4672, -0.0218, 0.5515, 0.0876, 0.5506, 0.0517
0.0000, -0.4687, -0.0218, 0.5533, 0.0879, 0.5524, 0.0518
0.0000, -0.4703, -0.0219, 0.5551, 0.0882, 0.5542, 0.0520
0.0000, -0.4718, -0.0220, 0.5569, 0.0885, 0.5560, 0.0522
0.0000, -0.4733, -0.0220, 0.5588, 0.0888, 0.5579, 0.0524
0.0000, -0.4749, -0.0221, 0.5606, 0.0890, 0.5597, 0.0525
0.0000, -0.4764, -0.0222, 0.5624, 0.0893, 0.5615, 0.0527
0.0000, -0.4780, -0.0223, 0.5642, 0.0896, 0.5633, 0.0529
0.0000, -0.4795, -0.0223, 0.5661, 0.0899, 0.5651, 0.0530
0.0000, -0.4811, -0.0224, 0.5679, 0.0902, 0.5670, 0.0532
0.0000, -0.4826, -0.0225, 0.5697, 0.0905, 0.5688, 0.0534
0.0000, -0.4842, -0.0226, 0.5716, 0.0908, 0.5706, 0.0536
0.0000, -0.4857, -0.0226, 0.5734, 0.0911, 0.5725, 0.0537
0.0000, -0.4873, -0.0227, 0.5752, 0.0914, 0.5743, 0.0539
0.0000, -0.4889, -0.0228, 0.5771, 0.0917, 0.5761, 0.0541
0.0000, -0.4904, -0.0228, 0.5789, 0.0920, 0.5780, 0.0543
0.0000, -0.4920, -0.0229, 0.5808, 0.0922, 0.5798, 0.0544
0.0000, -0.4936, -0.0230, 0.5826, 0.0925, 0.5817, 0.0546
0.0000, -0.4951, -0.0231, 0.5845, 0.0928, 0.5835, 0.0548
0.0000, -0.4967, -0.0231, 0.5863, 0.0931, 0.5854, 0.0550
0.0000, -0.4983, -0.0232, 0.5882, 0.0934, 0.5872, 0.0551
0.0000, -0.4998, -0.0233, 0.5900, 0.0937, 0.5891, 0.0553
0.0000, -0.5014, -0.0234, 0.5919, 0.0940, 0.5909, 0.0555
0.0000, -0.5030, -0.0234, 0.5937, 0.0943, 0.5928, 0.0557
0.0000, -0.5046, -0.0235, 0.5956, 0.0946, 0.5947, 0.0558
0.0000, -0.5061, -0.0236, 0.5975, 0.0949, 0.5965, 0.0560
0.0000, -0.5077, -0.0237, 0.5993, 0.0952, 0.5984, 0.0562
0.0000, -0.5093, -0.0237, 0.6012, 0.0955, 0.6003, 0.0564
0.0000, -0.5109, -0.0238, 0.6031, 0.0958, 0.6021, 0.0565
0.0000, -0.5125, -0.0239, 0.6050, 0.0961, 0.6040, 0.0567
0.0000, -0.5141, -0.0239, 0.6068, 0.0964, 0.6059, 0.0569
0.0000, -0.5157, -0.0240, 0.6087, 0.0967, 0.6077, 0.0571
0.0000, -0.5173, -0.0241, 0.6106, 0.0970, 0.6096, 0.0572
0.0000, -0.5189, -0.0242, 0.6125, 0.0973, 0.6115, 0.0574
0.0000, -0.5205, -0.0242, 0.6144, 0.0976, 0.6134, 0.0576
0.0000, -0.5221, -0.0243, 0.6163, 0.0979, 0.6153, 0.0578
0.0000, -0.5237, -0.0244, 0.6181, 0.0982, 0.6172, 0.0580
0.0000, -0.5253, -0.0245, 0.6200, 0.0985, 0.6191, 0.0581
0.0000, -0.5269, -0.0245, 0.6219, 0.0988, 0.6209, 0.0583
0.0000, -0.5285, -0.0246, 0.6238, 0.0991, 0.6228, 0.0585
0.0000, -0.5301, -0.0247, 0.6257, 0.0994, 0.6247, 0.0587
0.0000, -0.5317, -0.0248, 0.6276, 0.0997, 0.6266, 0.0589
0.0000, -0.5333, -0.0248, 0.6295, 0.1000, 0.6285, 0.0590
0.0000, -0.5349, -0.0249, 0.6314, 0.1003, 0.6304, 0.0592
0.0000, -0.5365, -0.0250, 0.6333, 0.1006, 0.6323, 0.0594
0.0000, -0.5382, -0.0251, 0.6353, 0.1009, 0.6342, 0.0596
0.0000, -0.5398, -0.0251, 0.6372, 0.1012, 0.6361, 0.0598
0.0000, -0.5414, -0.0252, 0.6391, 0.1015, 0.6381, 0.0599
0.0000, -0.5430, -0.0253, 0.6410, 0.1018, 0.6400, 0.0601
0.0000, -0.5446, -0.0254, 0.6429, 0.1021, 0.6419, 0.0603
0.0000, -0.5463, -0.0254, 0.6448, 0.1024, 0.6438, 0.0605
0.0000, -0.5479, -0.0255, 0.6468, 0.1027, 0.6457, 0.0607
0.0000, -0.5495, -0.0256, 0.6487, 0.1030, 0.6476, 0.0608
0.0000, -0.5512, -0.0257, 0.6506, 0.1033, 0.6496, 0.0610
0.0000, -0.5528, -0.0257, 0.6525, 0.1036, 0.6515, 0.0612
0.0000, -0.5544, -0.0258, 0.6545, 0.1040, 0.6534, 0.0614
0.0000, -0.5561, -0.0259, 0.6564, 0.1043, 0.6553, 0.0616
0.0000, -0.5577, -0.0260, 0.6583, 0.1046, 0.6573, 0.0618
0.0000, -0.5593, -0.0261, 0.6603, 0.1049, 0.6592, 0.0619
0.0000, -0.5610, -0.0261, 0.6622, 0.1052, 0.6611, 0.0621
0.0000, -0.5626, -0.0262, 0.6641, 0.1055, 0.6631, 0.0623
0.0000, -0.5643, -0.0263, 0.6661, 0.1058, 0.6650, 0.0625
0.0000, -0.5659, -0.0264, 0.6680, 0.1061, 0.6670, 0.0627
0.0000, -0.5676, -0.0264, 0.6700, 0.1064, 0.6689, 0.0629
0.0000, -0.5692, -0.0265, 0.6719, 0.1067, 0.6708, 0.0630
0.0000, -0.5709, -0.0266, 0.6739, 0.1070, 0.6728, 0.0632
0.0000, -0.5725, -0.0267, 0.6758, 0.1073, 0.6747, 0.0634
0.0000, -0.5742, -0.0267, 0.6778, 0.1077, 0.6767, 0.0636
0.0000, -0.5758, -0.0268, 0.6797, 0.1080, 0.6786, 0.0638
0.0000, -0.5775, -0.0269, 0.6817, 0.1083, 0.6806, 0.0640
0.0000, -0.5791, -0.0270, 0.6836, 0.1086, 0.6825, 0.0642
0.0000, -0.5808, -0.0271, 0.6856, 0.1089, 0.6845, 0.0643
0.0000, -0.5825, -0.0271, 0.6876, 0.1092, 0.6865, 0.0645
0.0000, -0.5841, -0.0272, 0.6895, 0.1095, 0.6884, 0.0647
0.0000, -0.5858, -0.0273, 0.6915, 0.1098, 0.6904, 0.0649
0.0000, -0.5875, -0.0274, 0.6935, 0.1102, 0.6924, 0.0651
0.0000, -0.5891, -0.0274, 0.6954, 0.1105, 0.6943, 0.0653
0.0000, -0.5908, -0.0275, 0.6974, 0.1108, 0.6963, 0.0655
0.0000, -0.5925, -0.0276, 0.6994, 0.1111, 0.6983, 0.0656
0.0000, -0.5942, -0.0277, 0.7014, 0.1114, 0.7002, 0.0658
0.0000, -0.5958, -0.0278, 0.7033, 0.1117, 0.7022, 0.0660
0.0000, -0.5975, -0.0278, 0.7053, 0.1120, 0.7042, 0.0662
0.0000, -0.5992, -0.0279, 0.7073, 0.1123, 0.7062, 0.0664
0.0000, -0.6009, -0.0280, 0.7093, 0.1127, 0.7082, 0.0666
0.0000, -0.6026, -0.0281, 0.7113, 0.1130, 0.7101, 0.0668
0.0000, -0.6042, -0.0281, 0.7133, 0.1133, 0.7121, 0.0670
0.0000, -0.6059, -0.0282, 0.7153, 0.1136, 0.7141, 0.0672
0.0000, -0.6076, -0.0283, 0.7173, 0.1139, 0.7161, 0.0673
0.0000, -0.6093, -0.0284, 0.7192, 0.1142, 0.7181, 0.0675
0.0000, -0.6110, -0.0285, 0.7212, 0.1146, 0.7201, 0.0677
0.0000, -0.6127, -0.0285, 0.7232, 0.1149, 0.7221, 0.0679
0.0000, -0.6144, -0.0286, 0.7252, 0.1152, 0.7241, 0.0681
0.0000, -0.6161, -0.0287, 0.7272, 0.1155, 0.7261, 0.0683
0.0000, -0.6178, -0.0288, 0.7292, 0.1158, 0.7281, 0.0685
0.0000, -0.6195, -0.0289, 0.7313, 0.1162, 0.7301, 0.0687
0.0000, -0.6212, -0.0289, 0.7333, 0.1165, 0.7321, 0.0689
0.0000, -0.6229, -0.0290, 0.7353, 0.1168, 0.7341, 0.0691
0.0000, -0.6246, -0.0291, 0.7373, 0.1171, 0.7361, 0.0692
0.0000, -0.6263, -0.0292, 0.7393, 0.1174, 0.7381, 0.0694
0.0000, -0.6280, -0.0293, 0.7413, 0.1178, 0.7401, 0.0696
0.0000, -0.6297, -0.0293, 0.7433, 0.1181, 0.7421, 0.0698
0.0000, -0.6314, -0.0294, 0.7453, 0.1184, 0.7442, 0.0700
0.0000, -0.6331, -0.0295, 0.7474, 0.1187, 0.7462, 0.0702
0.0000, -0.6348, -0.0296, 0.7494, 0.1190, 0.7482, 0.0704
0.0000, -0.6366, -0.0297, 0.7514, 0.1194, 0.7502, 0.0706
0.0000, -0.6383, -0.0297, 0.7534, 0.1197, 0.7522, 0.0708
0.0000, -0.6400, -0.0298, 0.7555, 0.1200, 0.7543, 0.0710
0.0000, -0.6417, -0.0299, 0.7575, 0.1203, 0.7563, 0.0712
0.0000, -0.6434, -0.0300, 0.7595, 0.1206, 0.7583, 0.0714
0.0000, -0.6451, -0.0301, 0.7616, 0.1210, 0.7603, 0.0715
0.0000, -0.6469, -0.0301, 0.7636, 0.1213, 0.7624, 0.0717
0.0000, -0.6486, -0.0302, 0.7656, 0.1216, 0.7644, 0.0719
0.0000, -0.6503, -0.0303, 0.7677, 0.1219, 0.7664, 0.0721
0.0000, -0.6521, -0.0304, 0.7697, 0.1223, 0.7685, 0.0723
0.0000, -0.6538, -0.0305, 0.7717, 0.1226, 0.7705, 0.0725
0.0000, -0.6555, -0.0305, 0.7738, 0.1229, 0.7726, 0.0727
0.0000, -0.6572, -0.0306, 0.7758, 0.1232, 0.7746, 0.0729
0.0000, -0.6590, -0.0307, 0.7779, 0.1236, 0.7766, 0.0731
0.0000, -0.6607, -0.0308, 0.7799, 0.1239, 0.7787, 0.0733
0.0000, -0.6624, -0.0309, 0.7820, 0.1242, 0.7807, 0.0735
0.0000, -0.6642, -0.0309, 0.7840, 0.1245, 0.7828, 0.0737
0.0000, -0.6659, -0.0310, 0.7861, 0.1249, 0.7848, 0.0739
0.0000, -0.6677, -0.0311, 0.7881, 0.1252, 0.7869, 0.0741
0.0000, -0.6694, -0.0312, 0.7902, 0.1255, 0.7889, 0.0743
0.0000, -0.6712, -0.0313, 0.7923, 0.1258, 0.7910, 0.0745
0.0000, -0.6729, -0.0314, 0.7943, 0.1262, 0.7930, 0.0747
0.0000, -0.6746, -0.0314, 0.7964, 0.1265, 0.7951, 0.0748
0.0000, -0.6764, -0.0315, 0.7984, 0.1268, 0.7972, 0.0750
0.0000, -0.6781, -0.0316, 0.8005, 0.1272, 0.7992, 0.0752
0.0000, -0.6799, -0.0317, 0.8026, 0.1275, 0.8013, 0.0754
0.0000, -0.6817, -0.0318, 0.8046, 0.1278, 0.8034, 0.0756
0.0000, -0.6834, -0.0318, 0.8067, 0.1281, 0.8054, 0.0758
0.0000, -0.6852, -0.0319, 0.8088, 0.1285, 0.8075, 0.0760
0.0000, -0.6869, -0.0320, 0.8109, 0.1288, 0.8096, 0.0762
0.0000, -0.6887, -0.0321, 0.8129, 0.1291, 0.8116, 0.0764
0.0000, -0.6904, -0.0322, 0.8150, 0.1295, 0.8137, 0.0766
0.0000, -0.6922, -0.0323, 0.8171, 0.1298, 0.8158, 0.0768
0.0000, -0.6940, -0.0323, 0.8192, 0.1301, 0.8179, 0.0770
0.0000, -0.6957, -0.0324, 0.8213, 0.1305, 0.8199, 0.0772
0.0000, -0.6975, -0.0325, 0.8233, 0.1308, 0.8220, 0.0774
0.0000, -0.6993, -0.0326, 0.8254, 0.1311, 0.8241, 0.0776
0.0000, -0.7010, -0.0327, 0.8275, 0.1314, 0.8262, 0.0778
0.0000, -0.7028, -0.0327, 0.8296, 0.1318, 0.8283, 0.0780
0.0000, -0.7046, -0.0328, 0.8317, 0.1321, 0.8304, 0.0782
0.0000, -0.7063, -0.0329, 0.8338, 0.1324, 0.8325, 0.0784
0.0000, -0.7081, -0.0330, 0.8359, 0.1328, 0.8345, 0.0786
0.0000, -0.7099, -0.0331, 0.8380, 0.1331, 0.8366, 0.0788
0.0000, -0.7117, -0.0332, 0.8401, 0.1334, 0.8387, 0.0790
0.0000, -0.7134, -0.0332, 0.8422, 0.1338, 0.8408, 0.0792
0.0000, -0.7152, -0.0333, 0.8443, 0.1341, 0.8429, 0.0794
0.0000, -0.7170, -0.0334, 0.8464, 0.1344, 0.8450, 0.0796
0.0000, -0.7188, -0.0335, 0.8485, 0.1348, 0.8471, 0.0798
0.0000, -0.7206, -0.0336, 0.8506, 0.1351, 0.8492, 0.0800
0.0000, -0.7223, -0.0337, 0.8527, 0.1354, 0.8513, 0.0802
0.0000, -0.7241, -0.0337, 0.8548, 0.1358, 0.8534, 0.0804
0.0000, -0.7259, -0.0338, 0.8569, 0.1361, 0.8555, 0.0806
0.0000, -0.7277, -0.0339, 0.8590, 0.1365, 0.8576, 0.0808
0.0000, -0.7295, -0.0340, 0.8611, 0.1368, 0.8597, 0.0810
0.0000, -0.7313, -0.0341, 0.8632, 0.1371, 0.8619, 0.0812
0.0000, -0.7331, -0.0342, 0.8654, 0.1375, 0.8640, 0.0814
0.0000, -0.7349, -0.0342, 0.8675, 0.1378, 0.8661, 0.0816
0.0000, -0.7367, -0.0343, 0.8696, 0.1381, 0.8682, 0.0818
0.0000, -0.7385, -0.0344, 0.8717, 0.1385, 0.8703, 0.0820
0.0000, -0.7403, -0.0345, 0.8738, 0.1388, 0.8724, 0.0822
0.0000, -0.7421, -0.0346, 0.8760, 0.1391, 0.8745, 0.0824
0.0000, -0.7439, -0.0347, 0.8781, 0.1395, 0.8767, 0.0826
0.0000, -0.7457, -0.0347, 0.8802, 0.1398, 0.8788, 0.0828
0.0000, -0.7475, -0.0348, 0.8823, 0.1401, 0.8809, 0.0830
0.0000, -0.7493, -0.0349, 0.8845, 0.1405, 0.8830, 0.0832
0.0000, -0.7511, -0.0350, 0.8866, 0.1408, 0.8852, 0.0834
0.0000, -0.7529, -0.0351, 0.8887, 0.1412, 0.8873, 0.0836
0.0000, -0.7547, -0.0352, 0.8909, 0.1415, 0.8894, 0.0838
0.0000, -0.7565, -0.0353, 0.8930, 0.1418, 0.8916, 0.0840
0.0000, -0.7583, -0.0353, 0.8951, 0.1422, 0.8937, 0.0842
0.0000, -0.7601, -0.0354, 0.8973, 0.1425, 0.8958, 0.0844
0.0000, -0.7619, -0.0355, 0.8994, 0.1429, 0.8980, 0.0846
0.0000, -0.7637, -0.0356, 0.9015, 0.1432, 0.9001, 0.0848
0.0000, -0.7655, -0.0357, 0.9037, 0.1435, 0.9022, 0.0850
0.0000, -0.7674, -0.0358, 0.9058, 0.1439, 0.9044, 0.0852
0.0000, -0.7692, -0.0358, 0.9080, 0.1442, 0.9065, 0.0854
0.0000, -0.7710, -0.0359, 0.9101, 0.1446, 0.9087, 0.0857
0.0000, -0.7728, -0.0360, 0.9123, 0.1449, 0.9108, 0.0859
0.0000, -0.7746, -0.0361, 0.9144, 0.1452, 0.9130, 0.0861
0.0000, -0.7765, -0.0362, 0.9166, 0.1456, 0.9151, 0.0863
0.0000, -0.7783, -0.0363, 0.9187, 0.1459, 0.9172, 0.0865
0.0000, -0.7801, -0.0364, 0.9209, 0.1463, 0.9194, 0.0867
0.0000, -0.7819, -0.0364, 0.9230, 0.1466, 0.9215, 0.0869
0.0000, -0.7838, -0.0365, 0.9252, 0.1470, 0.9237, 0.0871
0.0000, -0.7856, -0.0366, 0.9273, 0.1473, 0.9259, 0.0873
0.0000, -0.7874, -0.0367, 0.9295, 0.1476, 0.9280, 0.0875
0.0000, -0.7892, -0.0368, 0.9317, 0.1480, 0.9302, 0.0877
0.0000, -0.7911, -0.0369, 0.9338, 0.1483, 0.9323, 0.0879
0.0000, -0.7929, -0.0370, 0.9360, 0.1487, 0.9345, 0.0881
0.0000, -0.7947, -0.0370, 0.9381, 0.1490, 0.9366, 0.0883
0.0000, -0.7966, -0.0371, 0.9403, 0.1494, 0.9388, 0.0885
0.0000, -0.7984, -0.0372, 0.9425, 0.1497, 0.9410, 0.0887
0.0000, -0.8002, -0.0373, 0.9446, 0.1501, 0.9431, 0.0890
0.0000, -0.8021, -0.0374, 0.9468, 0.1504, 0.9453, 0.0892
0.0000, -0.8039, -0.0375, 0.9490, 0.1507, 0.9475, 0.0894
0.0000, -0.8058, -0.0376, 0.9512, 0.1511, 0.9496, 0.0896
0.0000, -0.8076, -0.0376, 0.9533, 0.1514, 0.9518, 0.0898
0.0000, -0.8094, -0.0377, 0.9555, 0.1518, 0.9540, 0.0900
0.0000, -0.8113, -0.0378, 0.9577, 0.1521, 0.9561, 0.0902
0.0000, -0.8131, -0.0379, 0.9599, 0.1525, 0.9583, 0.0904
0.0000, -0.8150, -0.0380, 0.9620, 0.1528, 0.9605, 0.0906
0.0000, -0.8168, -0.0381, 0.9642, 0.1532, 0.9627, 0.0908
0.0000, -0.8187, -0.0382, 0.9664, 0.1535, 0.9648, 0.0910
0.0000, -0.8205, -0.0382, 0.9686, 0.1539, 0.9670, 0.0913
0.0000, -0.8224, -0.0383, 0.9708, 0.1542, 0.9692, 0.0915
0.0000, -0.8242, -0.0384, 0.9729, 0.1545, 0.9714, 0.0917
0.0000, -0.8261, -0.0385, 0.9751, 0.1549, 0.9736, 0.0919
0.0000, -0.8279, -0.0386, 0.9773, 0.1552, 0.9758, 0.0921
0.0000, -0.8298, -0.0387, 0.9795, 0.1556, 0.9779, 0.0923
0.0000, -0.8316, -0.0388, 0.9817, 0.1559, 0.9801, 0.0925
0.0000, -0.8335, -0.0389, 0.9839, 0.1563, 0.9823, 0.0927
0.0000, -0.8354, -0.0389, 0.9861, 0.1566, 0.9845, 0.0929
0.0000, -0.8372, -0.0390, 0.9883, 0.1570, 0.9867, 0.0932
0.0000, -0.8391, -0.0391, 0.9905, 0.1573, 0.9889, 0.0934
0.0000, -0.8409, -0.0392, 0.9927, 0.1577, 0.9911, 0.0936
0.0000, -0.8428, -0.0393, 0.9949, 0.1580, 0.9933, 0.0938
0.0000, -0.8447, -0.0394, 0.9971, 0.1584, 0.9955, 0.0940
0.0000, -0.8465, -0.0395, 0.9993, 0.1587, 0.9977, 0.0942
0.0000, -0.8484, -0.0396, 1.0015, 0.1591, 0.9999, 0.0944
0.0000, -0.8502, -0.0397, 1.0037, 0.1594, 1.0021, 0.0947
0.0000, -0.8521, -0.0397, 1.0059, 0.1598, 1.0043, 0.0949
0.0000, -0.8540, -0.0398, 1.0081, 0.1601, 1.0065, 0.0951
0.0000, -0.8558, -0.0399, 1.0103, 0.1605, 1.0087, 0.0953
0.0000, -0.8577, -0.0400, 1.0125, 0.1608, 1.0109, 0.0955
0.0000, -0.8596, -0.0401, 1.0147, 0.1612, 1.0131, 0.0957
0.0000, -0.8615, -0.0402, 1.0169, 0.1616, 1.0153, 0.0960
0.0000, -0.8633, -0.0403, 1.0191, 0.1619, 1.0175, 0.0962
0.0000, -0.8652, -0.0404, 1.0213, 0.1623, 1.0197, 0.0964
0.0000, -0.8671, -0.0405, 1.0235, 0.1626, 1.0219, 0.0966
0.0000, -0.8690, -0.0406, 1.0257, 0.1630, 1.0241, 0.0968
0.0000, -0.8708, -0.0406, 1.0280, 0.1633, 1.0263, 0.0970
0.0000, -0.8727, -0.0407, 1.0302, 0.1637, 1.0285, 0.0973
0.0000, -0.8746, -0.0408, 1.0324, 0.1640, 1.0307, 0.0975
0.0000, -0.8765, -0.0409, 1.0346, 0.1644, 1.0329, 0.0977
0.0000, -0.8783, -0.0410, 1.0368, 0.1647, 1.0352, 0.0979
0.0000, -0.8802, -0.0411, 1.0390, 0.1651, 1.0374, 0.0981
0.0000, -0.8821, -0.0412, 1.0413, 0.1654, 1.0396, 0.0984
0.0000, -0.8840, -0.0413, 1.0435, 0.1658, 1.0418, 0.0986
0.0000, -0.8859, -0.0414, 1.0457, 0.1661, 1.0440, 0.0988
0.0000, -0.8878, -0.0415, 1.0479, 0.1665, 1.0463, 0.0990
0.0000, -0.8896, -0.0416, 1.0502, 0.1668, 1.0485, 0.0992
0.0000, -0.8915, -0.0416, 1.0524, 0.1672, 1.0507, 0.0995
0.0000, -0.8934, -0.0417, 1.0546, 0.1675, 1.0529, 0.0997
0.0000, -0.8953, -0.0418, 1.0568, 0.1679, 1.0552, 0.0999
0.0000, -0.8972, -0.0419, 1.0591, 0.1683, 1.0574, 0.1001
0.0000, -0.8991, -0.0420, 1.0613, 0.1686, 1.0596, 0.1004
0.0000, -0.9010, -0.0421, 1.0635, 0.1690, 1.0618, 0.1006
0.0000, -0.9029, -0.0422, 1.0658, 0.1693, 1.0641, 0.1008
0.0000, -0.9048, -0.0423, 1.0680, 0.1697, 1.0663, 0.1010
0.0000, -0.9067, -0.0424, 1.0702, 0.1700, 1.0685, 0.1012
0.0000, -0.9085, -0.0425, 1.0725, 0.1704, 1.0708, 0.1015
0.0000, -0.9104, -0.0426, 1.0747, 0.1707, 1.0730, 0.1017
0.0000, -0.9123, -0.0427, 1.0770, 0.1711, 1.0752, 0.1019
0.0000, -0.9142, -0.0427, 1.0792, 0.1715, 1.0775, 0.1022
0.0000, -0.9161, -0.0428, 1.0814, 0.1718, 1.0797, 0.1024
0.0000, -0.9180, -0.0429, 1.0837, 0.1722, 1.0819, 0.1026
0.0000, -0.9199, -0.0430, 1.0859, 0.1725, 1.0842, 0.1028
0.0000, -0.9218, -0.0431, 1.0882, 0.1729, 1.0864, 0.1031
0.0000, -0.9237, -0.0432, 1.0904, 0.1733, 1.0886, 0.1033
0.0000, -0.9256, -0.0433, 1.0926, 0.1736, 1.0909, 0.1035
0.0000, -0.9275, -0.0434, 1.0949, 0.1740, 1.0931, 0.1038
0.0000, -0.9294, -0.0435, 1.0971, 0.1743, 1.0954, 0.1040
0.0000, -0.9313, -0.0436, 1.0994, 0.1747, 1.0976, 0.1042
0.0000, -0.9332, -0.0437, 1.1016, 0.1751, 1.0999, 0.1044
0.0000, -0.9351, -0.0438, 1.1039, 0.1754, 1.1021, 0.1047
0.0000, -0.9371, -0.0439, 1.1061, 0.1758, 1.1043, 0.1049
0.0000, -0.9390, -0.0440, 1.1084, 0.1761, 1.1066, 0.1051
0.0000, -0.9409, -0.0441, 1.1106, 0.1765, 1.1088, 0.1054
0.0000, -0.9428, -0.0441, 1.1129, 0.1768, 1.1111, 0.1056
0.0000, -0.9447, -0.0442, 1.1151, 0.1772, 1.1133, 0.1058
0.0000, -0.9466, -0.0443, 1.1174, 0.1776, 1.1156, 0.1061
0.0000, -0.9485, -0.0444, 1.1197, 0.1779, 1.1178, 0.1063
0.0000, -0.9504, -0.0445, 1.1219, 0.1783, 1.1201, 0.1065
0.0000, -0.9523, -0.0446, 1.1242, 0.1786, 1.1224, 0.1068
0.0000, -0.9542, -0.0447, 1.1264, 0.1790, 1.1246, 0.1070
0.0000, -0.9562, -0.0448, 1.1287, 0.1794, 1.1269, 0.1072
0.0000, -0.9581, -0.0449, 1.1309, 0.1797, 1.1291, 0.1075
0.0000, -0.9600, -0.0450, 1.1332, 0.1801, 1.1314, 0.1077
0.0000, -0.9619, -0.0451, 1.1355, 0.1804, 1.1336, 0.1079
0.0000, -0.9638, -0.0452, 1.1377, 0.1808, 1.1359, 0.1082
0.0000, -0.9657, -0.0453, 1.1400, 0.1812, 1.1382, 0.1084
0.0000, -0.9677, -0.0454, 1.1423, 0.1815, 1.1404, 0.1086
0.0000, -0.9696, -0.0455, 1.1445, 0.1819, 1.1427, 0.1089
0.0000, -0.9715, -0.0456, 1.1468, 0.1822, 1.1449, 0.1091
0.0000, -0.9734, -0.0456, 1.1491, 0.1826, 1.1472, 0.1093
0.0000, -0.9753, -0.0457, 1.1513, 0.1830, 1.1495, 0.1096
0.0000, -0.9773, -0.0458, 1.1536, 0.1833, 1.1517, 0.1098
0.0000, -0.9792, -0.0459, 1.1559, 0.1837, 1.1540, 0.1101
0.0000, -0.9811, -0.0460, 1.1581, 0.1840, 1.1563, 0.1103
0.0000, -0.9830, -0.0461, 1.1604, 0.1844, 1.1585, 0.1105
0.0000, -0.9850, -0.0462, 1.1627, 0.1848, 1.1608, 0.1108
0.0000, -0.9869, -0.0463, 1.1649, 0.1851, 1.1631, 0.1110
0.0000, -0.9888, -0.0464, 1.1672, 0.1855, 1.1653, 0.1113
0.0000, -0.9907, -0.0465, 1.1695, 0.1859, 1.1676, 0.1115
0.0000, -0.9927, -0.0466, 1.1718, 0.1862, 1.1699, 0.1117
0.0000, -0.9946, -0.0467, 1.1740, 0.1866, 1.1721, 0.1120
0.0000, -0.9965, -0.0468, 1.1763, 0.1870, 1.1744, 0.1122
0.0000, -0.9985, -0.0469, 1.1786, 0.1873, 1.1767, 0.1125
0.0000, -1.0004, -0.0470, 1.1809, 0.1877, 1.1790, 0.1127
0.0000, -1.0023, -0.0471, 1.1832, 0.1880, 1.1812, 0.1130
0.0000, -1.0042, -0.0472, 1.1854, 0.1884, 1.1835, 0.1132
0.0000, -1.0062, -0.0473, 1.1877, 0.1888, 1.1858, 0.1134
0.0000, -1.0081, -0.0474, 1.1900, 0.1891, 1.1881, 0.1137
0.0000, -1.0100, -0.0475, 1.1923, 0.1895, 1.1903, 0.1139
0.0000, -1.0120, -0.0475, 1.1946, 0.1899, 1.1926, 0.1142
0.0000, -1.0139, -0.0476, 1.1968, 0.1902, 1.1949, 0.1144
0.0000, -1.0158, -0.0477, 1.1991, 0.1906, 1.1972, 0.1147
0.0000, -1.0178, -0.0478, 1.2014, 0.1909, 1.1995, 0.1149
0.0000, -1.0197, -0.0479, 1.2037, 0.1913, 1.2017, 0.1152
0.0000, -1.0217, -0.0480, 1.2060, 0.1917, 1.2040, 0.1154
0.0000, -1.0236, -0.0481, 1.2083, 0.1920, 1.2063, 0.1157
0.0000, -1.0255, -0.0482, 1.2106, 0.1924, 1.2086, 0.1159
0.0000, -1.0275, -0.0483, 1.2128, 0.1928, 1.2109, 0.1162
0.0000, -1.0294, -0.0484, 1.2151, 0.1931, 1.2132, 0.1164
0.0000, -1.0313, -0.0485, 1.2174, 0.1935, 1.2154, 0.1167
0.0000, -1.0333, -0.0486, 1.2197, 0.1939, 1.2177, 0.1169
0.0000, -1.0352, -0.0487, 1.2220, 0.1942, 1.2200, 0.1172
0.0000, -1.0372, -0.0488, 1.2243, 0.1946, 1.2223, 0.1175
0.0000, -1.0391, -0.0489, 1.2266, 0.1950, 1.2246, 0.1177
0.0000, -1.0410, -0.0490, 1.2289, 0.1953, 1.2269, 0.1180
0.0000, -1.0430, -0.0491, 1.2312, 0.1957, 1.2292, 0.1182
0.0000, -1.0449, -0.0492, 1.2335, 0.1961, 1.2315, 0.1185
0.0000, -1.0469, -0.0492, 1.2358, 0.1964, 1.2337, 0.1187
0.0000, -1.0488, -0.0493, 1.2381, 0.1968, 1.2360, 0.1190
0.0000, -1.0508, -0.0494, 1.2403, 0.1971, 1.2383, 0.1193
0.0000, -1.0527, -0.0495, 1.2426, 0.1975, 1.2406, 0.1195
0.0000, -1.0547, -0.0496, 1.2449, 0.1979, 1.2429, 0.1198
0.0000, -1.0566, -0.0497, 1.2472, 0.1982, 1.2452, 0.1201
0.0000, -1.0585, -0.0498, 1.2495, 0.1986, 1.2475, 0.1203
0.0000, -1.0605, -0.0499, 1.2518, 0.1990, 1.2498, 0.1206
0.0000, -1.0624, -0.0500, 1.2541, 0.1993, 1.2521, 0.1209
0.0000, -1.0644, -0.0501, 1.2564, 0.1997, 1.2544, 0.1211
0.0000, -1.0663, -0.0502, 1.2587, 0.2001, 1.2567, 0.1214
0.0000, -1.0683, -0.0503, 1.2610, 0.2005, 1.2590, 0.1217
0.0000, -1.0702, -0.0504, 1.2633, 0.2008, 1.2613, 0.1219
0.0000, -1.0722, -0.0505, 1.2656, 0.2012, 1.2636, 0.1222
0.0000, -1.0741, -0.0506, 1.2679, 0.2016, 1.2659, 0.1225
0.0000, -1.0761, -0.0507, 1.2702, 0.2019, 1.2682, 0.1227
0.0000, -1.0780, -0.0508, 1.2725, 0.2023, 1.2705, 0.1230
0.0000, -1.0800, -0.0509, 1.2748, 0.2026, 1.2728, 0.1233
0.0000, -1.0819, -0.0510, 1.2772, 0.2030, 1.2751, 0.1236
0.0000, -1.0839, -0.0510, 1.2795, 0.2034, 1.2774, 0.1238
0.0000, -1.0858, -0.0511, 1.2818, 0.2037, 1.2797, 0.1241
0.0000, -1.0878, -0.0512, 1.2841, 0.2041, 1.2820, 0.1244
0.0000, -1.0898, -0.0513, 1.2864, 0.2045, 1.2843, 0.1247
0.0000, -1.0917, -0.0514, 1.2887, 0.2049, 1.2866, 0.1249
0.0000, -1.0937, -0.0515, 1.2910, 0.2052, 1.2889, 0.1252
0.0000, -1.0956, -0.0516, 1.2933, 0.2056, 1.2912, 0.1255
0.0000, -1.0976, -0.0517, 1.2956, 0.2060, 1.2935, 0.1258
0.0000, -1.0995, -0.0518, 1.2979, 0.2063, 1.2958, 0.1261
0.0000, -1.1015, -0.0519, 1.3002, 0.2067, 1.2981, 0.1263
0.0000, -1.1034, -0.0520, 1.3025, 0.2071, 1.3004, 0.1266
0.0000, -1.1054, -0.0521, 1.3048, 0.2074, 1.3027, 0.1269
0.0000, -1.1074, -0.0522, 1.3071, 0.2078, 1.3050, 0.1272
0.0000, -1.1093, -0.0523, 1.3095, 0.2082, 1.3073, 0.1275
0.0000, -1.1113, -0.0524, 1.3118, 0.2085, 1.3096, 0.1277
0.0000, -1.1132, -0.0525, 1.3141, 0.2089, 1.3119, 0.1280
0.0000, -1.1152, -0.0526, 1.3164, 0.2093, 1.3142, 0.1283
0.0000, -1.1172, -0.0526, 1.3187, 0.2096, 1.3166, 0.1286
0.0000, -1.1191, -0.0527, 1.3210, 0.2100, 1.3189, 0.1289
0.0000, -1.1211, -0.0528, 1.3233, 0.2104, 1.3212, 0.1292
0.0000, -1.1230, -0.0529, 1.3256, 0.2107, 1.3235, 0.1295
0.0000, -1.1250, -0.0530, 1.3280, 0.2111, 1.3258, 0.1297
0.0000, -1.1269, -0.0531, 1.3303, 0.2115, 1.3281, 0.1300
0.0000, -1.1289, -0.0532, 1.3326, 0.2118, 1.3304, 0.1303
0.0000, -1.1309, -0.0533, 1.3349, 0.2122, 1.3327, 0.1306
0.0000, -1.1328, -0.0534, 1.3372, 0.2126, 1.3350, 0.1309
0.0000, -1.1348, -0.0535, 1.3395, 0.2130, 1.3374, 0.1312
0.0000, -1.1368, -0.0536, 1.3419, 0.2133, 1.3397, 0.1315
0.0000, -1.1387, -0.0537, 1.3442, 0.2137, 1.3420, 0.1317
0.0000, -1.1407, -0.0538, 1.3465, 0.2141, 1.3443, 0.1320
0.0000, -1.1426, -0.0539, 1.3488, 0.2144, 1.3466, 0.1323
0.0000, -1.1446, -0.0540, 1.3511, 0.2148, 1.3489, 0.1326
0.0000, -1.1466, -0.0541, 1.3534, 0.2152, 1.3512, 0.1329
0.0000, -1.1485, -0.0542, 1.3558, 0.2155, 1.3535, 0.1332
0.0000, -1.1505, -0.0543, 1.3581, 0.2159, 1.3559, 0.1335
0.0000, -1.1525, -0.0543, 1.3604, 0.2163, 1.3582, 0.1338
0.0000, -1.1544, -0.0544, 1.3627, 0.2166, 1.3605, 0.1341
0.0000, -1.1564, -0.0545, 1.3650, 0.2170, 1.3628, 0.1344
0.0000, -1.1584, -0.0546, 1.3674, 0.2174, 1.3651, 0.1347
0.0000, -1.1603, -0.0547, 1.3697, 0.2177, 1.3674, 0.1350
0.0000, -1.1623, -0.0548, 1.3720, 0.2181, 1.3698, 0.1353
0.0000, -1.1643, -0.0549, 1.3743, 0.2185, 1.3721, 0.1355
0.0000, -1.1662, -0.0550, 1.3766, 0.2189, 1.3744, 0.1358
0.0000, -1.1682, -0.0551, 1.3790, 0.2192, 1.3767, 0.1361
0.0000, -1.1702, -0.0552, 1.3813, 0.2196, 1.3790, 0.1365
0.0000, -1.1721, -0.0553, 1.3836, 0.2200, 1.3813, 0.1368
0.0000, -1.1741, -0.0554, 1.3859, 0.2203, 1.3837, 0.1371
0.0000, -1.1761, -0.0555, 1.3882, 0.2207, 1.3860, 0.1374
0.0000, -1.1780, -0.0556, 1.3906, 0.2211, 1.3883, 0.1377
0.0000, -1.1800, -0.0557, 1.3929, 0.2214, 1.3906, 0.1380
0.0000, -1.1820, -0.0558, 1.3952, 0.2218, 1.3929, 0.1383
0.0000, -1.1839, -0.0559, 1.3975, 0.2222, 1.3952, 0.1386
0.0000, -1.1859, -0.0560, 1.3999, 0.2226, 1.3976, 0.1389
0.0000, -1.1879, -0.0561, 1.4022, 0.2229, 1.3999, 0.1392
0.0000, -1.1898, -0.0561, 1.4045, 0.2233, 1.4022, 0.1395
0.0000, -1.1918, -0.0562, 1.4068, 0.2237, 1.4045, 0.1398
0.0000, -1.1938, -0.0563, 1.4091, 0.2240, 1.4068, 0.1402
0.0000, -1.1957, -0.0564, 1.4115, 0.2244, 1.4092, 0.1405
0.0000, -1.1977, -0.0565, 1.4138, 0.2248, 1.4115, 0.1408
0.0000, -1.1997, -0.0566, 1.4161, 0.2252, 1.4138, 0.1411
0.0000, -1.2016, -0.0567, 1.4184, 0.2255, 1.4161, 0.1414
0.0000, -1.2036, -0.0568, 1.4208, 0.2259, 1.4184, 0.1418
0.0000, -1.2056, -0.0569, 1.4231, 0.2263, 1.4208, 0.1421
0.0000, -1.2075, -0.0570, 1.4254, 0.2266, 1.4231, 0.1424
0.0000, -1.2095, -0.0571, 1.4277, 0.2270, 1.4254, 0.1427
0.0000, -1.2115, -0.0572, 1.4301, 0.2274, 1.4277, 0.1430
0.0000, -1.2135, -0.0573, 1.4324, 0.2278, 1.4301, 0.1434
0.0000, -1.2154, -0.0574, 1.4347, 0.2281, 1.4324, 0.1437
0.0000, -1.2174, -0.0575, 1.4370, 0.2285, 1.4347, 0.1440
0.0000, -1.2194, -0.0576, 1.4394, 0.2289, 1.4370, 0.1443
0.0000, -1.2213, -0.0577, 1.4417, 0.2292, 1.4393, 0.1447
0.0000, -1.2233, -0.0578, 1.4440, 0.2296, 1.4417, 0.1450
0.0000, -1.2253, -0.0579, 1.4463, 0.2300, 1.4440, 0.1453
0.0000, -1.2273, -0.0579, 1.4487, 0.2303, 1.4463, 0.1456
0.0000, -1.2292, -0.0580, 1.4510, 0.2307, 1.4486, 0.1460
0.0000, -1.2312, -0.0581, 1.4533, 0.2311, 1.4510, 0.1463
0.0000, -1.2332, -0.0582, 1.4557, 0.2314, 1.4533, 0.1466
0.0000, -1.2351, -0.0583, 1.4580, 0.2318, 1.4556, 0.1470
0.0000, -1.2371, -0.0584, 1.4603, 0.2322, 1.4579, 0.1473
0.0000, -1.2391, -0.0585, 1.4626, 0.2326, 1.4602, 0.1476
0.0000, -1.2411, -0.0586, 1.4650, 0.2329, 1.4626, 0.1480
0.0000, -1.2430, -0.0587, 1.4673, 0.2333, 1.4649, 0.1483
0.0000, -1.2450, -0.0588, 1.4696, 0.2337, 1.4672, 0.1486
0.0000, -1.2470, -0.0589, 1.4719, 0.2340, 1.4695, 0.1490
0.0000, -1.2489, -0.0590, 1.4743, 0.2344, 1.4719, 0.1493
0.0000, -1.2509, -0.0591, 1.4766, 0.2348, 1.4742, 0.1496
0.0000, -1.2529, -0.0592, 1.4789, 0.2351, 1.4765, 0.1500
0.0000, -1.2549, -0.0593, 1.4813, 0.2355, 1.4788, 0.1503
0.0000, -1.2568, -0.0594, 1.4836, 0.2359, 1.4811, 0.1507
0.0000, -1.2588, -0.0595, 1.4859, 0.2362, 1.4835, 0.1510
0.0000, -1.2608, -0.0596, 1.4882, 0.2366, 1.4858, 0.1513
0.0000, -1.2627, -0.0597, 1.4906, 0.2370, 1.4881, 0.1517
0.0000, -1.2647, -0.0598, 1.4929, 0.2374, 1.4904, 0.1520
0.0000, -1.2667, -0.0599, 1.4952, 0.2377, 1.4928, 0.1524
0.0000, -1.2687, -0.0600, 1.4975, 0.2381, 1.4951, 0.1527
0.0000, -1.2706, -0.0600, 1.4999, 0.2385, 1.4974, 0.1531
0.0000, -1.2726, -0.0601, 1.5022, 0.2388, 1.4997, 0.1534
0.0000, -1.2746, -0.0602, 1.5045, 0.2392, 1.5020, 0.1538
0.0000, -1.2765, -0.0603, 1.5068, 0.2396, 1.5044, 0.1541
0.0000, -1.2785, -0.0604, 1.5092, 0.2400, 1.5067, 0.1545
0.0000, -1.2805, -0.0605, 1.5115, 0.2403, 1.5090, 0.1549
0.0000, -1.2824, -0.0606, 1.5138, 0.2407, 1.5113, 0.1552
0.0000, -1.2844, -0.0607, 1.5161, 0.2411, 1.5137, 0.1556
0.0000, -1.2864, -0.0608, 1.5185, 0.2415, 1.5160, 0.1559
0.0000, -1.2883, -0.0609, 1.5208, 0.2418, 1.5183, 0.1563
0.0000, -1.2903, -0.0610, 1.5231, 0.2422, 1.5206, 0.1567
0.0000, -1.2923, -0.0611, 1.5254, 0.2426, 1.5229, 0.1570
0.0000, -1.2943, -0.0612, 1.5278, 0.2429, 1.5253, 0.1574
0.0000, -1.2962, -0.0613, 1.5301, 0.2433, 1.5276, 0.1577
0.0000, -1.2982, -0.0614, 1.5324, 0.2437, 1.5299, 0.1581
0.0000, -1.3002, -0.0615, 1.5347, 0.2440, 1.5322, 0.1585
0.0000, -1.3021, -0.0616, 1.5371, 0.2444, 1.5346, 0.1588
0.0000, -1.3041, -0.0617, 1.5394, 0.2448, 1.5369, 0.1592
0.0000, -1.3061, -0.0617, 1.5417, 0.2451, 1.5392, 0.1595
0.0000, -1.3081, -0.0618, 1.5440, 0.2455, 1.5415, 0.1599
0.0000, -1.3100, -0.0619, 1.5464, 0.2459, 1.5438, 0.1603
0.0000, -1.3120, -0.0620, 1.5487, 0.2463, 1.5462, 0.1606
0.0000, -1.3140, -0.0621, 1.5510, 0.2466, 1.5485, 0.1610
0.0000, -1.3159, -0.0622, 1.5533, 0.2470, 1.5508, 0.1614
0.0000, -1.3179, -0.0623, 1.5557, 0.2474, 1.5531, 0.1618
0.0000, -1.3199, -0.0624, 1.5580, 0.2477, 1.5554, 0.1621
0.0000, -1.3218, -0.0625, 1.5603, 0.2481, 1.5578, 0.1625
0.0000, -1.3238, -0.0626, 1.5626, 0.2485, 1.5601, 0.1629
0.0000, -1.3258, -0.0627, 1.5650, 0.2488, 1.5624, 0.1632
0.0000, -1.3277, -0.0628, 1.5673, 0.2492, 1.5647, 0.1636
0.0000, -1.3297, -0.0629, 1.5696, 0.2496, 1.5670, 0.1640
0.0000, -1.3317, -0.0630, 1.5719, 0.2500, 1.5694, 0.1644
0.0000, -1.3336, -0.0631, 1.5743, 0.2503, 1.5717, 0.1648
0.0000, -1.3356, -0.0632, 1.5766, 0.2507, 1.5740, 0.1651
0.0000, -1.3376, -0.0633, 1.5789, 0.2511, 1.5763, 0.1655
0.0000, -1.3395, -0.0634, 1.5812, 0.2514, 1.5786, 0.1659
0.0000, -1.3415, -0.0635, 1.5835, 0.2518, 1.5809, 0.1663
0.0000, -1.3435, -0.0636, 1.5859, 0.2522, 1.5833, 0.1667
0.0000, -1.3454, -0.0637, 1.5882, 0.2525, 1.5856, 0.1671
0.0000, -1.3474, -0.0637, 1.5905, 0.2529, 1.5879, 0.1675
0.0000, -1.3494, -0.0638, 1.5928, 0.2533, 1.5902, 0.1679
0.0000, -1.3513, -0.0639, 1.5951, 0.2536, 1.5925, 0.1683
0.0000, -1.3533, -0.0640, 1.5975, 0.2540, 1.5948, 0.1687
0.0000, -1.3553, -0.0641, 1.5998, 0.2544, 1.5972, 0.1691
0.0000, -1.3572, -0.0642, 1.6021, 0.2548, 1.5995, 0.1694
0.0000, -1.3592, -0.0643, 1.6044, 0.2551, 1.6018, 0.1698
0.0000, -1.3612, -0.0644, 1.6067, 0.2555, 1.6041, 0.1702
0.0000, -1.3631, -0.0645, 1.6091, 0.2559, 1.6064, 0.1706
0.0000, -1.3651, -0.0646, 1.6114, 0.2562, 1.6087, 0.1710
0.0000, -1.3671, -0.0647, 1.6137, 0.2566, 1.6110, 0.1714
0.0000, -1.3690, -0.0648, 1.6160, 0.2570, 1.6134, 0.1718
0.0000, -1.3710, -0.0649, 1.6183, 0.2574, 1.6157, 0.1722
0.0000, -1.3729, -0.0650, 1.6206, 0.2577, 1.6180, 0.1726
0.0000, -1.3749, -0.0651, 1.6230, 0.2581, 1.6203, 0.1730
0.0000, -1.3769, -0.0652, 1.6253, 0.2585, 1.6226, 0.1734
0.0000, -1.3788, -0.0653, 1.6276, 0.2588, 1.6249, 0.1738
0.0000, -1.3808, -0.0654, 1.6299, 0.2592, 1.6272, 0.1743
0.0000, -1.3827, -0.0655, 1.6322, 0.2596, 1.6295, 0.1747
0.0000, -1.3847, -0.0656, 1.6345, 0.2599, 1.6318, 0.1751
0.0000, -1.3867, -0.0657, 1.6368, 0.2603, 1.6342, 0.1755
0.0000, -1.3886, -0.0658, 1.6392, 0.2607, 1.6365, 0.1759
0.0000, -1.3906, -0.0659, 1.6415, 0.2611, 1.6388, 0.1763
0.0000, -1.3925, -0.0660, 1.6438, 0.2614, 1.6411, 0.1767
0.0000, -1.3945, -0.0661, 1.6461, 0.2618, 1.6434, 0.1771
0.0000, -1.3965, -0.0662, 1.6484, 0.2622, 1.6457, 0.1776
0.0000, -1.3984, -0.0663, 1.6507, 0.2625, 1.6480, 0.1780
0.0000, -1.4004, -0.0664, 1.6530, 0.2629, 1.6503, 0.1784
0.0000, -1.4023, -0.0665, 1.6553, 0.2633, 1.6526, 0.1788
0.0000, -1.4043, -0.0666, 1.6576, 0.2636, 1.6549, 0.1793
0.0000, -1.4062, -0.0666, 1.6600, 0.2640, 1.6572, 0.1797
0.0000, -1.4082, -0.0667, 1.6623, 0.2644, 1.6595, 0.1801
0.0000, -1.4102, -0.0668, 1.6646, 0.2648, 1.6618, 0.1805
0.0000, -1.4121, -0.0669, 1.6669, 0.2651, 1.6641, 0.1809
0.0000, -1.4141, -0.0670, 1.6692, 0.2655, 1.6664, 0.1814
0.0000, -1.4160, -0.0671, 1.6715, 0.2659, 1.6688, 0.1818
0.0000, -1.4180, -0.0672, 1.6738, 0.2662, 1.6711, 0.1822
0.0000, -1.4199, -0.0673, 1.6761, 0.2666, 1.6734, 0.1826
0.0000, -1.4219, -0.0674, 1.6784, 0.2670, 1.6757, 0.1831
0.0000, -1.4238, -0.0675, 1.6807, 0.2673, 1.6780, 0.1835
0.0000, -1.4258, -0.0676, 1.6830, 0.2677, 1.6803, 0.1839
0.0000, -1.4277, -0.0677, 1.6853, 0.2680, 1.6826, 0.1843
0.0000, -1.4297, -0.0678, 1.6876, 0.2684, 1.6849, 0.1848
0.0000, -1.4317, -0.0679, 1.6899, 0.2688, 1.6872, 0.1852
0.0000, -1.4336, -0.0680, 1.6923, 0.2691, 1.6895, 0.1856
0.0000, -1.4356, -0.0681, 1.6946, 0.2695, 1.6918, 0.1861
0.0000, -1.4375, -0.0682, 1.6969, 0.2699, 1.6941, 0.1865
0.0000, -1.4395, -0.0683, 1.6992, 0.2702, 1.6964, 0.1870
0.0000, -1.4414, -0.0684, 1.7015, 0.2706, 1.6987, 0.1874
0.0000, -1.4434, -0.0685, 1.7038, 0.2710, 1.7010, 0.1878
0.0000, -1.4453, -0.0686, 1.7061, 0.2713, 1.7032, 0.1883
0.0000, -1.4473, -0.0687, 1.7084, 0.2717, 1.7055, 0.1887
0.0000, -1.4492, -0.0687, 1.7107, 0.2721, 1.7078, 0.1892
0.0000, -1.4512, -0.0688, 1.7130, 0.2724, 1.7101, 0.1897
0.0000, -1.4531, -0.0689, 1.7153, 0.2728, 1.7124, 0.1901
0.0000, -1.4550, -0.0690, 1.7176, 0.2732, 1.7147, 0.1905
0.0000, -1.4570, -0.0691, 1.7198, 0.2735, 1.7170, 0.1910
0.0000, -1.4589, -0.0692, 1.7221, 0.2739, 1.7193, 0.1915
0.0000, -1.4609, -0.0693, 1.7244, 0.2743, 1.7216, 0.1919
0.0000, -1.4628, -0.0694, 1.7267, 0.2746, 1.7239, 0.1924
0.0000, -1.4648, -0.0695, 1.7290, 0.2750, 1.7262, 0.1928
0.0000, -1.4667, -0.0696, 1.7313, 0.2754, 1.7285, 0.1933
0.0000, -1.4687, -0.0697, 1.7336, 0.2757, 1.7308, 0.1937
0.0000, -1.4706, -0.0698, 1.7359, 0.2761, 1.7330, 0.1942
0.0000, -1.4725, -0.0699, 1.7382, 0.2765, 1.7353, 0.1947
0.0000, -1.4745, -0.0700, 1.7405, 0.2768, 1.7376, 0.1951
0.0000, -1.4764, -0.0701, 1.7428, 0.2772, 1.7399, 0.1956
0.0000, -1.4784, -0.0702, 1.7451, 0.2776, 1.7422, 0.1961
0.0000, -1.4803, -0.0703, 1.7474, 0.2779, 1.7445, 0.1965
0.0000, -1.4822, -0.0704, 1.7496, 0.2783, 1.7468, 0.1970
0.0000, -1.4842, -0.0705, 1.7519, 0.2787, 1.7490, 0.1975
0.0000, -1.4861, -0.0706, 1.7542, 0.2790, 1.7513, 0.1979
0.0000, -1.4880, -0.0707, 1.7565, 0.2794, 1.7536, 0.1984
0.0000, -1.4900, -0.0708, 1.7588, 0.2798, 1.7559, 0.1989
0.0000, -1.4919, -0.0709, 1.7611, 0.2801, 1.7582, 0.1994
0.0000, -1.4939, -0.0710, 1.7634, 0.2805, 1.7604, 0.1998
0.0000, -1.4958, -0.0711, 1.7656, 0.2809, 1.7627, 0.2003
0.0000, -1.4977, -0.0712, 1.7679, 0.2812, 1.7650, 0.2008
0.0000, -1.4997, -0.0713, 1.7702, 0.2816, 1.7673, 0.2013
0.0000, -1.5016, -0.0714, 1.7725, 0.2820, 1.7696, 0.2018
0.0000, -1.5035, -0.0714, 1.7748, 0.2823, 1.7718, 0.2022
0.0000, -1.5055, -0.0715, 1.7771, 0.2827, 1.7741, 0.2027
0.0000, -1.5074, -0.0716, 1.7793, 0.2830, 1.7764, 0.2032
0.0000, -1.5093, -0.0717, 1.7816, 0.2834, 1.7787, 0.2037
0.0000, -1.5112, -0.0718, 1.7839, 0.2838, 1.7809, 0.2041
0.0000, -1.5132, -0.0719, 1.7862, 0.2841, 1.7832, 0.2046
0.0000, -1.5151, -0.0720, 1.7884, 0.2845, 1.7855, 0.2051
0.0000, -1.5170, -0.0721, 1.7907, 0.2849, 1.7878, 0.2056
0.0000, -1.5190, -0.0722, 1.7930, 0.2852, 1.7900, 0.2061
0.0000, -1.5209, -0.0723, 1.7953, 0.2856, 1.7923, 0.2066
0.0000, -1.5228, -0.0724, 1.7975, 0.2859, 1.7946, 0.2071
0.0000, -1.5247, -0.0725, 1.7998, 0.2863, 1.7968, 0.2075
0.0000, -1.5267, -0.0726, 1.8021, 0.2867, 1.7991, 0.2081
0.0000, -1.5286, -0.0727, 1.8044, 0.2870, 1.8014, 0.2086
0.0000, -1.5305, -0.0728, 1.8066, 0.2874, 1.8036, 0.2091
0.0000, -1.5324, -0.0729, 1.8089, 0.2878, 1.8059, 0.2096
0.0000, -1.5344, -0.0730, 1.8112, 0.2881, 1.8082, 0.2101
0.0000, -1.5363, -0.0731, 1.8134, 0.2885, 1.8104, 0.2106
0.0000, -1.5382, -0.0732, 1.8157, 0.2888, 1.8127, 0.2111
0.0000, -1.5401, -0.0732, 1.8180, 0.2892, 1.8150, 0.2116
0.0000, -1.5420, -0.0733, 1.8202, 0.2896, 1.8172, 0.2121
0.0000, -1.5440, -0.0734, 1.8225, 0.2899, 1.8195, 0.2126
0.0000, -1.5459, -0.0735, 1.8248, 0.2903, 1.8217, 0.2131
0.0000, -1.5478, -0.0736, 1.8270, 0.2906, 1.8240, 0.2136
0.0000, -1.5497, -0.0737, 1.8293, 0.2910, 1.8263, 0.2141
0.0000, -1.5516, -0.0738, 1.8315, 0.2913, 1.8285, 0.2146
0.0000, -1.5535, -0.0739, 1.8338, 0.2917, 1.8308, 0.2151
0.0000, -1.5555, -0.0740, 1.8361, 0.2921, 1.8330, 0.2156
0.0000, -1.5574, -0.0741, 1.8383, 0.2924, 1.8353, 0.2161
0.0000, -1.5593, -0.0742, 1.8406, 0.2928, 1.8375, 0.2167
0.0000, -1.5612, -0.0743, 1.8428, 0.2932, 1.8398, 0.2172
0.0000, -1.5631, -0.0744, 1.8451, 0.2935, 1.8420, 0.2177
0.0000, -1.5650, -0.0745, 1.8474, 0.2939, 1.8443, 0.2182
0.0000, -1.5669, -0.0746, 1.8496, 0.2942, 1.8465, 0.2187
0.0000, -1.5688, -0.0747, 1.8519, 0.2946, 1.8488, 0.2192
0.0000, -1.5707, -0.0748, 1.8541, 0.2950, 1.8510, 0.2198
0.0000, -1.5726, -0.0748, 1.8564, 0.2953, 1.8533, 0.2203
0.0000, -1.5745, -0.0749, 1.8586, 0.2957, 1.8555, 0.2208
0.0000, -1.5765, -0.0750, 1.8609, 0.2960, 1.8578, 0.2213
0.0000, -1.5784, -0.0751, 1.8631, 0.2964, 1.8600, 0.2219
0.0000, -1.5803, -0.0752, 1.8654, 0.2968, 1.8623, 0.2224
0.0000, -1.5822, -0.0753, 1.8676, 0.2971, 1.8645, 0.2229
0.0000, -1.5841, -0.0754, 1.8698, 0.2975, 1.8667, 0.2234
0.0000, -1.5860, -0.0755, 1.8721, 0.2978, 1.8690, 0.2240
0.0000, -1.5879, -0.0756, 1.8743, 0.2982, 1.8712, 0.2245
0.0000, -1.5898, -0.0757, 1.8766, 0.2986, 1.8735, 0.2250
0.0000, -1.5917, -0.0758, 1.8788, 0.2989, 1.8757, 0.2255
0.0000, -1.5936, -0.0759, 1.8811, 0.2993, 1.8779, 0.2261
0.0000, -1.5955, -0.0760, 1.8833, 0.2996, 1.8802, 0.2266
0.0000, -1.5973, -0.0761, 1.8855, 0.3000, 1.8824, 0.2272
0.0000, -1.5992, -0.0762, 1.8878, 0.3004, 1.8846, 0.2277
0.0000, -1.6011, -0.0763, 1.8900, 0.3007, 1.8869, 0.2283
0.0000, -1.6030, -0.0764, 1.8922, 0.3011, 1.8891, 0.2288
0.0000, -1.6049, -0.0765, 1.8945, 0.3014, 1.8913, 0.2294
0.0000, -1.6068, -0.0766, 1.8967, 0.3018, 1.8936, 0.2299
0.0000, -1.6087, -0.0766, 1.8989, 0.3022, 1.8958, 0.2305
0.0000, -1.6106, -0.0767, 1.9012, 0.3025, 1.8980, 0.2310
0.0000, -1.6125, -0.0768, 1.9034, 0.3029, 1.9002, 0.2315
0.0000, -1.6144, -0.0769, 1.9056, 0.3032, 1.9025, 0.2321
0.0000, -1.6163, -0.0770, 1.9079, 0.3036, 1.9047, 0.2326
0.0000, -1.6182, -0.0771, 1.9101, 0.3039, 1.9069, 0.2332
0.0000, -1.6200, -0.0772, 1.9123, 0.3043, 1.9091, 0.2337
0.0000, -1.6219, -0.0773, 1.9145, 0.3046, 1.9114, 0.2343
0.0000, -1.6238, -0.0774, 1.9168, 0.3050, 1.9136, 0.2348
0.0000, -1.6257, -0.0775, 1.9190, 0.3053, 1.9158, 0.2354
0.0000, -1.6276, -0.0776, 1.9212, 0.3057, 1.9180, 0.2359
0.0000, -1.6295, -0.0777, 1.9234, 0.3060, 1.9202, 0.2365
0.0000, -1.6314, -0.0778, 1.9257, 0.3064, 1.9225, 0.2371
0.0000, -1.6332, -0.0779, 1.9279, 0.3067, 1.9247, 0.2376
0.0000, -1.6351, -0.0779, 1.9301, 0.3071, 1.9269, 0.2382
0.0000, -1.6370, -0.0780, 1.9323, 0.3074, 1.9291, 0.2387
0.0000, -1.6389, -0.0781, 1.9345, 0.3078, 1.9313, 0.2393
0.0000, -1.6407, -0.0782, 1.9367, 0.3081, 1.9335, 0.2399
0.0000, -1.6426, -0.0783, 1.9390, 0.3085, 1.9357, 0.2404
0.0000, -1.6445, -0.0784, 1.9412, 0.3088, 1.9379, 0.2410
0.0000, -1.6464, -0.0785, 1.9434, 0.3092, 1.9401, 0.2415
0.0000, -1.6482, -0.0786, 1.9456, 0.3096, 1.9424, 0.2421
0.0000, -1.6501, -0.0787, 1.9478, 0.3099, 1.9446, 0.2427
0.0000, -1.6520, -0.0788, 1.9500, 0.3103, 1.9468, 0.2432
0.0000, -1.6538, -0.0789, 1.9522, 0.3106, 1.9490, 0.2438
0.0000, -1.6557, -0.0790, 1.9544, 0.3110, 1.9512, 0.2444
0.0000, -1.6576, -0.0790, 1.9566, 0.3113, 1.9534, 0.2450
0.0000, -1.6594, -0.0791, 1.9588, 0.3117, 1.9556, 0.2456
0.0000, -1.6613, -0.0792, 1.9610, 0.3120, 1.9578, 0.2461
0.0000, -1.6632, -0.0793, 1.9632, 0.3124, 1.9600, 0.2467
0.0000, -1.6650, -0.0794, 1.9654, 0.3128, 1.9621, 0.2473
0.0000, -1.6669, -0.0795, 1.9676, 0.3131, 1.9643, 0.2479
0.0000, -1.6688, -0.0796, 1.9698, 0.3134, 1.9665, 0.2485
0.0000, -1.6706, -0.0797, 1.9720, 0.3138, 1.9687, 0.2490
0.0000, -1.6725, -0.0798, 1.9742, 0.3142, 1.9709, 0.2496
0.0000, -1.6743, -0.0799, 1.9764, 0.3145, 1.9731, 0.2502
0.0000, -1.6762, -0.0800, 1.9786, 0.3149, 1.9753, 0.2508
0.0000, -1.6780, -0.0801, 1.9808, 0.3152, 1.9775, 0.2514
0.0000, -1.6799, -0.0802, 1.9830, 0.3156, 1.9797, 0.2520
0.0000, -1.6818, -0.0803, 1.9852, 0.3159, 1.9818, 0.2525
0.0000, -1.6836, -0.0804, 1.9873, 0.3163, 1.9840, 0.2531
0.0000, -1.6855, -0.0805, 1.9895, 0.3166, 1.9862, 0.2537
0.0000, -1.6873, -0.0806, 1.9917, 0.3170, 1.9884, 0.2543
0.0000, -1.6892, -0.0806, 1.9939, 0.3173, 1.9906, 0.2549
0.0000, -1.6910, -0.0807, 1.9961, 0.3176, 1.9928, 0.2555
0.0000, -1.6929, -0.0808, 1.9983, 0.3180, 1.9949, 0.2561
0.0000, -1.6947, -0.0809, 2.0004, 0.3183, 1.9971, 0.2567
0.0000, -1.6966, -0.0810, 2.0026, 0.3187, 1.9993, 0.2573
0.0000, -1.6984, -0.0811, 2.0048, 0.3190, 2.0015, 0.2578
0.0000, -1.7002, -0.0812, 2.0070, 0.3194, 2.0036, 0.2584
0.0000, -1.7021, -0.0813, 2.0092, 0.3197, 2.0058, 0.2590
0.0000, -1.7039, -0.0814, 2.0113, 0.3201, 2.0080, 0.2596
0.0000, -1.7058, -0.0815, 2.0135, 0.3204, 2.0101, 0.2602
0.0000, -1.7076, -0.0815, 2.0157, 0.3208, 2.0123, 0.2608
0.0000, -1.7095, -0.0816, 2.0178, 0.3211, 2.0145, 0.2614
0.0000, -1.7113, -0.0817, 2.0200, 0.3214, 2.0166, 0.2620
0.0000, -1.7131, -0.0818, 2.0222, 0.3218, 2.0188, 0.2626
0.0000, -1.7150, -0.0819, 2.0243, 0.3221, 2.0210, 0.2632
0.0000, -1.7168, -0.0820, 2.0265, 0.3225, 2.0231, 0.2638
0.0000, -1.7186, -0.0821, 2.0287, 0.3228, 2.0253, 0.2644
0.0000, -1.7205, -0.0822, 2.0308, 0.3232, 2.0274, 0.2650
0.0000, -1.7223, -0.0823, 2.0330, 0.3235, 2.0296, 0.2656
0.0000, -1.7241, -0.0824, 2.0352, 0.3238, 2.0318, 0.2662
0.0000, -1.7260, -0.0825, 2.0373, 0.3242, 2.0339, 0.2667
0.0000, -1.7278, -0.0826, 2.0395, 0.3245, 2.0361, 0.2673
0.0000, -1.7296, -0.0827, 2.0416, 0.3249, 2.0382, 0.2679
0.0000, -1.7314, -0.0828, 2.0438, 0.3252, 2.0404, 0.2685
0.0000, -1.7332, -0.0829, 2.0459, 0.3256, 2.0425, 0.2690
0.0000, -1.7351, -0.0829, 2.0481, 0.3259, 2.0447, 0.2696
0.0000, -1.7369, -0.0830, 2.0502, 0.3262, 2.0468, 0.2702
0.0000, -1.7387, -0.0831, 2.0524, 0.3266, 2.0490, 0.2708
0.0000, -1.7405, -0.0832, 2.0545, 0.3269, 2.0511, 0.2714
0.0000, -1.7423, -0.0833, 2.0567, 0.3273, 2.0532, 0.2719
0.0000, -1.7442, -0.0834, 2.0588, 0.3276, 2.0554, 0.2725
0.0000, -1.7460, -0.0835, 2.0609, 0.3280, 2.0575, 0.2731
0.0000, -1.7478, -0.0836, 2.0631, 0.3283, 2.0597, 0.2737
0.0000, -1.7496, -0.0837, 2.0652, 0.3287, 2.0618, 0.2743
0.0000, -1.7514, -0.0838, 2.0674, 0.3290, 2.0639, 0.2749
0.0000, -1.7532, -0.0838, 2.0695, 0.3294, 2.0661, 0.2755
0.0000, -1.7550, -0.0839, 2.0716, 0.3297, 2.0682, 0.2761
0.0000, -1.7568, -0.0840, 2.0738, 0.3301, 2.0703, 0.2767
0.0000, -1.7586, -0.0841, 2.0759, 0.3304, 2.0725, 0.2773
0.0000, -1.7604, -0.0842, 2.0780, 0.3307, 2.0746, 0.2779
0.0000, -1.7622, -0.0843, 2.0801, 0.3311, 2.0767, 0.2785
0.0000, -1.7640, -0.0844, 2.0823, 0.3314, 2.0788, 0.2791
0.0000, -1.7658, -0.0845, 2.0844, 0.3318, 2.0810, 0.2797
0.0000, -1.7676, -0.0846, 2.0865, 0.3321, 2.0831, 0.2803
0.0000, -1.7694, -0.0846, 2.0886, 0.3324, 2.0852, 0.2809
0.0000, -1.7712, -0.0847, 2.0908, 0.3328, 2.0873, 0.2815
0.0000, -1.7730, -0.0848, 2.0929, 0.3331, 2.0895, 0.2821
0.0000, -1.7748, -0.0849, 2.0950, 0.3334, 2.0916, 0.2827
0.0000, -1.7766, -0.0850, 2.0971, 0.3338, 2.0937, 0.2833
0.0000, -1.7784, -0.0851, 2.0992, 0.3341, 2.0958, 0.2839
0.0000, -1.7802, -0.0852, 2.1014, 0.3344, 2.0979, 0.2846
0.0000, -1.7820, -0.0853, 2.1035, 0.3348, 2.1000, 0.2852
0.0000, -1.7838, -0.0854, 2.1056, 0.3351, 2.1021, 0.2858
0.0000, -1.7856, -0.0854, 2.1077, 0.3354, 2.1042, 0.2864
0.0000, -1.7874, -0.0855, 2.1098, 0.3358, 2.1063, 0.2870
0.0000, -1.7891, -0.0856, 2.1119, 0.3361, 2.1084, 0.2877
0.0000, -1.7909, -0.0857, 2.1140, 0.3364, 2.1105, 0.2883
0.0000, -1.7927, -0.0858, 2.1161, 0.3368, 2.1126, 0.2889
0.0000, -1.7945, -0.0859, 2.1182, 0.3371, 2.1147, 0.2895
0.0000, -1.7963, -0.0859, 2.1203, 0.3374, 2.1168, 0.2901
0.0000, -1.7980, -0.0860, 2.1224, 0.3378, 2.1189, 0.2908
0.0000, -1.7998, -0.0861, 2.1245, 0.3381, 2.1210, 0.2914
0.0000, -1.8016, -0.0862, 2.1266, 0.3384, 2.1231, 0.2920
0.0000, -1.8034, -0.0863, 2.1287, 0.3388, 2.1252, 0.2927
0.0000, -1.8051, -0.0864, 2.1308, 0.3391, 2.1273, 0.2933
0.0000, -1.8069, -0.0865, 2.1329, 0.3395, 2.1294, 0.2940
0.0000, -1.8087, -0.0865, 2.1350, 0.3398, 2.1315, 0.2946
0.0000, -1.8104, -0.0866, 2.1370, 0.3401, 2.1336, 0.2952
0.0000, -1.8122, -0.0867, 2.1391, 0.3405, 2.1356, 0.2959
0.0000, -1.8140, -0.0868, 2.1412, 0.3408, 2.1377, 0.2965
0.0000, -1.8157, -0.0869, 2.1433, 0.3411, 2.1398, 0.2971
0.0000, -1.8175, -0.0870, 2.1454, 0.3415, 2.1419, 0.2977
0.0000, -1.8193, -0.0871, 2.1475, 0.3418, 2.1440, 0.2984
0.0000, -1.8210, -0.0872, 2.1495, 0.3421, 2.1460, 0.2990
0.0000, -1.8228, -0.0873, 2.1516, 0.3425, 2.1481, 0.2997
0.0000, -1.8245, -0.0874, 2.1537, 0.3428, 2.1502, 0.3003
0.0000, -1.8263, -0.0874, 2.1558, 0.3431, 2.1522, 0.3009
0.0000, -1.8280, -0.0875, 2.1578, 0.3435, 2.1543, 0.3016
0.0000, -1.8298, -0.0876, 2.1599, 0.3438, 2.1564, 0.3022
0.0000, -1.8315, -0.0877, 2.1620, 0.3441, 2.1584, 0.3029
0.0000, -1.8333, -0.0878, 2.1640, 0.3444, 2.1605, 0.3035
0.0000, -1.8350, -0.0879, 2.1661, 0.3448, 2.1626, 0.3042
0.0000, -1.8368, -0.0879, 2.1682, 0.3451, 2.1646, 0.3048
0.0000, -1.8385, -0.0880, 2.1702, 0.3454, 2.1667, 0.3055
0.0000, -1.8403, -0.0881, 2.1723, 0.3457, 2.1687, 0.3061
0.0000, -1.8420, -0.0882, 2.1743, 0.3461, 2.1708, 0.3067
0.0000, -1.8438, -0.0883, 2.1764, 0.3464, 2.1728, 0.3074
0.0000, -1.8455, -0.0883, 2.1784, 0.3467, 2.1749, 0.3080
0.0000, -1.8473, -0.0884, 2.1805, 0.3470, 2.1769, 0.3087
0.0000, -1.8490, -0.0885, 2.1825, 0.3474, 2.1790, 0.3094
0.0000, -1.8507, -0.0886, 2.1846, 0.3477, 2.1810, 0.3100
0.0000, -1.8525, -0.0887, 2.1866, 0.3480, 2.1831, 0.3107
0.0000, -1.8542, -0.0888, 2.1887, 0.3483, 2.1851, 0.3113
0.0000, -1.8559, -0.0889, 2.1907, 0.3487, 2.1872, 0.3119
0.0000, -1.8577, -0.0889, 2.1928, 0.3490, 2.1892, 0.3126
0.0000, -1.8594, -0.0890, 2.1948, 0.3493, 2.1912, 0.3132
0.0000, -1.8611, -0.0891, 2.1968, 0.3496, 2.1933, 0.3139
0.0000, -1.8628, -0.0892, 2.1989, 0.3500, 2.1953, 0.3145
0.0000, -1.8646, -0.0893, 2.2009, 0.3503, 2.1973, 0.3152
0.0000, -1.8663, -0.0894, 2.2029, 0.3506, 2.1994, 0.3158
0.0000, -1.8680, -0.0894, 2.2050, 0.3510, 2.2014, 0.3165
0.0000, -1.8697, -0.0895, 2.2070, 0.3513, 2.2034, 0.3172
0.0000, -1.8714, -0.0896, 2.2090, 0.3516, 2.2054, 0.3178
0.0000, -1.8731, -0.0897, 2.2111, 0.3519, 2.2075, 0.3185
0.0000, -1.8749, -0.0898, 2.2131, 0.3523, 2.2095, 0.3191
0.0000, -1.8766, -0.0899, 2.2151, 0.3526, 2.2115, 0.3198
0.0000, -1.8783, -0.0900, 2.2171, 0.3529, 2.2135, 0.3204
0.0000, -1.8800, -0.0900, 2.2191, 0.3532, 2.2155, 0.3211
0.0000, -1.8817, -0.0901, 2.2212, 0.3536, 2.2175, 0.3217
0.0000, -1.8834, -0.0902, 2.2232, 0.3539, 2.2196, 0.3224
0.0000, -1.8851, -0.0903, 2.2252, 0.3542, 2.2216, 0.3230
0.0000, -1.8868, -0.0903, 2.2272, 0.3545, 2.2236, 0.3237
0.0000, -1.8885, -0.0904, 2.2292, 0.3548, 2.2256, 0.3244
0.0000, -1.8902, -0.0905, 2.2312, 0.3551, 2.2276, 0.3250
0.0000, -1.8919, -0.0906, 2.2332, 0.3555, 2.2296, 0.3257
0.0000, -1.8936, -0.0907, 2.2352, 0.3558, 2.2316, 0.3263
0.0000, -1.8953, -0.0908, 2.2372, 0.3561, 2.2336, 0.3269
0.0000, -1.8970, -0.0908, 2.2392, 0.3564, 2.2356, 0.3276
0.0000, -1.8987, -0.0909, 2.2412, 0.3567, 2.2376, 0.3282
0.0000, -1.9004, -0.0910, 2.2432, 0.3570, 2.2396, 0.3289
0.0000, -1.9021, -0.0911, 2.2452, 0.3574, 2.2416, 0.3296
0.0000, -1.9038, -0.0912, 2.2472, 0.3577, 2.2436, 0.3302
0.0000, -1.9055, -0.0912, 2.2492, 0.3580, 2.2455, 0.3309
0.0000, -1.9071, -0.0913, 2.2512, 0.3583, 2.2475, 0.3316
0.0000, -1.9088, -0.0914, 2.2532, 0.3586, 2.2495, 0.3323
0.0000, -1.9105, -0.0915, 2.2552, 0.3590, 2.2515, 0.3329
0.0000, -1.9122, -0.0916, 2.2571, 0.3593, 2.2535, 0.3336
0.0000, -1.9139, -0.0916, 2.2591, 0.3596, 2.2555, 0.3342
0.0000, -1.9155, -0.0917, 2.2611, 0.3599, 2.2574, 0.3349
0.0000, -1.9172, -0.0918, 2.2631, 0.3602, 2.2594, 0.3355
0.0000, -1.9189, -0.0919, 2.2651, 0.3605, 2.2614, 0.3362
0.0000, -1.9206, -0.0920, 2.2670, 0.3609, 2.2633, 0.3368
0.0000, -1.9222, -0.0920, 2.2690, 0.3612, 2.2653, 0.3375
0.0000, -1.9239, -0.0921, 2.2710, 0.3615, 2.2673, 0.3382
0.0000, -1.9256, -0.0922, 2.2729, 0.3618, 2.2692, 0.3388
0.0000, -1.9272, -0.0923, 2.2749, 0.3621, 2.2712, 0.3395
0.0000, -1.9289, -0.0924, 2.2769, 0.3624, 2.2732, 0.3401
0.0000, -1.9306, -0.0924, 2.2788, 0.3627, 2.2751, 0.3407
0.0000, -1.9322, -0.0925, 2.2808, 0.3630, 2.2771, 0.3414
0.0000, -1.9339, -0.0926, 2.2827, 0.3633, 2.2790, 0.3420
0.0000, -1.9355, -0.0927, 2.2847, 0.3637, 2.2810, 0.3427
0.0000, -1.9372, -0.0928, 2.2867, 0.3640, 2.2829, 0.3434
0.0000, -1.9388, -0.0928, 2.2886, 0.3643, 2.2849, 0.3440
0.0000, -1.9405, -0.0929, 2.2906, 0.3646, 2.2868, 0.3447
0.0000, -1.9421, -0.0930, 2.2925, 0.3649, 2.2888, 0.3454
0.0000, -1.9438, -0.0931, 2.2944, 0.3652, 2.2907, 0.3460
0.0000, -1.9454, -0.0932, 2.2964, 0.3655, 2.2927, 0.3467
0.0000, -1.9471, -0.0932, 2.2983, 0.3658, 2.2946, 0.3473
0.0000, -1.9487, -0.0933, 2.3003, 0.3662, 2.2965, 0.3480
0.0000, -1.9504, -0.0934, 2.3022, 0.3665, 2.2985, 0.3486
0.0000, -1.9520, -0.0935, 2.3041, 0.3668, 2.3004, 0.3492
0.0000, -1.9536, -0.0935, 2.3061, 0.3671, 2.3023, 0.3499
0.0000, -1.9553, -0.0936, 2.3080, 0.3674, 2.3043, 0.3506
0.0000, -1.9569, -0.0937, 2.3099, 0.3677, 2.3062, 0.3512
0.0000, -1.9585, -0.0938, 2.3119, 0.3680, 2.3081, 0.3518
0.0000, -1.9602, -0.0938, 2.3138, 0.3683, 2.3100, 0.3525
0.0000, -1.9618, -0.0939, 2.3157, 0.3686, 2.3120, 0.3531
0.0000, -1.9634, -0.0940, 2.3176, 0.3689, 2.3139, 0.3537
0.0000, -1.9651, -0.0941, 2.3196, 0.3692, 2.3158, 0.3544
0.0000, -1.9667, -0.0941, 2.3215, 0.3695, 2.3177, 0.3550
0.0000, -1.9683, -0.0942, 2.3234, 0.3698, 2.3196, 0.3557
0.0000, -1.9699, -0.0943, 2.3253, 0.3701, 2.3215, 0.3563
0.0000, -1.9715, -0.0944, 2.3272, 0.3704, 2.3234, 0.3570
0.0000, -1.9732, -0.0944, 2.3291, 0.3708, 2.3253, 0.3577
0.0000, -1.9748, -0.0945, 2.3310, 0.3711, 2.3273, 0.3583
0.0000, -1.9764, -0.0946, 2.3329, 0.3714, 2.3292, 0.3590
0.0000, -1.9780, -0.0947, 2.3348, 0.3717, 2.3311, 0.3596
0.0000, -1.9796, -0.0948, 2.3367, 0.3720, 2.3330, 0.3602
0.0000, -1.9812, -0.0949, 2.3386, 0.3723, 2.3348, 0.3609
0.0000, -1.9828, -0.0949, 2.3405, 0.3726, 2.3367, 0.3615
0.0000, -1.9844, -0.0950, 2.3424, 0.3729, 2.3386, 0.3621
0.0000, -1.9860, -0.0951, 2.3443, 0.3732, 2.3405, 0.3628
0.0000, -1.9876, -0.0952, 2.3462, 0.3735, 2.3424, 0.3634
0.0000, -1.9892, -0.0953, 2.3481, 0.3738, 2.3443, 0.3641
0.0000, -1.9908, -0.0953, 2.3500, 0.3741, 2.3462, 0.3647
0.0000, -1.9924, -0.0954, 2.3519, 0.3744, 2.3481, 0.3653
0.0000, -1.9940, -0.0955, 2.3537, 0.3747, 2.3499, 0.3659
0.0000, -1.9956, -0.0955, 2.3556, 0.3750, 2.3518, 0.3665
0.0000, -1.9972, -0.0956, 2.3575, 0.3753, 2.3537, 0.3672
0.0000, -1.9988, -0.0957, 2.3594, 0.3756, 2.3556, 0.3678
0.0000, -2.0004, -0.0957, 2.3612, 0.3759, 2.3574, 0.3685
0.0000, -2.0020, -0.0958, 2.3631, 0.3762, 2.3593, 0.3691
0.0000, -2.0035, -0.0959, 2.3650, 0.3765, 2.3612, 0.3698
0.0000, -2.0051, -0.0960, 2.3669, 0.3768, 2.3630, 0.3704
0.0000, -2.0067, -0.0961, 2.3687, 0.3771, 2.3649, 0.3710
0.0000, -2.0083, -0.0961, 2.3706, 0.3773, 2.3668, 0.3716
0.0000, -2.0099, -0.0962, 2.3724, 0.3776, 2.3686, 0.3722
0.0000, -2.0114, -0.0963, 2.3743, 0.3779, 2.3705, 0.3729
0.0000, -2.0130, -0.0964, 2.3762, 0.3782, 2.3723, 0.3735
0.0000, -2.0146, -0.0964, 2.3780, 0.3785, 2.3742, 0.3741
0.0000, -2.0161, -0.0965, 2.3799, 0.3788, 2.3760, 0.3747
0.0000, -2.0177, -0.0966, 2.3817, 0.3791, 2.3779, 0.3754
0.0000, -2.0193, -0.0967, 2.3836, 0.3794, 2.3797, 0.3760
0.0000, -2.0208, -0.0967, 2.3854, 0.3797, 2.3816, 0.3766
0.0000, -2.0224, -0.0968, 2.3872, 0.3800, 2.3834, 0.3772
0.0000, -2.0240, -0.0969, 2.3891, 0.3803, 2.3852, 0.3778
0.0000, -2.0255, -0.0969, 2.3909, 0.3806, 2.3871, 0.3784
0.0000, -2.0271, -0.0970, 2.3928, 0.3809, 2.3889, 0.3790
0.0000, -2.0286, -0.0971, 2.3946, 0.3812, 2.3907, 0.3797
0.0000, -2.0302, -0.0972, 2.3964, 0.3815, 2.3925, 0.3803
0.0000, -2.0317, -0.0973, 2.3982, 0.3818, 2.3944, 0.3810
0.0000, -2.0333, -0.0973, 2.4001, 0.3821, 2.3962, 0.3816
0.0000, -2.0348, -0.0974, 2.4019, 0.3824, 2.3980, 0.3822
0.0000, -2.0363, -0.0975, 2.4037, 0.3827, 2.3998, 0.3828
0.0000, -2.0379, -0.0976, 2.4055, 0.3829, 2.4017, 0.3834
0.0000, -2.0394, -0.0976, 2.4073, 0.3832, 2.4035, 0.3840
0.0000, -2.0410, -0.0977, 2.4092, 0.3835, 2.4053, 0.3846
0.0000, -2.0425, -0.0978, 2.4110, 0.3838, 2.4071, 0.3852
0.0000, -2.0440, -0.0979, 2.4128, 0.3841, 2.4089, 0.3858
0.0000, -2.0456, -0.0979, 2.4146, 0.3844, 2.4107, 0.3864
0.0000, -2.0471, -0.0980, 2.4164, 0.3847, 2.4125, 0.3870
0.0000, -2.0486, -0.0981, 2.4182, 0.3850, 2.4143, 0.3876
0.0000, -2.0502, -0.0981, 2.4200, 0.3852, 2.4161, 0.3881
0.0000, -2.0517, -0.0982, 2.4218, 0.3855, 2.4179, 0.3887
0.0000, -2.0532, -0.0982, 2.4236, 0.3858, 2.4197, 0.3893
0.0000, -2.0547, -0.0983, 2.4254, 0.3861, 2.4215, 0.3899
0.0000, -2.0562, -0.0984, 2.4272, 0.3864, 2.4233, 0.3906
0.0000, -2.0578, -0.0985, 2.4290, 0.3867, 2.4251, 0.3912
0.0000, -2.0593, -0.0986, 2.4308, 0.3869, 2.4269, 0.3918
0.0000, -2.0608, -0.0986, 2.4325, 0.3872, 2.4286, 0.3923
0.0000, -2.0623, -0.0987, 2.4343, 0.3875, 2.4304, 0.3929
0.0000, -2.0638, -0.0988, 2.4361, 0.3878, 2.4322, 0.3935
0.0000, -2.0653, -0.0989, 2.4379, 0.3881, 2.4340, 0.3940
0.0000, -2.0668, -0.0989, 2.4397, 0.3884, 2.4357, 0.3946
0.0000, -2.0683, -0.0990, 2.4414, 0.3886, 2.4375, 0.3952
0.0000, -2.0698, -0.0991, 2.4432, 0.3889, 2.4393, 0.3958
0.0000, -2.0713, -0.0991, 2.4450, 0.3892, 2.4410, 0.3964
0.0000, -2.0728, -0.0992, 2.4467, 0.3895, 2.4428, 0.3969
0.0000, -2.0743, -0.0993, 2.4485, 0.3898, 2.4446, 0.3975
0.0000, -2.0758, -0.0993, 2.4503, 0.3900, 2.4463, 0.3981
0.0000, -2.0773, -0.0994, 2.4520, 0.3903, 2.4481, 0.3986
0.0000, -2.0788, -0.0995, 2.4538, 0.3906, 2.4498, 0.3992
0.0000, -2.0802, -0.0995, 2.4555, 0.3909, 2.4516, 0.3998
0.0000, -2.0817, -0.0996, 2.4573, 0.3912, 2.4533, 0.4004
0.0000, -2.0832, -0.0997, 2.4590, 0.3915, 2.4551, 0.4010
0.0000, -2.0847, -0.0998, 2.4608, 0.3918, 2.4568, 0.4016
0.0000, -2.0862, -0.0999, 2.4625, 0.3920, 2.4586, 0.4021
0.0000, -2.0876, -0.0999, 2.4643, 0.3923, 2.4603, 0.4026
0.0000, -2.0891, -0.1000, 2.4660, 0.3926, 2.4620, 0.4032
0.0000, -2.0906, -0.1001, 2.4677, 0.3929, 2.4638, 0.4037
0.0000, -2.0921, -0.1001, 2.4695, 0.3932, 2.4655, 0.4043
0.0000, -2.0935, -0.1002, 2.4712, 0.3934, 2.4672, 0.4048
0.0000, -2.0950, -0.1003, 2.4729, 0.3937, 2.4690, 0.4054
0.0000, -2.0965, -0.1004, 2.4747, 0.3940, 2.4707, 0.4059
0.0000, -2.0979, -0.1004, 2.4764, 0.3943, 2.4724, 0.4065
0.0000, -2.0994, -0.1005, 2.4781, 0.3945, 2.4741, 0.4070
0.0000, -2.1008, -0.1005, 2.4798, 0.3948, 2.4758, 0.4076
0.0000, -2.1023, -0.1006, 2.4815, 0.3951, 2.4776, 0.4081
0.0000, -2.1037, -0.1006, 2.4833, 0.3953, 2.4793, 0.4087
0.0000, -2.1052, -0.1007, 2.4850, 0.3956, 2.4810, 0.4092
0.0000, -2.1066, -0.1008, 2.4867, 0.3959, 2.4827, 0.4098
0.0000, -2.1081, -0.1009, 2.4884, 0.3962, 2.4844, 0.4103
0.0000, -2.1095, -0.1010, 2.4901, 0.3964, 2.4861, 0.4108
0.0000, -2.1110, -0.1011, 2.4918, 0.3967, 2.4878, 0.4113
0.0000, -2.1124, -0.1011, 2.4935, 0.3970, 2.4895, 0.4118
0.0000, -2.1139, -0.1012, 2.4952, 0.3973, 2.4912, 0.4123
0.0000, -2.1153, -0.1013, 2.4969, 0.3975, 2.4929, 0.4128
0.0000, -2.1167, -0.1013, 2.4986, 0.3978, 2.4946, 0.4134
0.0000, -2.1181, -0.1014, 2.5003, 0.3981, 2.4963, 0.4139
0.0000, -2.1196, -0.1015, 2.5020, 0.3983, 2.4979, 0.4144
0.0000, -2.1210, -0.1015, 2.5036, 0.3986, 2.4996, 0.4149
0.0000, -2.1224, -0.1016, 2.5053, 0.3989, 2.5013, 0.4154
0.0000, -2.1239, -0.1016, 2.5070, 0.3991, 2.5030, 0.4159
0.0000, -2.1253, -0.1017, 2.5087, 0.3994, 2.5047, 0.4165
0.0000, -2.1267, -0.1018, 2.5104, 0.3997, 2.5063, 0.4170
0.0000, -2.1281, -0.1018, 2.5120, 0.3999, 2.5080, 0.4175
0.0000, -2.1295, -0.1019, 2.5137, 0.4002, 2.5097, 0.4180
0.0000, -2.1309, -0.1020, 2.5154, 0.4005, 2.5113, 0.4185
0.0000, -2.1323, -0.1021, 2.5170, 0.4008, 2.5130, 0.4189
0.0000, -2.1338, -0.1021, 2.5187, 0.4010, 2.5146, 0.4194
0.0000, -2.1352, -0.1022, 2.5203, 0.4013, 2.5163, 0.4199
0.0000, -2.1366, -0.1023, 2.5220, 0.4015, 2.5180, 0.4204
0.0000, -2.1380, -0.1023, 2.5237, 0.4018, 2.5196, 0.4208
0.0000, -2.1394, -0.1024, 2.5253, 0.4021, 2.5213, 0.4213
0.0000, -2.1408, -0.1025, 2.5270, 0.4023, 2.5229, 0.4218
0.0000, -2.1422, -0.1025, 2.5286, 0.4026, 2.5245, 0.4223
0.0000, -2.1436, -0.1026, 2.5303, 0.4028, 2.5262, 0.4228
0.0000, -2.1449, -0.1026, 2.5319, 0.4031, 2.5278, 0.4232
0.0000, -2.1463, -0.1027, 2.5335, 0.4034, 2.5295, 0.4237
0.0000, -2.1477, -0.1028, 2.5352, 0.4037, 2.5311, 0.4242
0.0000, -2.1491, -0.1028, 2.5368, 0.4039, 2.5327, 0.4247
0.0000, -2.1505, -0.1029, 2.5384, 0.4042, 2.5343, 0.4251
0.0000, -2.1519, -0.1030, 2.5401, 0.4045, 2.5360, 0.4256
0.0000, -2.1532, -0.1031, 2.5417, 0.4047, 2.5376, 0.4260
0.0000, -2.1546, -0.1031, 2.5433, 0.4049, 2.5392, 0.4264
0.0000, -2.1560, -0.1032, 2.5449, 0.4052, 2.5408, 0.4268
0.0000, -2.1574, -0.1033, 2.5466, 0.4055, 2.5425, 0.4272
0.0000, -2.1587, -0.1033, 2.5482, 0.4057, 2.5441, 0.4277
0.0000, -2.1601, -0.1034, 2.5498, 0.4060, 2.5457, 0.4281
0.0000, -2.1615, -0.1034, 2.5514, 0.4062, 2.5473, 0.4286
0.0000, -2.1628, -0.1035, 2.5530, 0.4065, 2.5489, 0.4290
0.0000, -2.1642, -0.1035, 2.5546, 0.4068, 2.5505, 0.4294
0.0000, -2.1655, -0.1036, 2.5562, 0.4070, 2.5521, 0.4299
0.0000, -2.1669, -0.1036, 2.5578, 0.4072, 2.5537, 0.4303
0.0000, -2.1682, -0.1037, 2.5594, 0.4075, 2.5553, 0.4307
0.0000, -2.1696, -0.1038, 2.5610, 0.4078, 2.5569, 0.4312
0.0000, -2.1709, -0.1039, 2.5626, 0.4081, 2.5584, 0.4316
0.0000, -2.1723, -0.1040, 2.5642, 0.4083, 2.5600, 0.4320
0.0000, -2.1736, -0.1040, 2.5658, 0.4086, 2.5616, 0.4323
0.0000, -2.1750, -0.1041, 2.5673, 0.4088, 2.5632, 0.4327
0.0000, -2.1763, -0.1041, 2.5689, 0.4090, 2.5648, 0.4331
0.0000, -2.1777, -0.1042, 2.5705, 0.4093, 2.5664, 0.4335
0.0000, -2.1790, -0.1043, 2.5721, 0.4095, 2.5679, 0.4339
0.0000, -2.1803, -0.1043, 2.5736, 0.4098, 2.5695, 0.4343
0.0000, -2.1816, -0.1044, 2.5752, 0.4101, 2.5711, 0.4347
0.0000, -2.1830, -0.1044, 2.5768, 0.4103, 2.5726, 0.4351
0.0000, -2.1843, -0.1045, 2.5784, 0.4105, 2.5742, 0.4354
0.0000, -2.1856, -0.1045, 2.5799, 0.4108, 2.5757, 0.4358
0.0000, -2.1869, -0.1046, 2.5815, 0.4111, 2.5773, 0.4362
0.0000, -2.1883, -0.1047, 2.5830, 0.4113, 2.5789, 0.4366
0.0000, -2.1896, -0.1048, 2.5846, 0.4116, 2.5804, 0.4370
0.0000, -2.1909, -0.1048, 2.5861, 0.4118, 2.5820, 0.4373
0.0000, -2.1922, -0.1049, 2.5877, 0.4121, 2.5835, 0.4376
0.0000, -2.1935, -0.1050, 2.5892, 0.4123, 2.5850, 0.4380
0.0000, -2.1948, -0.1050, 2.5908, 0.4125, 2.5866, 0.4383
0.0000, -2.1961, -0.1051, 2.5923, 0.4128, 2.5881, 0.4386
0.0000, -2.1974, -0.1051, 2.5939, 0.4130, 2.5897, 0.4389
0.0000, -2.1987, -0.1052, 2.5954, 0.4133, 2.5912, 0.4393
0.0000, -2.2000, -0.1052, 2.5969, 0.4135, 2.5927, 0.4397
0.0000, -2.2013, -0.1053, 2.5984, 0.4138, 2.5942, 0.4400
0.0000, -2.2026, -0.1053, 2.6000, 0.4140, 2.5958, 0.4403
0.0000, -2.2039, -0.1054, 2.6015, 0.4143, 2.5973, 0.4407
0.0000, -2.2052, -0.1055, 2.6030, 0.4145, 2.5988, 0.4410
0.0000, -2.2065, -0.1056, 2.6045, 0.4148, 2.6003, 0.4413
0.0000, -2.2078, -0.1056, 2.6060, 0.4150, 2.6018, 0.4416
0.0000, -2.2090, -0.1057, 2.6076, 0.4153, 2.6033, 0.4419
0.0000, -2.2103, -0.1058, 2.6091, 0.4155, 2.6048, 0.4422
0.0000, -2.2116, -0.1058, 2.6106, 0.4157, 2.6063, 0.4425
0.0000, -2.2129, -0.1059, 2.6121, 0.4160, 2.6078, 0.4428
0.0000, -2.2141, -0.1060, 2.6136, 0.4162, 2.6093, 0.4430
0.0000, -2.2154, -0.1060, 2.6151, 0.4165, 2.6108, 0.4433
0.0000, -2.2167, -0.1061, 2.6166, 0.4167, 2.6123, 0.4436
0.0000, -2.2180, -0.1061, 2.6181, 0.4169, 2.6138, 0.4439
0.0000, -2.2192, -0.1062, 2.6196, 0.4172, 2.6153, 0.4442
0.0000, -2.2205, -0.1062, 2.6210, 0.4174, 2.6168, 0.4445
0.0000, -2.2217, -0.1063, 2.6225, 0.4177, 2.6183, 0.4447
0.0000, -2.2230, -0.1064, 2.6240, 0.4179, 2.6197, 0.4450
0.0000, -2.2242, -0.1065, 2.6255, 0.4182, 2.6212, 0.4453
0.0000, -2.2255, -0.1065, 2.6270, 0.4184, 2.6227, 0.4455
0.0000, -2.2267, -0.1066, 2.6284, 0.4187, 2.6242, 0.4458
0.0000, -2.2280, -0.1066, 2.6299, 0.4189, 2.6256, 0.4460
0.0000, -2.2292, -0.1067, 2.6314, 0.4191, 2.6271, 0.4462
0.0000, -2.2305, -0.1068, 2.6328, 0.4193, 2.6286, 0.4464
0.0000, -2.2317, -0.1068, 2.6343, 0.4196, 2.6300, 0.4467
0.0000, -2.2330, -0.1069, 2.6358, 0.4198, 2.6315, 0.4468
0.0000, -2.2342, -0.1069, 2.6372, 0.4200, 2.6329, 0.4471
0.0000, -2.2354, -0.1070, 2.6387, 0.4202, 2.6344, 0.4473
0.0000, -2.2366, -0.1070, 2.6401, 0.4205, 2.6358, 0.4475
0.0000, -2.2379, -0.1071, 2.6416, 0.4207, 2.6373, 0.4478
0.0000, -2.2391, -0.1071, 2.6430, 0.4210, 2.6387, 0.4480
0.0000, -2.2403, -0.1072, 2.6445, 0.4212, 2.6401, 0.4482
0.0000, -2.2415, -0.1073, 2.6459, 0.4215, 2.6416, 0.4484
0.0000, -2.2427, -0.1074, 2.6473, 0.4217, 2.6430, 0.4486
0.0000, -2.2439, -0.1074, 2.6488, 0.4219, 2.6444, 0.4487
0.0000, -2.2452, -0.1075, 2.6502, 0.4222, 2.6459, 0.4489
0.0000, -2.2464, -0.1075, 2.6516, 0.4224, 2.6473, 0.4491
0.0000, -2.2476, -0.1076, 2.6530, 0.4226, 2.6487, 0.4492
0.0000, -2.2488, -0.1076, 2.6545, 0.4228, 2.6501, 0.4493
0.0000, -2.2500, -0.1077, 2.6559, 0.4230, 2.6515, 0.4495
0.0000, -2.2512, -0.1077, 2.6573, 0.4232, 2.6530, 0.4497
0.0000, -2.2524, -0.1078, 2.6587, 0.4235, 2.6544, 0.4498
0.0000, -2.2536, -0.1078, 2.6601, 0.4237, 2.6558, 0.4500
0.0000, -2.2548, -0.1079, 2.6615, 0.4240, 2.6572, 0.4502
0.0000, -2.2560, -0.1080, 2.6629, 0.4242, 2.6586, 0.4503
0.0000, -2.2571, -0.1080, 2.6643, 0.4245, 2.6600, 0.4504
0.0000, -2.2583, -0.1081, 2.6657, 0.4247, 2.6614, 0.4506
0.0000, -2.2595, -0.1082, 2.6671, 0.4249, 2.6628, 0.4507
0.0000, -2.2607, -0.1082, 2.6685, 0.4251, 2.6642, 0.4508
0.0000, -2.2619, -0.1083, 2.6699, 0.4253, 2.6655, 0.4508
0.0000, -2.2630, -0.1083, 2.6713, 0.4255, 2.6669, 0.4509
0.0000, -2.2642, -0.1084, 2.6727, 0.4257, 2.6683, 0.4510
0.0000, -2.2654, -0.1084, 2.6741, 0.4259, 2.6697, 0.4511
0.0000, -2.2666, -0.1084, 2.6755, 0.4262, 2.6711, 0.4512
0.0000, -2.2677, -0.1085, 2.6768, 0.4264, 2.6724, 0.4513
0.0000, -2.2689, -0.1085, 2.6782, 0.4266, 2.6738, 0.4514
0.0000, -2.2700, -0.1086, 2.6796, 0.4269, 2.6752, 0.4515
0.0000, -2.2712, -0.1087, 2.6809, 0.4271, 2.6765, 0.4515
0.0000, -2.2723, -0.1087, 2.6823, 0.4273, 2.6779, 0.4516
0.0000, -2.2735, -0.1088, 2.6836, 0.4276, 2.6792, 0.4517
0.0000, -2.2746, -0.1088, 2.6850, 0.4278, 2.6806, 0.4517
0.0000, -2.2758, -0.1089, 2.6864, 0.4280, 2.6819, 0.4517
0.0000, -2.2769, -0.1090, 2.6877, 0.4282, 2.6833, 0.4517
0.0000, -2.2781, -0.1090, 2.6891, 0.4284, 2.6846, 0.4517
0.0000, -2.2793, -0.1091, 2.6904, 0.4286, 2.6860, 0.4517
0.0000, -2.2804, -0.1091, 2.6918, 0.4288, 2.6873, 0.4518
0.0000, -2.2815, -0.1092, 2.6931, 0.4290, 2.6887, 0.4518
0.0000, -2.2827, -0.1092, 2.6944, 0.4292, 2.6900, 0.4518
0.0000, -2.2838, -0.1092, 2.6958, 0.4294, 2.6913, 0.4518
0.0000, -2.2849, -0.1093, 2.6971, 0.4297, 2.6926, 0.4519
0.0000, -2.2860, -0.1094, 2.6984, 0.4299, 2.6940, 0.4519
0.0000, -2.2871, -0.1095, 2.6997, 0.4302, 2.6953, 0.4519
0.0000, -2.2882, -0.1095, 2.7011, 0.4304, 2.6966, 0.4519
0.0000, -2.2894, -0.1096, 2.7024, 0.4306, 2.6979, 0.4518
0.0000, -2.2905, -0.1096, 2.7037, 0.4308, 2.6992, 0.4518
0.0000, -2.2916, -0.1097, 2.7050, 0.4310, 2.7005, 0.4517
0.0000, -2.2927, -0.1097, 2.7063, 0.4312, 2.7019, 0.4517
0.0000, -2.2938, -0.1098, 2.7076, 0.4313, 2.7032, 0.4516
0.0000, -2.2950, -0.1098, 2.7089, 0.4315, 2.7045, 0.4515
0.0000, -2.2961, -0.1099, 2.7102, 0.4317, 2.7057, 0.4515
0.0000, -2.2971, -0.1099, 2.7115, 0.4320, 2.7070, 0.4514
0.0000, -2.2982, -0.1100, 2.7128, 0.4322, 2.7083, 0.4514
0.0000, -2.2993, -0.1101, 2.7141, 0.4325, 2.7096, 0.4514
0.0000, -2.3004, -0.1101, 2.7154, 0.4328, 2.7109, 0.4514
0.0000, -2.3015, -0.1102, 2.7167, 0.4330, 2.7122, 0.4513
0.0000, -2.3025, -0.1102, 2.7180, 0.4332, 2.7134, 0.4512
0.0000, -2.3036, -0.1103, 2.7192, 0.4334, 2.7147, 0.4510
0.0000, -2.3047, -0.1103, 2.7205, 0.4335, 2.7160, 0.4509
0.0000, -2.3058, -0.1104, 2.7218, 0.4337, 2.7173, 0.4507
0.0000, -2.3069, -0.1104, 2.7231, 0.4339, 2.7185, 0.4506
0.0000, -2.3080, -0.1104, 2.7243, 0.4340, 2.7198, 0.4504
0.0000, -2.3091, -0.1105, 2.7256, 0.4342, 2.7211, 0.4503
0.0000, -2.3101, -0.1106, 2.7269, 0.4345, 2.7223, 0.4502
0.0000, -2.3112, -0.1106, 2.7281, 0.4347, 2.7236, 0.4501
0.0000, -2.3122, -0.1107, 2.7294, 0.4350, 2.7248, 0.4500
0.0000, -2.3133, -0.1108, 2.7306, 0.4352, 2.7260, 0.4499
0.0000, -2.3143, -0.1108, 2.7318, 0.4355, 2.7273, 0.4498
0.0000, -2.3154, -0.1109, 2.7331, 0.4357, 2.7285, 0.4496
0.0000, -2.3164, -0.1109, 2.7343, 0.4358, 2.7298, 0.4494
0.0000, -2.3175, -0.1110, 2.7356, 0.4360, 2.7310, 0.4492
0.0000, -2.3186, -0.1110, 2.7368, 0.4362, 2.7323, 0.4489
0.0000, -2.3196, -0.1110, 2.7381, 0.4363, 2.7335, 0.4487
0.0000, -2.3207, -0.1111, 2.7393, 0.4364, 2.7347, 0.4484
0.0000, -2.3217, -0.1111, 2.7405, 0.4366, 2.7359, 0.4482
0.0000, -2.3228, -0.1112, 2.7418, 0.4368, 2.7371, 0.4480
0.0000, -2.3238, -0.1112, 2.7430, 0.4371, 2.7383, 0.4478
0.0000, -2.3248, -0.1113, 2.7442, 0.4374, 2.7395, 0.4477
0.0000, -2.3258, -0.1114, 2.7454, 0.4376, 2.7408, 0.4475
0.0000, -2.3268, -0.1114, 2.7466, 0.4379, 2.7420, 0.4474
0.0000, -2.3278, -0.1115, 2.7478, 0.4381, 2.7432, 0.4471
0.0000, -2.3288, -0.1115, 2.7490, 0.4383, 2.7444, 0.4468
0.0000, -2.3299, -0.1115, 2.7502, 0.4384, 2.7456, 0.4465
0.0000, -2.3309, -0.1116, 2.7514, 0.4385, 2.7468, 0.4461
0.0000, -2.3320, -0.1116, 2.7526, 0.4386, 2.7480, 0.4458
0.0000, -2.3330, -0.1116, 2.7538, 0.4388, 2.7492, 0.4454
0.0000, -2.3340, -0.1117, 2.7550, 0.4389, 2.7504, 0.4451
0.0000, -2.3350, -0.1117, 2.7562, 0.4392, 2.7515, 0.4449
0.0000, -2.3360, -0.1118, 2.7574, 0.4394, 2.7527, 0.4447
0.0000, -2.3370, -0.1119, 2.7585, 0.4397, 2.7538, 0.4445
0.0000, -2.3379, -0.1119, 2.7597, 0.4400, 2.7550, 0.4442
0.0000, -2.3389, -0.1120, 2.7609, 0.4403, 2.7562, 0.4440
0.0000, -2.3399, -0.1120, 2.7620, 0.4405, 2.7573, 0.4437
0.0000, -2.3409, -0.1121, 2.7632, 0.4406, 2.7585, 0.4433
0.0000, -2.3419, -0.1121, 2.7644, 0.4407, 2.7597, 0.4429
0.0000, -2.3429, -0.1121, 2.7656, 0.4408, 2.7609, 0.4424
0.0000, -2.3439, -0.1121, 2.7667, 0.4409, 2.7620, 0.4419
0.0000, -2.3449, -0.1122, 2.7679, 0.4410, 2.7632, 0.4415
0.0000, -2.3459, -0.1122, 2.7691, 0.4412, 2.7643, 0.4411
0.0000, -2.3469, -0.1123, 2.7702, 0.4414, 2.7654, 0.4408
0.0000, -2.3478, -0.1124, 2.7713, 0.4417, 2.7666, 0.4405
0.0000, -2.3487, -0.1125, 2.7724, 0.4420, 2.7677, 0.4402
0.0000, -2.3497, -0.1125, 2.7736, 0.4423, 2.7688, 0.4400
0.0000, -2.3506, -0.1126, 2.7747, 0.4426, 2.7699, 0.4396
0.0000, -2.3516, -0.1126, 2.7758, 0.4427, 2.7711, 0.4392
0.0000, -2.3525, -0.1126, 2.7770, 0.4429, 2.7722, 0.4387
0.0000, -2.3535, -0.1126, 2.7781, 0.4430, 2.7733, 0.4382
