0.0000, 0.0000, 0.0000, 0.0000, 0.0000, 0.0000, 0.0000
0.0000, 0.0000, 0.0000, -0.0000, 0.0000, -0.0000, 0.0000
0.0000, 0.0000, 0.0000, -0.0000, 0.0000, -0.0000, 0.0000
0.0000, 0.0000, 0.0000, -0.0000, 0.0000, -0.0000, -0.0000
0.0000, 0.0000, 0.0000, -0.0000, 0.0000, -0.0000, 0.0000
0.0000, 0.0001, 0.0000, -0.0001, 0.0000, -0.0000, 0.0000
0.0000, 0.0001, 0.0000, -0.0001, 0.0000, -0.0000, 0.0000
0.0000, 0.0001, 0.0000, -0.0001, 0.0000, -0.0000, -0.0000
0.0000, 0.0001, 0.0000, -0.0002, 0.0000, -0.0000, 0.0000
0.0000, 0.0002, 0.0000, -0.0002, 0.0000, -0.0000, -0.0000
0.0000, 0.0002, 0.0001, -0.0003, 0.0000, -0.0001, -0.0000
0.0000, 0.0003, 0.0001, -0.0003, 0.0000, -0.0001, 0.0000
0.0000, 0.0003, 0.0001, -0.0004, 0.0000, -0.0001, -0.0000
0.0000, 0.0004, 0.0001, -0.0005, 0.0000, -0.0001, -0.0000
0.0000, 0.0004, 0.0001, -0.0006, 0.0000, -0.0001, -0.0000
0.0000, 0.0005, 0.0001, -0.0006, 0.0000, -0.0001, -0.0000
0.0000, 0.0006, 0.0001, -0.0007, 0.0000, -0.0002, -0.0000
0.0000, 0.0007, 0.0002, -0.0008, 0.0000, -0.0002, -0.0000
0.0000, 0.0007, 0.0002, -0.0009, 0.0000, -0.0002, 0.0000
0.0000, 0.0008, 0.0002, -0.0010, 0.0000, -0.0002, -0.0000
0.0000, 0.0009, 0.0002, -0.0012, 0.0000, -0.0002, -0.0000
0.0000, 0.0010, 0.0002, -0.0013, 0.0000, -0.0003, 0.0000
0.0000, 0.0011, 0.0003, -0.0014, 0.0000, -0.0003, -0.0000
0.0000, 0.0012, 0.0003, -0.0015, 0.0000, -0.0003, -0.0000
0.0000, 0.0013, 0.0003, -0.0017, 0.0000, -0.0004, 0.0000
0.0000, 0.0014, 0.0003, -0.0018, 0.0000, -0.0004, -0.0000
0.0000, 0.0016, 0.0004, -0.0019, 0.0000, -0.0004, -0.0000
0.0000, 0.0017, 0.0004, -0.0021, 0.0000, -0.0004, 0.0000
0.0000, 0.0018, 0.0004, -0.0023, 0.0000, -0.0005, 0.0000
0.0000, 0.0019, 0.0004, -0.0024, 0.0001, -0.0005, -0.0000
0.0000, 0.0021, 0.0005, -0.0026, 0.0001, -0.0005, -0.0000
0.0000, 0.0022, 0.0005, -0.0028, 0.0001, -0.0006, -0.0000
0.0000, 0.0023, 0.0005, -0.0029, 0.0001, -0.0006, -0.0000
0.0000, 0.0025, 0.0006, -0.0031, 0.0001, -0.0007, 0.0000
0.0000, 0.0027, 0.0006, -0.0033, 0.0001, -0.0007, -0.0000
0.0000, 0.0028, 0.0007, -0.0035, 0.0001, -0.0007, 0.0000
0.0000, 0.0030, 0.0007, -0.0037, 0.0001, -0.0008, -0.0000
0.0000, 0.0031, 0.0007, -0.0039, 0.0001, -0.0008, -0.0000
0.0000, 0.0033, 0.0008, -0.0042, 0.0001, -0.0009, 0.0000
0.0000, 0.0035, 0.0008, -0.0044, 0.0001, -0.0009, -0.0000
0.0000, 0.0037, 0.0009, -0.0046, 0.0001, -0.0010, -0.0000
0.0000, 0.0039, 0.0009, -0.0048, 0.0001, -0.0010, 0.0000
0.0000, 0.0040, 0.0009, -0.0051, 0.0001, -0.0011, -0.0000
0.0000, 0.0042, 0.0010, -0.0053, 0.0001, -0.0011, 0.0000
0.0000, 0.0044, 0.0010, -0.0056, 0.0001, -0.0012, -0.0000
0.0000, 0.0046, 0.0011, -0.0058, 0.0001, -0.0012, 0.0000
0.0000, 0.0049, 0.0011, -0.0061, 0.0001, -0.0013, -0.0000
0.0000, 0.0051, 0.0012, -0.0064, 0.0001, -0.0013, 0.0000
0.0000, 0.0053, 0.0012, -0.0066, 0.0001, -0.0014, -0.0000
0.0000, 0.0055, 0.0013, -0.0069, 0.0001, -0.0015, -0.0000
0.0000, 0.0057, 0.0013, -0.0072, 0.0002, -0.0015, 0.0000
0.0000, 0.0060, 0.0014, -0.0075, 0.0002, -0.0016, 0.0000
0.0000, 0.0062, 0.0014, -0.0078, 0.0002, -0.0016, -0.0000
0.0000, 0.0064, 0.0015, -0.0081, 0.0002, -0.0017, -0.0000
0.0000, 0.0067, 0.0016, -0.0084, 0.0002, -0.0018, 0.0000
0.0000, 0.0069, 0.0016, -0.0087, 0.0002, -0.0018, -0.0000
0.0000, 0.0072, 0.0017, -0.0090, 0.0002, -0.0019, 0.0000
0.0000, 0.0075, 0.0017, -0.0093, 0.0002, -0.0020, -0.0000
0.0000, 0.0077, 0.0018, -0.0097, 0.0002, -0.0021, 0.0000
0.0000, 0.0080, 0.0019, -0.0100, 0.0002, -0.0021, 0.0000
0.0000, 0.0083, 0.0019, -0.0103, 0.0002, -0.0022, 0.0000
0.0000, 0.0085, 0.0020, -0.0107, 0.0002, -0.0023, 0.0000
0.0000, 0.0088, 0.0021, -0.0110, 0.0002, -0.0023, -0.0000
0.0000, 0.0091, 0.0021, -0.0114, 0.0002, -0.0024, -0.0000
0.0000, 0.0094, 0.0022, -0.0118, 0.0003, -0.0025, -0.0000
0.0000, 0.0097, 0.0023, -0.0121, 0.0003, -0.0026, -0.0000
0.0000, 0.0100, 0.0023, -0.0125, 0.0003, -0.0027, 0.0000
0.0000, 0.0103, 0.0024, -0.0129, 0.0003, -0.0027, 0.0000
0.0000, 0.0106, 0.0025, -0.0133, 0.0003, -0.0028, -0.0000
0.0000, 0.0109, 0.0025, -0.0137, 0.0003, -0.0029, 0.0000
0.0000, 0.0112, 0.0026, -0.0141, 0.0003, -0.0030, -0.0000
0.0000, 0.0116, 0.0027, -0.0145, 0.0003, -0.0031, 0.0000
0.0000, 0.0119, 0.0028, -0.0149, 0.0003, -0.0032, 0.0000
0.0000, 0.0122, 0.0028, -0.0153, 0.0003, -0.0032, -0.0000
0.0000, 0.0126, 0.0029, -0.0157, 0.0003, -0.0033, 0.0000
0.0000, 0.0129, 0.0030, -0.0162, 0.0004, -0.0034, 0.0000
0.0000, 0.0132, 0.0031, -0.0166, 0.0004, -0.0035, -0.0000
0.0000, 0.0136, 0.0032, -0.0170, 0.0004, -0.0036, 0.0000
0.0000, 0.0139, 0.0032, -0.0175, 0.0004, -0.0037, 0.0000
0.0000, 0.0143, 0.0033, -0.0179, 0.0004, -0.0038, 0.0000
0.0000, 0.0147, 0.0034, -0.0184, 0.0004, -0.0039, -0.0000
0.0000, 0.0150, 0.0035, -0.0188, 0.0004, -0.0040, 0.0000
0.0000, 0.0154, 0.0036, -0.0193, 0.0004, -0.0041, -0.0000
0.0000, 0.0158, 0.0037, -0.0198, 0.0004, -0.0042, 0.0000
0.0000, 0.0162, 0.0038, -0.0203, 0.0004, -0.0043, 0.0000
0.0000, 0.0166, 0.0039, -0.0207, 0.0004, -0.0044, -0.0000
0.0000, 0.0169, 0.0039, -0.0212, 0.0005, -0.0045, 0.0000
0.0000, 0.0173, 0.0040, -0.0217, 0.0005, -0.0046, -0.0000
0.0000, 0.0177, 0.0041, -0.0222, 0.0005, -0.0047, -0.0000
0.0000, 0.0181, 0.0042, -0.0227, 0.0005, -0.0048, 0.0000
0.0000, 0.0186, 0.0043, -0.0233, 0.0005, -0.0049, 0.0000
0.0000, 0.0190, 0.0044, -0.0238, 0.0005, -0.0050, -0.0000
0.0000, 0.0194, 0.0045, -0.0243, 0.0005, -0.0052, 0.0000
0.0000, 0.0198, 0.0046, -0.0248, 0.0005, -0.0053, -0.0000
0.0000, 0.0202, 0.0047, -0.0254, 0.0005, -0.0054, 0.0000
0.0000, 0.0207, 0.0048, -0.0259, 0.0006, -0.0055, -0.0000
0.0000, 0.0211, 0.0049, -0.0265, 0.0006, -0.0056, 0.0000
0.0000, 0.0216, 0.0050, -0.0270, 0.0006, -0.0057, 0.0000
0.0000, 0.0220, 0.0051, -0.0276, 0.0006, -0.0058, 0.0000
0.0000, 0.0224, 0.0052, -0.0281, 0.0006, -0.0060, -0.0000
0.0000, 0.0229, 0.0053, -0.0287, 0.0006, -0.0061, -0.0000
0.0000, 0.0234, 0.0054, -0.0293, 0.0006, -0.0062, -0.0000
0.0000, 0.0238, 0.0055, -0.0299, 0.0006, -0.0063, 0.0000
0.0000, 0.0243, 0.0057, -0.0304, 0.0007, -0.0065, -0.0000
0.0000, 0.0248, 0.0058, -0.0310, 0.0007, -0.0066, 0.0000
0.0000, 0.0252, 0.0059, -0.0316, 0.0007, -0.0067, -0.0000
0.0000, 0.0257, 0.0060, -0.0322, 0.0007, -0.0068, 0.0000
0.0000, 0.0262, 0.0061, -0.0329, 0.0007, -0.0070, 0.0000
0.0000, 0.0267, 0.0062, -0.0335, 0.0007, -0.0071, -0.0000
0.0000, 0.0272, 0.0063, -0.0341, 0.0007, -0.0072, -0.0000
0.0000, 0.0277, 0.0064, -0.0347, 0.0008, -0.0074, 0.0000
0.0000, 0.0282, 0.0066, -0.0353, 0.0008, -0.0075, 0.0000
0.0000, 0.0287, 0.0067, -0.0360, 0.0008, -0.0076, 0.0000
0.0000, 0.0292, 0.0068, -0.0366, 0.0008, -0.0078, -0.0000
0.0000, 0.0297, 0.0069, -0.0373, 0.0008, -0.0079, 0.0000
0.0000, 0.0303, 0.0070, -0.0379, 0.0008, -0.0080, 0.0000
0.0000, 0.0308, 0.0072, -0.0386, 0.0008, -0.0082, -0.0000
0.0000, 0.0313, 0.0073, -0.0393, 0.0009, -0.0083, 0.0000
0.0000, 0.0319, 0.0074, -0.0399, 0.0009, -0.0085, -0.0000
0.0000, 0.0324, 0.0075, -0.0406, 0.0009, -0.0086, -0.0000
0.0000, 0.0330, 0.0077, -0.0413, 0.0009, -0.0088, 0.0000
0.0000, 0.0335, 0.0078, -0.0420, 0.0009, -0.0089, -0.0000
0.0000, 0.0341, 0.0079, -0.0427, 0.0009, -0.0091, -0.0000
0.0000, 0.0346, 0.0081, -0.0434, 0.0009, -0.0092, 0.0000
0.0000, 0.0352, 0.0082, -0.0441, 0.0010, -0.0093, 0.0000
0.0000, 0.0357, 0.0083, -0.0448, 0.0010, -0.0095, -0.0000
0.0000, 0.0363, 0.0085, -0.0455, 0.0010, -0.0097, -0.0000
0.0000, 0.0369, 0.0086, -0.0462, 0.0010, -0.0098, -0.0000
0.0000, 0.0375, 0.0087, -0.0470, 0.0010, -0.0100, -0.0000
0.0000, 0.0381, 0.0089, -0.0477, 0.0010, -0.0101, 0.0000
0.0000, 0.0387, 0.0090, -0.0484, 0.0010, -0.0103, -0.0000
0.0000, 0.0392, 0.0091, -0.0492, 0.0011, -0.0104, -0.0000
0.0000, 0.0398, 0.0093, -0.0499, 0.0011, -0.0106, -0.0000
0.0000, 0.0405, 0.0094, -0.0507, 0.0011, -0.0107, 0.0000
0.0000, 0.0411, 0.0096, -0.0515, 0.0011, -0.0109, 0.0000
0.0000, 0.0417, 0.0097, -0.0522, 0.0011, -0.0111, 0.0000
0.0000, 0.0423, 0.0098, -0.0530, 0.0011, -0.0112, -0.0000
0.0000, 0.0429, 0.0100, -0.0538, 0.0012, -0.0114, 0.0000
0.0000, 0.0435, 0.0101, -0.0546, 0.0012, -0.0116, 0.0000
0.0000, 0.0442, 0.0103, -0.0553, 0.0012, -0.0117, -0.0000
0.0000, 0.0448, 0.0104, -0.0561, 0.0012, -0.0119, 0.0000
0.0000, 0.0454, 0.0106, -0.0569, 0.0012, -0.0121, 0.0000
0.0000, 0.0461, 0.0107, -0.0578, 0.0013, -0.0122, -0.0000
0.0000, 0.0467, 0.0109, -0.0586, 0.0013, -0.0124, 0.0000
0.0000, 0.0474, 0.0110, -0.0594, 0.0013, -0.0126, -0.0000
0.0000, 0.0480, 0.0112, -0.0602, 0.0013, -0.0128, 0.0000
0.0000, 0.0487, 0.0113, -0.0610, 0.0013, -0.0129, -0.0000
0.0000, 0.0494, 0.0115, -0.0619, 0.0013, -0.0131, -0.0000
0.0000, 0.0500, 0.0116, -0.0627, 0.0014, -0.0133, -0.0000
0.0000, 0.0507, 0.0118, -0.0636, 0.0014, -0.0135, -0.0000
0.0000, 0.0514, 0.0120, -0.0644, 0.0014, -0.0137, -0.0000
0.0000, 0.0521, 0.0121, -0.0653, 0.0014, -0.0138, -0.0000
0.0000, 0.0528, 0.0123, -0.0661, 0.0014, -0.0140, 0.0000
0.0000, 0.0535, 0.0124, -0.0670, 0.0015, -0.0142, 0.0000
0.0000, 0.0542, 0.0126, -0.0679, 0.0015, -0.0144, -0.0000
0.0000, 0.0549, 0.0128, -0.0688, 0.0015, -0.0146, -0.0000
0.0000, 0.0556, 0.0129, -0.0696, 0.0015, -0.0148, 0.0000
0.0000, 0.0563, 0.0131, -0.0705, 0.0015, -0.0150, 0.0000
0.0000, 0.0570, 0.0133, -0.0714, 0.0015, -0.0151, 0.0000
0.0000, 0.0577, 0.0134, -0.0723, 0.0016, -0.0153, -0.0000
0.0000, 0.0584, 0.0136, -0.0732, 0.0016, -0.0155, 0.0000
0.0000, 0.0592, 0.0138, -0.0742, 0.0016, -0.0157, -0.0000
0.0000, 0.0599, 0.0139, -0.0751, 0.0016, -0.0159, -0.0000
0.0000, 0.0606, 0.0141, -0.0760, 0.0016, -0.0161, -0.0000
0.0000, 0.0614, 0.0143, -0.0769, 0.0017, -0.0163, 0.0000
0.0000, 0.0621, 0.0145, -0.0779, 0.0017, -0.0165, 0.0000
0.0000, 0.0629, 0.0146, -0.0788, 0.0017, -0.0167, 0.0000
0.0000, 0.0636, 0.0148, -0.0798, 0.0017, -0.0169, -0.0000
0.0000, 0.0644, 0.0150, -0.0807, 0.0017, -0.0171, 0.0000
0.0000, 0.0652, 0.0152, -0.0817, 0.0018, -0.0173, -0.0000
0.0000, 0.0659, 0.0153, -0.0826, 0.0018, -0.0175, -0.0000
0.0000, 0.0667, 0.0155, -0.0836, 0.0018, -0.0177, -0.0000
0.0000, 0.0675, 0.0157, -0.0846, 0.0018, -0.0179, -0.0000
0.0000, 0.0683, 0.0159, -0.0856, 0.0019, -0.0181, -0.0000
0.0000, 0.0691, 0.0161, -0.0865, 0.0019, -0.0184, -0.0000
0.0000, 0.0698, 0.0163, -0.0875, 0.0019, -0.0186, 0.0000
0.0000, 0.0706, 0.0164, -0.0885, 0.0019, -0.0188, -0.0000
0.0000, 0.0714, 0.0166, -0.0895, 0.0019, -0.0190, -0.0000
0.0000, 0.0722, 0.0168, -0.0905, 0.0020, -0.0192, -0.0000
0.0000, 0.0731, 0.0170, -0.0915, 0.0020, -0.0194, 0.0000
0.0000, 0.0739, 0.0172, -0.0926, 0.0020, -0.0196, -0.0000
0.0000, 0.0747, 0.0174, -0.0936, 0.0020, -0.0198, 0.0000
0.0000, 0.0755, 0.0176, -0.0946, 0.0021, -0.0201, 0.0000
0.0000, 0.0763, 0.0178, -0.0957, 0.0021, -0.0203, 0.0000
0.0000, 0.0772, 0.0180, -0.0967, 0.0021, -0.0205, -0.0000
0.0000, 0.0780, 0.0182, -0.0977, 0.0021, -0.0207, 0.0000
0.0000, 0.0788, 0.0183, -0.0988, 0.0021, -0.0210, 0.0000
0.0000, 0.0797, 0.0185, -0.0999, 0.0022, -0.0212, -0.0000
0.0000, 0.0805, 0.0187, -0.1009, 0.0022, -0.0214, -0.0000
0.0000, 0.0814, 0.0189, -0.1020, 0.0022, -0.0216, -0.0000
0.0000, 0.0822, 0.0191, -0.1031, 0.0022, -0.0219, -0.0000
0.0000, 0.0831, 0.0193, -0.1041, 0.0023, -0.0221, 0.0000
0.0000, 0.0840, 0.0195, -0.1052, 0.0023, -0.0223, 0.0000
0.0000, 0.0848, 0.0197, -0.1063, 0.0023, -0.0225, -0.0000
0.0000, 0.0857, 0.0199, -0.1074, 0.0023, -0.0228, 0.0000
0.0000, 0.0866, 0.0201, -0.1085, 0.0024, -0.0230, -0.0000
0.0000, 0.0875, 0.0204, -0.1096, 0.0024, -0.0232, -0.0000
0.0000, 0.0884, 0.0206, -0.1107, 0.0024, -0.0235, 0.0000
0.0000, 0.0893, 0.0208, -0.1119, 0.0024, -0.0237, -0.0000
0.0000, 0.0901, 0.0210, -0.1130, 0.0024, -0.0240, -0.0000
0.0000, 0.0911, 0.0212, -0.1141, 0.0025, -0.0242, 0.0000
0.0000, 0.0920, 0.0214, -0.1152, 0.0025, -0.0244, 0.0000
0.0000, 0.0929, 0.0216, -0.1164, 0.0025, -0.0247, 0.0000
0.0000, 0.0938, 0.0218, -0.1175, 0.0025, -0.0249, -0.0000
0.0000, 0.0947, 0.0220, -0.1187, 0.0026, -0.0252, 0.0000
0.0000, 0.0956, 0.0223, -0.1198, 0.0026, -0.0254, -0.0000
0.0000, 0.0965, 0.0225, -0.1210, 0.0026, -0.0257, 0.0000
0.0000, 0.0975, 0.0227, -0.1222, 0.0026, -0.0259, -0.0000
0.0000, 0.0984, 0.0229, -0.1233, 0.0027, -0.0262, -0.0000
0.0000, 0.0994, 0.0231, -0.1245, 0.0027, -0.0264, 0.0000
0.0000, 0.1003, 0.0233, -0.1257, 0.0027, -0.0267, -0.0000
0.0000, 0.1012, 0.0236, -0.1269, 0.0028, -0.0269, -0.0000
0.0000, 0.1022, 0.0238, -0.1281, 0.0028, -0.0272, 0.0000
0.0000, 0.1032, 0.0240, -0.1293, 0.0028, -0.0274, 0.0000
0.0000, 0.1041, 0.0242, -0.1305, 0.0028, -0.0277, 0.0000
0.0000, 0.1051, 0.0245, -0.1317, 0.0029, -0.0279, -0.0000
0.0000, 0.1061, 0.0247, -0.1329, 0.0029, -0.0282, 0.0000
0.0000, 0.1070, 0.0249, -0.1341, 0.0029, -0.0284, -0.0000
0.0000, 0.1080, 0.0251, -0.1354, 0.0029, -0.0287, -0.0000
0.0000, 0.1090, 0.0254, -0.1366, 0.0030, -0.0290, 0.0000
0.0000, 0.1100, 0.0256, -0.1378, 0.0030, -0.0292, 0.0000
0.0000, 0.1110, 0.0258, -0.1391, 0.0030, -0.0295, 0.0000
0.0000, 0.1120, 0.0261, -0.1403, 0.0030, -0.0298, 0.0000
0.0000, 0.1130, 0.0263, -0.1416, 0.0031, -0.0300, 0.0000
0.0000, 0.1140, 0.0265, -0.1428, 0.0031, -0.0303, 0.0000
0.0000, 0.1150, 0.0268, -0.1441, 0.0031, -0.0306, -0.0000
0.0000, 0.1160, 0.0270, -0.1454, 0.0032, -0.0308, -0.0000
0.0000, 0.1170, 0.0272, -0.1466, 0.0032, -0.0311, -0.0000
0.0000, 0.1180, 0.0275, -0.1479, 0.0032, -0.0314, 0.0000
0.0000, 0.1191, 0.0277, -0.1492, 0.0032, -0.0316, -0.0000
0.0000, 0.1201, 0.0279, -0.1505, 0.0033, -0.0319, -0.0000
0.0000, 0.1211, 0.0282, -0.1518, 0.0033, -0.0322, -0.0000
0.0000, 0.1222, 0.0284, -0.1531, 0.0033, -0.0325, 0.0000
0.0000, 0.1232, 0.0287, -0.1544, 0.0033, -0.0327, 0.0000
0.0000, 0.1243, 0.0289, -0.1557, 0.0034, -0.0330, 0.0000
0.0000, 0.1253, 0.0292, -0.1570, 0.0034, -0.0333, -0.0000
0.0000, 0.1264, 0.0294, -0.1584, 0.0034, -0.0336, 0.0000
0.0000, 0.1274, 0.0297, -0.1597, 0.0035, -0.0339, 0.0000
0.0000, 0.1285, 0.0299, -0.1610, 0.0035, -0.0341, 0.0000
0.0000, 0.1296, 0.0301, -0.1624, 0.0035, -0.0344, 0.0000
0.0000, 0.1306, 0.0304, -0.1637, 0.0035, -0.0347, 0.0000
0.0000, 0.1317, 0.0307, -0.1651, 0.0036, -0.0350, 0.0000
0.0000, 0.1328, 0.0309, -0.1664, 0.0036, -0.0353, 0.0000
0.0000, 0.1339, 0.0312, -0.1678, 0.0036, -0.0356, 0.0000
0.0000, 0.1350, 0.0314, -0.1691, 0.0037, -0.0359, -0.0000
0.0000, 0.1361, 0.0317, -0.1705, 0.0037, -0.0362, 0.0000
0.0000, 0.1372, 0.0319, -0.1719, 0.0037, -0.0365, -0.0000
0.0000, 0.1383, 0.0322, -0.1733, 0.0038, -0.0367, -0.0000
0.0000, 0.1394, 0.0324, -0.1747, 0.0038, -0.0370, -0.0000
0.0000, 0.1405, 0.0327, -0.1761, 0.0038, -0.0373, 0.0000
0.0000, 0.1416, 0.0330, -0.1775, 0.0038, -0.0376, -0.0000
0.0000, 0.1427, 0.0332, -0.1789, 0.0039, -0.0379, 0.0000
0.0000, 0.1439, 0.0335, -0.1803, 0.0039, -0.0382, -0.0000
0.0000, 0.1450, 0.0337, -0.1817, 0.0039, -0.0385, -0.0000
0.0000, 0.1461, 0.0340, -0.1831, 0.0040, -0.0388, 0.0000
0.0000, 0.1473, 0.0343, -0.1845, 0.0040, -0.0391, -0.0000
0.0000, 0.1484, 0.0345, -0.1860, 0.0040, -0.0394, -0.0000
0.0000, 0.1495, 0.0348, -0.1874, 0.0041, -0.0397, 0.0000
0.0000, 0.1507, 0.0351, -0.1888, 0.0041, -0.0400, -0.0000
0.0000, 0.1518, 0.0353, -0.1903, 0.0041, -0.0404, 0.0000
0.0000, 0.1530, 0.0356, -0.1917, 0.0042, -0.0407, -0.0000
0.0000, 0.1542, 0.0359, -0.1932, 0.0042, -0.0410, 0.0000
0.0000, 0.1553, 0.0361, -0.1947, 0.0042, -0.0413, 0.0000
0.0000, 0.1565, 0.0364, -0.1961, 0.0043, -0.0416, -0.0000
0.0000, 0.1577, 0.0367, -0.1976, 0.0043, -0.0419, -0.0000
0.0000, 0.1589, 0.0370, -0.1991, 0.0043, -0.0422, 0.0000
0.0000, 0.1600, 0.0372, -0.2006, 0.0043, -0.0425, -0.0000
0.0000, 0.1612, 0.0375, -0.2020, 0.0044, -0.0428, -0.0000
0.0000, 0.1624, 0.0378, -0.2035, 0.0044, -0.0432, -0.0000
0.0000, 0.1636, 0.0381, -0.2050, 0.0044, -0.0435, 0.0000
0.0000, 0.1648, 0.0384, -0.2065, 0.0045, -0.0438, 0.0000
0.0000, 0.1660, 0.0386, -0.2081, 0.0045, -0.0441, 0.0000
0.0000, 0.1672, 0.0389, -0.2096, 0.0045, -0.0444, 0.0000
0.0000, 0.1684, 0.0392, -0.2111, 0.0046, -0.0448, 0.0000
0.0000, 0.1697, 0.0395, -0.2126, 0.0046, -0.0451, 0.0000
0.0000, 0.1709, 0.0398, -0.2141, 0.0046, -0.0454, 0.0000
0.0000, 0.1721, 0.0400, -0.2157, 0.0047, -0.0457, 0.0000
0.0000, 0.1733, 0.0403, -0.2172, 0.0047, -0.0461, 0.0000
0.0000, 0.1746, 0.0406, -0.2188, 0.0047, -0.0464, -0.0000
0.0000, 0.1758, 0.0409, -0.2203, 0.0048, -0.0467, -0.0000
0.0000, 0.1771, 0.0412, -0.2219, 0.0048, -0.0471, 0.0000
0.0000, 0.1783, 0.0415, -0.2234, 0.0048, -0.0474, -0.0000
0.0000, 0.1795, 0.0418, -0.2250, 0.0049, -0.0477, 0.0000
0.0000, 0.1808, 0.0421, -0.2266, 0.0049, -0.0481, -0.0000
0.0000, 0.1821, 0.0424, -0.2282, 0.0049, -0.0484, -0.0000
0.0000, 0.1833, 0.0427, -0.2297, 0.0050, -0.0487, -0.0000
0.0000, 0.1846, 0.0430, -0.2313, 0.0050, -0.0491, -0.0000
0.0000, 0.1859, 0.0433, -0.2329, 0.0050, -0.0494, -0.0000
0.0000, 0.1871, 0.0435, -0.2345, 0.0051, -0.0497, 0.0000
0.0000, 0.1884, 0.0438, -0.2361, 0.0051, -0.0501, 0.0000
0.0000, 0.1897, 0.0441, -0.2377, 0.0052, -0.0504, 0.0000
0.0000, 0.1910, 0.0444, -0.2393, 0.0052, -0.0508, 0.0000
0.0000, 0.1923, 0.0447, -0.2410, 0.0052, -0.0511, -0.0000
0.0000, 0.1936, 0.0450, -0.2426, 0.0053, -0.0514, 0.0000
0.0000, 0.1949, 0.0453, -0.2442, 0.0053, -0.0518, -0.0000
0.0000, 0.1962, 0.0457, -0.2458, 0.0053, -0.0521, 0.0000
0.0000, 0.1975, 0.0460, -0.2475, 0.0054, -0.0525, 0.0000
0.0000, 0.1988, 0.0463, -0.2491, 0.0054, -0.0528, -0.0000
0.0000, 0.2001, 0.0466, -0.2508, 0.0054, -0.0532, -0.0000
0.0000, 0.2014, 0.0469, -0.2524, 0.0055, -0.0535, 0.0000
0.0000, 0.2028, 0.0472, -0.2541, 0.0055, -0.0539, 0.0000
0.0000, 0.2041, 0.0475, -0.2558, 0.0055, -0.0542, 0.0000
0.0000, 0.2054, 0.0478, -0.2574, 0.0056, -0.0546, -0.0000
0.0000, 0.2068, 0.0481, -0.2591, 0.0056, -0.0549, -0.0000
0.0000, 0.2081, 0.0484, -0.2608, 0.0057, -0.0553, -0.0000
0.0000, 0.2094, 0.0487, -0.2625, 0.0057, -0.0557, 0.0000
0.0000, 0.2108, 0.0491, -0.2642, 0.0057, -0.0560, 0.0000
0.0000, 0.2121, 0.0494, -0.2659, 0.0058, -0.0564, 0.0000
0.0000, 0.2135, 0.0497, -0.2676, 0.0058, -0.0567, 0.0000
0.0000, 0.2149, 0.0500, -0.2693, 0.0058, -0.0571, -0.0000
0.0000, 0.2162, 0.0503, -0.2710, 0.0059, -0.0575, 0.0000
0.0000, 0.2176, 0.0506, -0.2727, 0.0059, -0.0578, 0.0000
0.0000, 0.2190, 0.0510, -0.2744, 0.0059, -0.0582, 0.0000
0.0000, 0.2204, 0.0513, -0.2761, 0.0060, -0.0586, -0.0000
0.0000, 0.2217, 0.0516, -0.2779, 0.0060, -0.0589, -0.0000
0.0000, 0.2231, 0.0519, -0.2796, 0.0061, -0.0593, 0.0000
0.0000, 0.2245, 0.0522, -0.2814, 0.0061, -0.0597, -0.0000
0.0000, 0.2259, 0.0526, -0.2831, 0.0061, -0.0600, 0.0000
0.0000, 0.2273, 0.0529, -0.2849, 0.0062, -0.0604, 0.0000
0.0000, 0.2287, 0.0532, -0.2866, 0.0062, -0.0608, 0.0000
0.0000, 0.2301, 0.0535, -0.2884, 0.0063, -0.0612, -0.0000
0.0000, 0.2315, 0.0539, -0.2901, 0.0063, -0.0615, -0.0000
0.0000, 0.2329, 0.0542, -0.2919, 0.0063, -0.0619, -0.0000
0.0000, 0.2344, 0.0545, -0.2937, 0.0064, -0.0623, 0.0000
0.0000, 0.2358, 0.0549, -0.2955, 0.0064, -0.0627, -0.0000
0.0000, 0.2372, 0.0552, -0.2973, 0.0064, -0.0630, -0.0000
0.0000, 0.2386, 0.0555, -0.2990, 0.0065, -0.0634, -0.0000
0.0000, 0.2401, 0.0559, -0.3008, 0.0065, -0.0638, -0.0000
0.0000, 0.2415, 0.0562, -0.3026, 0.0066, -0.0642, 0.0000
0.0000, 0.2429, 0.0565, -0.3044, 0.0066, -0.0646, -0.0000
0.0000, 0.2444, 0.0569, -0.3063, 0.0066, -0.0649, -0.0000
0.0000, 0.2458, 0.0572, -0.3081, 0.0067, -0.0653, -0.0000
0.0000, 0.2473, 0.0575, -0.3099, 0.0067, -0.0657, -0.0000
0.0000, 0.2488, 0.0579, -0.3117, 0.0068, -0.0661, -0.0000
0.0000, 0.2502, 0.0582, -0.3136, 0.0068, -0.0665, 0.0000
0.0000, 0.2517, 0.0586, -0.3154, 0.0068, -0.0669, -0.0000
0.0000, 0.2531, 0.0589, -0.3172, 0.0069, -0.0673, -0.0000
0.0000, 0.2546, 0.0592, -0.3191, 0.0069, -0.0677, -0.0000
0.0000, 0.2561, 0.0596, -0.3209, 0.0070, -0.0681, -0.0000
0.0000, 0.2576, 0.0599, -0.3228, 0.0070, -0.0685, 0.0000
0.0000, 0.2591, 0.0603, -0.3247, 0.0070, -0.0688, 0.0000
0.0000, 0.2606, 0.0606, -0.3265, 0.0071, -0.0692, 0.0000
0.0000, 0.2620, 0.0610, -0.3284, 0.0071, -0.0696, 0.0000
0.0000, 0.2635, 0.0613, -0.3303, 0.0072, -0.0700, 0.0000
0.0000, 0.2650, 0.0617, -0.3321, 0.0072, -0.0704, 0.0000
0.0000, 0.2666, 0.0620, -0.3340, 0.0072, -0.0708, 0.0000
0.0000, 0.2681, 0.0624, -0.3359, 0.0073, -0.0712, 0.0000
0.0000, 0.2696, 0.0627, -0.3378, 0.0073, -0.0716, -0.0000
0.0000, 0.2711, 0.0631, -0.3397, 0.0074, -0.0720, -0.0000
0.0000, 0.2726, 0.0634, -0.3416, 0.0074, -0.0724, -0.0000
0.0000, 0.2741, 0.0638, -0.3435, 0.0074, -0.0729, 0.0000
0.0000, 0.2757, 0.0641, -0.3455, 0.0075, -0.0733, -0.0000
0.0000, 0.2772, 0.0645, -0.3474, 0.0075, -0.0737, -0.0000
0.0000, 0.2787, 0.0649, -0.3493, 0.0076, -0.0741, -0.0000
0.0000, 0.2803, 0.0652, -0.3512, 0.0076, -0.0745, -0.0000
0.0000, 0.2818, 0.0656, -0.3532, 0.0077, -0.0749, -0.0000
0.0000, 0.2834, 0.0659, -0.3551, 0.0077, -0.0753, -0.0000
0.0000, 0.2849, 0.0663, -0.3571, 0.0077, -0.0757, 0.0000
0.0000, 0.2865, 0.0667, -0.3590, 0.0078, -0.0761, -0.0000
0.0000, 0.2880, 0.0670, -0.3610, 0.0078, -0.0765, -0.0000
0.0000, 0.2896, 0.0674, -0.3629, 0.0079, -0.0770, -0.0000
0.0000, 0.2912, 0.0678, -0.3649, 0.0079, -0.0774, -0.0000
0.0000, 0.2927, 0.0681, -0.3669, 0.0080, -0.0778, 0.0000
0.0000, 0.2943, 0.0685, -0.3688, 0.0080, -0.0782, -0.0000
0.0000, 0.2959, 0.0689, -0.3708, 0.0080, -0.0786, -0.0000
0.0000, 0.2975, 0.0692, -0.3728, 0.0081, -0.0791, -0.0000
0.0000, 0.2991, 0.0696, -0.3748, 0.0081, -0.0795, -0.0000
0.0000, 0.3007, 0.0700, -0.3768, 0.0082, -0.0799, -0.0000
0.0000, 0.3022, 0.0703, -0.3788, 0.0082, -0.0803, 0.0000
0.0000, 0.3039, 0.0707, -0.3808, 0.0083, -0.0808, -0.0000
0.0000, 0.3055, 0.0711, -0.3828, 0.0083, -0.0812, 0.0000
0.0000, 0.3071, 0.0715, -0.3848, 0.0083, -0.0816, 0.0000
0.0000, 0.3087, 0.0718, -0.3868, 0.0084, -0.0820, -0.0000
0.0000, 0.3103, 0.0722, -0.3888, 0.0084, -0.0825, 0.0000
0.0000, 0.3119, 0.0726, -0.3909, 0.0085, -0.0829, -0.0000
0.0000, 0.3135, 0.0730, -0.3929, 0.0085, -0.0833, 0.0000
0.0000, 0.3151, 0.0733, -0.3949, 0.0086, -0.0838, -0.0000
0.0000, 0.3168, 0.0737, -0.3970, 0.0086, -0.0842, 0.0000
0.0000, 0.3184, 0.0741, -0.3990, 0.0086, -0.0846, 0.0000
0.0000, 0.3200, 0.0745, -0.4011, 0.0087, -0.0851, -0.0000
0.0000, 0.3217, 0.0749, -0.4031, 0.0087, -0.0855, 0.0000
0.0000, 0.3233, 0.0752, -0.4052, 0.0088, -0.0859, 0.0000
0.0000, 0.3250, 0.0756, -0.4073, 0.0088, -0.0864, 0.0000
0.0000, 0.3266, 0.0760, -0.4093, 0.0089, -0.0868, 0.0000
0.0000, 0.3283, 0.0764, -0.4114, 0.0089, -0.0872, 0.0000
0.0000, 0.3299, 0.0768, -0.4135, 0.0090, -0.0877, 0.0000
0.0000, 0.3316, 0.0772, -0.4156, 0.0090, -0.0881, -0.0000
0.0000, 0.3333, 0.0776, -0.4177, 0.0091, -0.0886, -0.0000
0.0000, 0.3349, 0.0779, -0.4197, 0.0091, -0.0890, 0.0000
0.0000, 0.3366, 0.0783, -0.4218, 0.0091, -0.0895, 0.0000
0.0000, 0.3383, 0.0787, -0.4239, 0.0092, -0.0899, 0.0000
0.0000, 0.3400, 0.0791, -0.4261, 0.0092, -0.0904, -0.0000
0.0000, 0.3417, 0.0795, -0.4282, 0.0093, -0.0908, 0.0000
0.0000, 0.3434, 0.0799, -0.4303, 0.0093, -0.0912, 0.0000
0.0000, 0.3451, 0.0803, -0.4324, 0.0094, -0.0917, 0.0000
0.0000, 0.3467, 0.0807, -0.4345, 0.0094, -0.0921, 0.0000
0.0000, 0.3484, 0.0811, -0.4367, 0.0095, -0.0926, -0.0000
0.0000, 0.3502, 0.0815, -0.4388, 0.0095, -0.0931, 0.0000
0.0000, 0.3519, 0.0819, -0.4409, 0.0096, -0.0935, 0.0000
0.0000, 0.3536, 0.0823, -0.4431, 0.0096, -0.0940, 0.0000
0.0000, 0.3553, 0.0827, -0.4452, 0.0097, -0.0944, 0.0000
0.0000, 0.3570, 0.0831, -0.4474, 0.0097, -0.0949, 0.0000
0.0000, 0.3587, 0.0835, -0.4496, 0.0097, -0.0953, 0.0000
0.0000, 0.3605, 0.0839, -0.4517, 0.0098, -0.0958, -0.0000
0.0000, 0.3622, 0.0843, -0.4539, 0.0098, -0.0963, -0.0000
0.0000, 0.3639, 0.0847, -0.4561, 0.0099, -0.0967, -0.0000
0.0000, 0.3657, 0.0851, -0.4582, 0.0099, -0.0972, 0.0000
0.0000, 0.3674, 0.0855, -0.4604, 0.0100, -0.0976, -0.0000
0.0000, 0.3691, 0.0859, -0.4626, 0.0100, -0.0981, -0.0000
0.0000, 0.3709, 0.0863, -0.4648, 0.0101, -0.0986, -0.0000
0.0000, 0.3727, 0.0867, -0.4670, 0.0101, -0.0990, -0.0000
0.0000, 0.3744, 0.0871, -0.4692, 0.0102, -0.0995, 0.0000
0.0000, 0.3762, 0.0875, -0.4714, 0.0102, -0.1000, 0.0000
0.0000, 0.3779, 0.0879, -0.4736, 0.0103, -0.1004, -0.0000
0.0000, 0.3797, 0.0884, -0.4758, 0.0103, -0.1009, 0.0000
0.0000, 0.3815, 0.0888, -0.4780, 0.0104, -0.1014, 0.0000
0.0000, 0.3832, 0.0892, -0.4803, 0.0104, -0.1019, -0.0000
0.0000, 0.3850, 0.0896, -0.4825, 0.0105, -0.1023, -0.0000
0.0000, 0.3868, 0.0900, -0.4847, 0.0105, -0.1028, -0.0000
0.0000, 0.3886, 0.0904, -0.4870, 0.0106, -0.1033, 0.0000
0.0000, 0.3904, 0.0908, -0.4892, 0.0106, -0.1037, 0.0000
0.0000, 0.3922, 0.0913, -0.4915, 0.0107, -0.1042, -0.0000
0.0000, 0.3940, 0.0917, -0.4937, 0.0107, -0.1047, 0.0000
0.0000, 0.3958, 0.0921, -0.4960, 0.0108, -0.1052, 0.0000
0.0000, 0.3976, 0.0925, -0.4982, 0.0108, -0.1057, 0.0000
0.0000, 0.3994, 0.0929, -0.5005, 0.0108, -0.1061, -0.0000
0.0000, 0.4012, 0.0934, -0.5028, 0.0109, -0.1066, 0.0000
0.0000, 0.4030, 0.0938, -0.5050, 0.0109, -0.1071, -0.0000
0.0000, 0.4048, 0.0942, -0.5073, 0.0110, -0.1076, -0.0000
0.0000, 0.4066, 0.0946, -0.5096, 0.0110, -0.1081, -0.0000
0.0000, 0.4085, 0.0951, -0.5119, 0.0111, -0.1086, -0.0000
0.0000, 0.4103, 0.0955, -0.5142, 0.0111, -0.1090, 0.0000
0.0000, 0.4121, 0.0959, -0.5165, 0.0112, -0.1095, -0.0000
0.0000, 0.4140, 0.0963, -0.5188, 0.0112, -0.1100, 0.0000
0.0000, 0.4158, 0.0968, -0.5211, 0.0113, -0.1105, -0.0000
0.0000, 0.4177, 0.0972, -0.5234, 0.0113, -0.1110, -0.0000
0.0000, 0.4195, 0.0976, -0.5257, 0.0114, -0.1115, 0.0000
0.0000, 0.4213, 0.0980, -0.5280, 0.0114, -0.1120, 0.0000
0.0000, 0.4232, 0.0985, -0.5303, 0.0115, -0.1125, -0.0000
0.0000, 0.4251, 0.0989, -0.5327, 0.0115, -0.1130, 0.0000
0.0000, 0.4269, 0.0993, -0.5350, 0.0116, -0.1135, 0.0000
0.0000, 0.4288, 0.0998, -0.5373, 0.0116, -0.1140, -0.0000
0.0000, 0.4307, 0.1002, -0.5397, 0.0117, -0.1144, -0.0000
0.0000, 0.4325, 0.1006, -0.5420, 0.0118, -0.1149, 0.0000
0.0000, 0.4344, 0.1011, -0.5444, 0.0118, -0.1154, 0.0000
0.0000, 0.4363, 0.1015, -0.5467, 0.0119, -0.1159, -0.0000
0.0000, 0.4382, 0.1020, -0.5491, 0.0119, -0.1164, -0.0000
0.0000, 0.4400, 0.1024, -0.5515, 0.0120, -0.1169, 0.0000
0.0000, 0.4419, 0.1028, -0.5538, 0.0120, -0.1174, 0.0000
0.0000, 0.4438, 0.1033, -0.5562, 0.0121, -0.1179, 0.0000
0.0000, 0.4457, 0.1037, -0.5586, 0.0121, -0.1185, 0.0000
0.0000, 0.4476, 0.1042, -0.5609, 0.0122, -0.1190, 0.0000
0.0000, 0.4495, 0.1046, -0.5633, 0.0122, -0.1195, -0.0000
0.0000, 0.4514, 0.1050, -0.5657, 0.0123, -0.1200, -0.0000
0.0000, 0.4533, 0.1055, -0.5681, 0.0123, -0.1205, -0.0000
0.0000, 0.4553, 0.1059, -0.5705, 0.0124, -0.1210, -0.0000
0.0000, 0.4572, 0.1064, -0.5729, 0.0124, -0.1215, -0.0000
0.0000, 0.4591, 0.1068, -0.5753, 0.0125, -0.1220, 0.0000
0.0000, 0.4610, 0.1073, -0.5777, 0.0125, -0.1225, -0.0000
0.0000, 0.4629, 0.1077, -0.5802, 0.0126, -0.1230, -0.0000
0.0000, 0.4649, 0.1082, -0.5826, 0.0126, -0.1235, -0.0000
0.0000, 0.4668, 0.1086, -0.5850, 0.0127, -0.1241, 0.0000
0.0000, 0.4687, 0.1091, -0.5874, 0.0127, -0.1246, 0.0000
0.0000, 0.4707, 0.1095, -0.5899, 0.0128, -0.1251, -0.0000
0.0000, 0.4726, 0.1100, -0.5923, 0.0128, -0.1256, 0.0000
0.0000, 0.4746, 0.1104, -0.5947, 0.0129, -0.1261, -0.0000
0.0000, 0.4765, 0.1109, -0.5972, 0.0129, -0.1266, 0.0000
0.0000, 0.4785, 0.1113, -0.5996, 0.0130, -0.1272, -0.0000
0.0000, 0.4804, 0.1118, -0.6021, 0.0131, -0.1277, 0.0000
0.0000, 0.4824, 0.1123, -0.6045, 0.0131, -0.1282, 0.0000
0.0000, 0.4844, 0.1127, -0.6070, 0.0132, -0.1287, -0.0000
0.0000, 0.4863, 0.1132, -0.6095, 0.0132, -0.1292, 0.0000
0.0000, 0.4883, 0.1136, -0.6119, 0.0133, -0.1298, 0.0000
0.0000, 0.4903, 0.1141, -0.6144, 0.0133, -0.1303, -0.0000
0.0000, 0.4923, 0.1145, -0.6169, 0.0134, -0.1308, -0.0000
0.0000, 0.4942, 0.1150, -0.6194, 0.0134, -0.1313, -0.0000
0.0000, 0.4962, 0.1155, -0.6219, 0.0135, -0.1319, -0.0000
0.0000, 0.4982, 0.1159, -0.6244, 0.0135, -0.1324, -0.0000
0.0000, 0.5002, 0.1164, -0.6268, 0.0136, -0.1329, -0.0000
0.0000, 0.5022, 0.1169, -0.6293, 0.0136, -0.1335, 0.0000
0.0000, 0.5042, 0.1173, -0.6319, 0.0137, -0.1340, -0.0000
0.0000, 0.5062, 0.1178, -0.6344, 0.0137, -0.1345, -0.0000
0.0000, 0.5082, 0.1183, -0.6369, 0.0138, -0.1351, 0.0000
0.0000, 0.5102, 0.1187, -0.6394, 0.0139, -0.1356, -0.0000
0.0000, 0.5122, 0.1192, -0.6419, 0.0139, -0.1361, 0.0000
0.0000, 0.5143, 0.1197, -0.6444, 0.0140, -0.1367, 0.0000
0.0000, 0.5163, 0.1201, -0.6470, 0.0140, -0.1372, -0.0000
0.0000, 0.5183, 0.1206, -0.6495, 0.0141, -0.1377, -0.0000
0.0000, 0.5203, 0.1211, -0.6520, 0.0141, -0.1383, 0.0000
0.0000, 0.5223, 0.1215, -0.6546, 0.0142, -0.1388, -0.0000
0.0000, 0.5244, 0.1220, -0.6571, 0.0142, -0.1394, 0.0000
0.0000, 0.5264, 0.1225, -0.6597, 0.0143, -0.1399, 0.0000
0.0000, 0.5284, 0.1230, -0.6622, 0.0144, -0.1404, 0.0000
0.0000, 0.5305, 0.1234, -0.6648, 0.0144, -0.1410, -0.0000
0.0000, 0.5325, 0.1239, -0.6674, 0.0145, -0.1415, 0.0000
0.0000, 0.5346, 0.1244, -0.6699, 0.0145, -0.1421, 0.0000
0.0000, 0.5366, 0.1249, -0.6725, 0.0146, -0.1426, 0.0000
0.0000, 0.5387, 0.1254, -0.6751, 0.0146, -0.1432, -0.0000
0.0000, 0.5408, 0.1258, -0.6777, 0.0147, -0.1437, 0.0000
0.0000, 0.5428, 0.1263, -0.6802, 0.0147, -0.1443, -0.0000
0.0000, 0.5449, 0.1268, -0.6828, 0.0148, -0.1448, -0.0000
0.0000, 0.5469, 0.1273, -0.6854, 0.0149, -0.1454, 0.0000
0.0000, 0.5490, 0.1278, -0.6880, 0.0149, -0.1459, 0.0000
0.0000, 0.5511, 0.1282, -0.6906, 0.0150, -0.1465, 0.0000
0.0000, 0.5532, 0.1287, -0.6932, 0.0150, -0.1470, 0.0000
0.0000, 0.5553, 0.1292, -0.6958, 0.0151, -0.1476, -0.0000
0.0000, 0.5573, 0.1297, -0.6984, 0.0151, -0.1481, 0.0000
0.0000, 0.5594, 0.1302, -0.7011, 0.0152, -0.1487, 0.0000
0.0000, 0.5615, 0.1307, -0.7037, 0.0153, -0.1492, 0.0000
0.0000, 0.5636, 0.1312, -0.7063, 0.0153, -0.1498, -0.0000
0.0000, 0.5657, 0.1316, -0.7089, 0.0154, -0.1503, 0.0000
0.0000, 0.5678, 0.1321, -0.7116, 0.0154, -0.1509, 0.0000
0.0000, 0.5699, 0.1326, -0.7142, 0.0155, -0.1515, -0.0000
0.0000, 0.5720, 0.1331, -0.7168, 0.0155, -0.1520, 0.0000
0.0000, 0.5741, 0.1336, -0.7195, 0.0156, -0.1526, -0.0000
0.0000, 0.5762, 0.1341, -0.7221, 0.0157, -0.1531, -0.0000
0.0000, 0.5783, 0.1346, -0.7248, 0.0157, -0.1537, 0.0000
0.0000, 0.5805, 0.1351, -0.7274, 0.0158, -0.1543, 0.0000
0.0000, 0.5826, 0.1356, -0.7301, 0.0158, -0.1548, 0.0000
0.0000, 0.5847, 0.1361, -0.7327, 0.0159, -0.1554, 0.0000
0.0000, 0.5868, 0.1366, -0.7354, 0.0159, -0.1560, -0.0000
0.0000, 0.5890, 0.1371, -0.7381, 0.0160, -0.1565, 0.0000
0.0000, 0.5911, 0.1376, -0.7408, 0.0161, -0.1571, -0.0000
0.0000, 0.5932, 0.1380, -0.7434, 0.0161, -0.1577, -0.0000
0.0000, 0.5954, 0.1385, -0.7461, 0.0162, -0.1582, -0.0000
0.0000, 0.5975, 0.1390, -0.7488, 0.0162, -0.1588, 0.0000
0.0000, 0.5997, 0.1395, -0.7515, 0.0163, -0.1594, -0.0000
0.0000, 0.6018, 0.1400, -0.7542, 0.0163, -0.1599, 0.0000
0.0000, 0.6040, 0.1405, -0.7569, 0.0164, -0.1605, -0.0000
0.0000, 0.6061, 0.1410, -0.7596, 0.0165, -0.1611, -0.0000
0.0000, 0.6083, 0.1416, -0.7623, 0.0165, -0.1617, 0.0000
0.0000, 0.6105, 0.1421, -0.7650, 0.0166, -0.1622, -0.0000
0.0000, 0.6126, 0.1426, -0.7677, 0.0166, -0.1628, -0.0000
0.0000, 0.6148, 0.1431, -0.7704, 0.0167, -0.1634, 0.0000
0.0000, 0.6170, 0.1436, -0.7732, 0.0168, -0.1640, -0.0000
0.0000, 0.6191, 0.1441, -0.7759, 0.0168, -0.1645, -0.0000
0.0000, 0.6213, 0.1446, -0.7786, 0.0169, -0.1651, 0.0000
0.0000, 0.6235, 0.1451, -0.7814, 0.0169, -0.1657, -0.0000
0.0000, 0.6257, 0.1456, -0.7841, 0.0170, -0.1663, 0.0000
0.0000, 0.6279, 0.1461, -0.7868, 0.0171, -0.1669, 0.0000
0.0000, 0.6301, 0.1466, -0.7896, 0.0171, -0.1674, 0.0000
0.0000, 0.6323, 0.1471, -0.7923, 0.0172, -0.1680, -0.0000
0.0000, 0.6345, 0.1476, -0.7951, 0.0172, -0.1686, -0.0000
0.0000, 0.6367, 0.1482, -0.7978, 0.0173, -0.1692, -0.0000
0.0000, 0.6389, 0.1487, -0.8006, 0.0174, -0.1698, -0.0000
0.0000, 0.6411, 0.1492, -0.8034, 0.0174, -0.1704, -0.0000
0.0000, 0.6433, 0.1497, -0.8061, 0.0175, -0.1710, 0.0000
0.0000, 0.6455, 0.1502, -0.8089, 0.0175, -0.1715, 0.0000
0.0000, 0.6477, 0.1507, -0.8117, 0.0176, -0.1721, 0.0000
0.0000, 0.6499, 0.1512, -0.8145, 0.0177, -0.1727, -0.0000
0.0000, 0.6521, 0.1518, -0.8172, 0.0177, -0.1733, -0.0000
0.0000, 0.6544, 0.1523, -0.8200, 0.0178, -0.1739, 0.0000
0.0000, 0.6566, 0.1528, -0.8228, 0.0178, -0.1745, 0.0000
0.0000, 0.6588, 0.1533, -0.8256, 0.0179, -0.1751, 0.0000
0.0000, 0.6611, 0.1538, -0.8284, 0.0180, -0.1757, 0.0000
0.0000, 0.6633, 0.1543, -0.8312, 0.0180, -0.1763, -0.0000
0.0000, 0.6655, 0.1549, -0.8340, 0.0181, -0.1769, -0.0000
0.0000, 0.6678, 0.1554, -0.8368, 0.0181, -0.1775, 0.0000
0.0000, 0.6700, 0.1559, -0.8396, 0.0182, -0.1781, 0.0000
0.0000, 0.6723, 0.1564, -0.8425, 0.0183, -0.1787, 0.0000
0.0000, 0.6745, 0.1570, -0.8453, 0.0183, -0.1792, 0.0000
0.0000, 0.6768, 0.1575, -0.8481, 0.0184, -0.1798, 0.0000
0.0000, 0.6790, 0.1580, -0.8509, 0.0184, -0.1805, -0.0000
0.0000, 0.6813, 0.1585, -0.8538, 0.0185, -0.1811, -0.0000
0.0000, 0.6835, 0.1591, -0.8566, 0.0186, -0.1816, 0.0000
0.0000, 0.6858, 0.1596, -0.8594, 0.0186, -0.1823, -0.0000
0.0000, 0.6881, 0.1601, -0.8623, 0.0187, -0.1829, -0.0000
0.0000, 0.6903, 0.1606, -0.8651, 0.0188, -0.1835, 0.0000
0.0000, 0.6926, 0.1612, -0.8680, 0.0188, -0.1841, 0.0000
0.0000, 0.6949, 0.1617, -0.8708, 0.0189, -0.1847, 0.0000
0.0000, 0.6972, 0.1622, -0.8737, 0.0189, -0.1853, -0.0000
0.0000, 0.6995, 0.1628, -0.8765, 0.0190, -0.1859, 0.0000
0.0000, 0.7017, 0.1633, -0.8794, 0.0191, -0.1865, -0.0000
0.0000, 0.7040, 0.1638, -0.8823, 0.0191, -0.1871, 0.0000
0.0000, 0.7063, 0.1644, -0.8851, 0.0192, -0.1877, -0.0000
0.0000, 0.7086, 0.1649, -0.8880, 0.0192, -0.1883, -0.0000
0.0000, 0.7109, 0.1654, -0.8909, 0.0193, -0.1889, 0.0000
0.0000, 0.7132, 0.1660, -0.8938, 0.0194, -0.1895, 0.0000
0.0000, 0.7155, 0.1665, -0.8967, 0.0194, -0.1901, -0.0000
0.0000, 0.7178, 0.1670, -0.8995, 0.0195, -0.1908, -0.0000
0.0000, 0.7201, 0.1676, -0.9024, 0.0196, -0.1914, 0.0000
0.0000, 0.7224, 0.1681, -0.9053, 0.0196, -0.1920, -0.0000
0.0000, 0.7247, 0.1686, -0.9082, 0.0197, -0.1926, -0.0000
0.0000, 0.7271, 0.1692, -0.9111, 0.0197, -0.1932, 0.0000
0.0000, 0.7294, 0.1697, -0.9140, 0.0198, -0.1938, -0.0000
0.0000, 0.7317, 0.1703, -0.9169, 0.0199, -0.1944, -0.0000
0.0000, 0.7340, 0.1708, -0.9199, 0.0199, -0.1951, 0.0000
0.0000, 0.7363, 0.1713, -0.9228, 0.0200, -0.1957, 0.0000
0.0000, 0.7387, 0.1719, -0.9257, 0.0201, -0.1963, 0.0000
0.0000, 0.7410, 0.1724, -0.9286, 0.0201, -0.1969, 0.0000
0.0000, 0.7433, 0.1730, -0.9315, 0.0202, -0.1975, -0.0000
0.0000, 0.7457, 0.1735, -0.9345, 0.0203, -0.1982, 0.0000
0.0000, 0.7480, 0.1741, -0.9374, 0.0203, -0.1988, -0.0000
0.0000, 0.7504, 0.1746, -0.9403, 0.0204, -0.1994, -0.0000
0.0000, 0.7527, 0.1752, -0.9433, 0.0204, -0.2000, 0.0000
0.0000, 0.7551, 0.1757, -0.9462, 0.0205, -0.2007, 0.0000
0.0000, 0.7574, 0.1763, -0.9492, 0.0206, -0.2013, 0.0000
0.0000, 0.7598, 0.1768, -0.9521, 0.0206, -0.2019, 0.0000
0.0000, 0.7621, 0.1773, -0.9551, 0.0207, -0.2025, 0.0000
0.0000, 0.7645, 0.1779, -0.9580, 0.0208, -0.2032, 0.0000
0.0000, 0.7668, 0.1784, -0.9610, 0.0208, -0.2038, 0.0000
0.0000, 0.7692, 0.1790, -0.9640, 0.0209, -0.2044, -0.0000
0.0000, 0.7716, 0.1795, -0.9669, 0.0210, -0.2050, -0.0000
0.0000, 0.7739, 0.1801, -0.9699, 0.0210, -0.2057, -0.0000
0.0000, 0.7763, 0.1807, -0.9729, 0.0211, -0.2063, 0.0000
0.0000, 0.7787, 0.1812, -0.9758, 0.0212, -0.2069, -0.0000
0.0000, 0.7811, 0.1818, -0.9788, 0.0212, -0.2076, 0.0000
0.0000, 0.7835, 0.1823, -0.9818, 0.0213, -0.2082, -0.0000
0.0000, 0.7858, 0.1829, -0.9848, 0.0213, -0.2088, -0.0000
0.0000, 0.7882, 0.1834, -0.9878, 0.0214, -0.2095, -0.0000
0.0000, 0.7906, 0.1840, -0.9908, 0.0215, -0.2101, -0.0000
0.0000, 0.7930, 0.1845, -0.9938, 0.0215, -0.2107, 0.0000
0.0000, 0.7954, 0.1851, -0.9968, 0.0216, -0.2114, -0.0000
0.0000, 0.7978, 0.1856, -0.9998, 0.0217, -0.2120, -0.0000
0.0000, 0.8002, 0.1862, -1.0028, 0.0217, -0.2126, -0.0000
0.0000, 0.8026, 0.1868, -1.0058, 0.0218, -0.2133, 0.0000
0.0000, 0.8050, 0.1873, -1.0088, 0.0219, -0.2139, 0.0000
0.0000, 0.8074, 0.1879, -1.0118, 0.0219, -0.2146, 0.0000
0.0000, 0.8098, 0.1884, -1.0149, 0.0220, -0.2152, -0.0000
0.0000, 0.8122, 0.1890, -1.0179, 0.0221, -0.2158, -0.0000
0.0000, 0.8147, 0.1896, -1.0209, 0.0221, -0.2165, -0.0000
0.0000, 0.8171, 0.1901, -1.0239, 0.0222, -0.2171, 0.0000
0.0000, 0.8195, 0.1907, -1.0270, 0.0223, -0.2178, -0.0000
0.0000, 0.8219, 0.1913, -1.0300, 0.0223, -0.2184, 0.0000
0.0000, 0.8243, 0.1918, -1.0330, 0.0224, -0.2191, 0.0000
0.0000, 0.8268, 0.1924, -1.0361, 0.0225, -0.2197, -0.0000
0.0000, 0.8292, 0.1930, -1.0391, 0.0225, -0.2204, -0.0000
0.0000, 0.8316, 0.1935, -1.0422, 0.0226, -0.2210, -0.0000
0.0000, 0.8341, 0.1941, -1.0452, 0.0227, -0.2217, -0.0000
0.0000, 0.8365, 0.1947, -1.0483, 0.0227, -0.2223, -0.0000
0.0000, 0.8390, 0.1952, -1.0514, 0.0228, -0.2229, 0.0000
0.0000, 0.8414, 0.1958, -1.0544, 0.0229, -0.2236, 0.0000
0.0000, 0.8438, 0.1964, -1.0575, 0.0229, -0.2242, -0.0000
0.0000, 0.8463, 0.1969, -1.0605, 0.0230, -0.2249, -0.0000
0.0000, 0.8487, 0.1975, -1.0636, 0.0231, -0.2255, 0.0000
0.0000, 0.8512, 0.1981, -1.0667, 0.0231, -0.2262, -0.0000
0.0000, 0.8536, 0.1986, -1.0698, 0.0232, -0.2268, -0.0000
0.0000, 0.8561, 0.1992, -1.0729, 0.0233, -0.2275, 0.0000
0.0000, 0.8586, 0.1998, -1.0759, 0.0233, -0.2282, 0.0000
0.0000, 0.8610, 0.2004, -1.0790, 0.0234, -0.2288, 0.0000
0.0000, 0.8635, 0.2009, -1.0821, 0.0235, -0.2295, -0.0000
0.0000, 0.8660, 0.2015, -1.0852, 0.0235, -0.2301, -0.0000
0.0000, 0.8684, 0.2021, -1.0883, 0.0236, -0.2308, 0.0000
0.0000, 0.8709, 0.2027, -1.0914, 0.0237, -0.2314, -0.0000
0.0000, 0.8734, 0.2032, -1.0945, 0.0237, -0.2321, 0.0000
0.0000, 0.8759, 0.2038, -1.0976, 0.0238, -0.2327, -0.0000
0.0000, 0.8783, 0.2044, -1.1007, 0.0239, -0.2334, 0.0000
0.0000, 0.8808, 0.2050, -1.1038, 0.0239, -0.2341, 0.0000
0.0000, 0.8833, 0.2055, -1.1069, 0.0240, -0.2347, 0.0000
0.0000, 0.8858, 0.2061, -1.1100, 0.0241, -0.2354, -0.0000
0.0000, 0.8883, 0.2067, -1.1132, 0.0241, -0.2360, -0.0000
0.0000, 0.8908, 0.2073, -1.1163, 0.0242, -0.2367, -0.0000
0.0000, 0.8933, 0.2079, -1.1194, 0.0243, -0.2374, 0.0000
0.0000, 0.8958, 0.2084, -1.1225, 0.0243, -0.2380, -0.0000
0.0000, 0.8983, 0.2090, -1.1257, 0.0244, -0.2387, 0.0000
0.0000, 0.9008, 0.2096, -1.1288, 0.0245, -0.2394, -0.0000
0.0000, 0.9033, 0.2102, -1.1320, 0.0245, -0.2400, -0.0000
0.0000, 0.9058, 0.2108, -1.1351, 0.0246, -0.2407, -0.0000
0.0000, 0.9083, 0.2114, -1.1382, 0.0247, -0.2414, -0.0000
0.0000, 0.9108, 0.2119, -1.1414, 0.0247, -0.2420, -0.0000
0.0000, 0.9133, 0.2125, -1.1445, 0.0248, -0.2427, 0.0000
0.0000, 0.9158, 0.2131, -1.1477, 0.0249, -0.2434, -0.0000
0.0000, 0.9184, 0.2137, -1.1509, 0.0249, -0.2440, 0.0000
0.0000, 0.9209, 0.2143, -1.1540, 0.0250, -0.2447, 0.0000
0.0000, 0.9234, 0.2149, -1.1572, 0.0251, -0.2454, 0.0000
0.0000, 0.9259, 0.2155, -1.1603, 0.0252, -0.2460, -0.0000
0.0000, 0.9284, 0.2160, -1.1635, 0.0252, -0.2467, -0.0000
0.0000, 0.9310, 0.2166, -1.1667, 0.0253, -0.2474, -0.0000
0.0000, 0.9335, 0.2172, -1.1698, 0.0254, -0.2481, -0.0000
0.0000, 0.9360, 0.2178, -1.1730, 0.0254, -0.2487, -0.0000
0.0000, 0.9386, 0.2184, -1.1762, 0.0255, -0.2494, -0.0000
0.0000, 0.9411, 0.2190, -1.1794, 0.0256, -0.2501, -0.0000
0.0000, 0.9437, 0.2196, -1.1826, 0.0256, -0.2507, -0.0000
0.0000, 0.9462, 0.2202, -1.1858, 0.0257, -0.2514, 0.0000
0.0000, 0.9487, 0.2208, -1.1889, 0.0258, -0.2521, 0.0000
0.0000, 0.9513, 0.2214, -1.1921, 0.0258, -0.2528, 0.0000
0.0000, 0.9538, 0.2220, -1.1953, 0.0259, -0.2534, 0.0000
0.0000, 0.9564, 0.2226, -1.1985, 0.0260, -0.2541, -0.0000
0.0000, 0.9589, 0.2231, -1.2017, 0.0261, -0.2548, -0.0000
0.0000, 0.9615, 0.2237, -1.2049, 0.0261, -0.2555, -0.0000
0.0000, 0.9641, 0.2243, -1.2081, 0.0262, -0.2562, -0.0000
0.0000, 0.9666, 0.2249, -1.2113, 0.0263, -0.2568, 0.0000
0.0000, 0.9692, 0.2255, -1.2146, 0.0263, -0.2575, -0.0000
0.0000, 0.9717, 0.2261, -1.2178, 0.0264, -0.2582, -0.0000
0.0000, 0.9743, 0.2267, -1.2210, 0.0265, -0.2589, 0.0000
0.0000, 0.9769, 0.2273, -1.2242, 0.0265, -0.2596, -0.0000
0.0000, 0.9795, 0.2279, -1.2274, 0.0266, -0.2602, 0.0000
0.0000, 0.9820, 0.2285, -1.2307, 0.0267, -0.2609, 0.0000
0.0000, 0.9846, 0.2291, -1.2339, 0.0267, -0.2616, -0.0000
0.0000, 0.9872, 0.2297, -1.2371, 0.0268, -0.2623, -0.0000
0.0000, 0.9898, 0.2303, -1.2403, 0.0269, -0.2630, -0.0000
0.0000, 0.9923, 0.2309, -1.2436, 0.0270, -0.2637, 0.0000
0.0000, 0.9949, 0.2315, -1.2468, 0.0270, -0.2643, 0.0000
0.0000, 0.9975, 0.2321, -1.2501, 0.0271, -0.2650, 0.0000
0.0000, 1.0001, 0.2327, -1.2533, 0.0272, -0.2657, -0.0000
0.0000, 1.0027, 0.2333, -1.2565, 0.0272, -0.2664, 0.0000
0.0000, 1.0053, 0.2339, -1.2598, 0.0273, -0.2671, 0.0000
0.0000, 1.0079, 0.2345, -1.2631, 0.0274, -0.2678, -0.0000
0.0000, 1.0105, 0.2351, -1.2663, 0.0275, -0.2685, 0.0000
0.0000, 1.0131, 0.2357, -1.2696, 0.0275, -0.2692, 0.0000
0.0000, 1.0157, 0.2363, -1.2728, 0.0276, -0.2699, 0.0000
0.0000, 1.0183, 0.2369, -1.2761, 0.0277, -0.2705, -0.0000
0.0000, 1.0209, 0.2376, -1.2793, 0.0277, -0.2712, 0.0000
0.0000, 1.0235, 0.2382, -1.2826, 0.0278, -0.2719, 0.0000
0.0000, 1.0261, 0.2388, -1.2859, 0.0279, -0.2726, -0.0000
0.0000, 1.0287, 0.2394, -1.2892, 0.0279, -0.2733, -0.0000
0.0000, 1.0313, 0.2400, -1.2924, 0.0280, -0.2740, -0.0000
0.0000, 1.0339, 0.2406, -1.2957, 0.0281, -0.2747, -0.0000
0.0000, 1.0365, 0.2412, -1.2990, 0.0282, -0.2754, -0.0000
0.0000, 1.0392, 0.2418, -1.3023, 0.0282, -0.2761, -0.0000
0.0000, 1.0418, 0.2424, -1.3055, 0.0283, -0.2768, 0.0000
0.0000, 1.0444, 0.2430, -1.3088, 0.0284, -0.2775, -0.0000
0.0000, 1.0470, 0.2436, -1.3121, 0.0284, -0.2781, -0.0000
0.0000, 1.0497, 0.2442, -1.3154, 0.0285, -0.2789, 0.0000
0.0000, 1.0523, 0.2449, -1.3187, 0.0286, -0.2795, 0.0000
0.0000, 1.0549, 0.2455, -1.3220, 0.0287, -0.2802, 0.0000
0.0000, 1.0575, 0.2461, -1.3253, 0.0287, -0.2809, -0.0000
0.0000, 1.0602, 0.2467, -1.3286, 0.0288, -0.2816, 0.0000
0.0000, 1.0628, 0.2473, -1.3319, 0.0289, -0.2823, 0.0000
0.0000, 1.0654, 0.2479, -1.3352, 0.0289, -0.2830, 0.0000
0.0000, 1.0681, 0.2485, -1.3385, 0.0290, -0.2837, 0.0000
0.0000, 1.0707, 0.2491, -1.3418, 0.0291, -0.2844, 0.0000
0.0000, 1.0734, 0.2498, -1.3451, 0.0292, -0.2851, 0.0000
0.0000, 1.0760, 0.2504, -1.3484, 0.0292, -0.2858, 0.0000
0.0000, 1.0787, 0.2510, -1.3518, 0.0293, -0.2865, 0.0000
0.0000, 1.0813, 0.2516, -1.3551, 0.0294, -0.2872, -0.0000
0.0000, 1.0839, 0.2522, -1.3584, 0.0295, -0.2879, 0.0000
0.0000, 1.0866, 0.2528, -1.3617, 0.0295, -0.2886, -0.0000
0.0000, 1.0892, 0.2535, -1.3650, 0.0296, -0.2893, -0.0000
0.0000, 1.0919, 0.2541, -1.3684, 0.0297, -0.2900, 0.0000
0.0000, 1.0945, 0.2547, -1.3717, 0.0297, -0.2907, -0.0000
0.0000, 1.0972, 0.2553, -1.3750, 0.0298, -0.2914, 0.0000
0.0000, 1.0999, 0.2559, -1.3783, 0.0299, -0.2921, 0.0000
0.0000, 1.1025, 0.2565, -1.3817, 0.0300, -0.2928, -0.0000
0.0000, 1.1052, 0.2572, -1.3850, 0.0300, -0.2935, 0.0000
0.0000, 1.1078, 0.2578, -1.3883, 0.0301, -0.2942, 0.0000
0.0000, 1.1105, 0.2584, -1.3917, 0.0302, -0.2949, 0.0000
0.0000, 1.1132, 0.2590, -1.3950, 0.0303, -0.2956, -0.0000
0.0000, 1.1158, 0.2596, -1.3984, 0.0303, -0.2963, -0.0000
0.0000, 1.1185, 0.2603, -1.4017, 0.0304, -0.2970, 0.0000
0.0000, 1.1212, 0.2609, -1.4051, 0.0305, -0.2977, 0.0000
0.0000, 1.1238, 0.2615, -1.4084, 0.0306, -0.2984, -0.0000
0.0000, 1.1265, 0.2621, -1.4117, 0.0306, -0.2991, -0.0000
0.0000, 1.1292, 0.2627, -1.4151, 0.0307, -0.2998, 0.0000
0.0000, 1.1319, 0.2634, -1.4185, 0.0308, -0.3005, 0.0000
0.0000, 1.1345, 0.2640, -1.4218, 0.0308, -0.3012, 0.0000
0.0000, 1.1372, 0.2646, -1.4252, 0.0309, -0.3019, 0.0000
0.0000, 1.1399, 0.2652, -1.4285, 0.0310, -0.3026, 0.0000
0.0000, 1.1426, 0.2658, -1.4319, 0.0311, -0.3033, -0.0000
0.0000, 1.1453, 0.2665, -1.4353, 0.0311, -0.3040, -0.0000
0.0000, 1.1480, 0.2671, -1.4386, 0.0312, -0.3047, -0.0000
0.0000, 1.1506, 0.2677, -1.4420, 0.0313, -0.3054, -0.0000
0.0000, 1.1533, 0.2683, -1.4454, 0.0314, -0.3062, 0.0000
0.0000, 1.1560, 0.2690, -1.4487, 0.0314, -0.3069, -0.0000
0.0000, 1.1587, 0.2696, -1.4521, 0.0315, -0.3076, 0.0000
0.0000, 1.1614, 0.2702, -1.4555, 0.0316, -0.3083, -0.0000
0.0000, 1.1641, 0.2708, -1.4589, 0.0317, -0.3090, 0.0000
0.0000, 1.1668, 0.2715, -1.4622, 0.0317, -0.3097, -0.0000
0.0000, 1.1695, 0.2721, -1.4656, 0.0318, -0.3104, 0.0000
0.0000, 1.1722, 0.2727, -1.4690, 0.0319, -0.3111, 0.0000
0.0000, 1.1749, 0.2734, -1.4724, 0.0320, -0.3118, -0.0000
0.0000, 1.1776, 0.2740, -1.4758, 0.0320, -0.3125, -0.0000
0.0000, 1.1803, 0.2746, -1.4792, 0.0321, -0.3132, -0.0000
0.0000, 1.1830, 0.2752, -1.4825, 0.0322, -0.3139, 0.0000
0.0000, 1.1857, 0.2759, -1.4859, 0.0323, -0.3146, 0.0000
0.0000, 1.1884, 0.2765, -1.4893, 0.0323, -0.3153, -0.0000
0.0000, 1.1911, 0.2771, -1.4927, 0.0324, -0.3160, 0.0000
0.0000, 1.1938, 0.2777, -1.4961, 0.0325, -0.3167, 0.0000
0.0000, 1.1965, 0.2784, -1.4995, 0.0326, -0.3174, 0.0000
0.0000, 1.1992, 0.2790, -1.5029, 0.0326, -0.3181, 0.0000
0.0000, 1.2019, 0.2796, -1.5063, 0.0327, -0.3188, -0.0000
0.0000, 1.2046, 0.2803, -1.5097, 0.0328, -0.3195, 0.0000
0.0000, 1.2074, 0.2809, -1.5131, 0.0329, -0.3203, -0.0000
0.0000, 1.2101, 0.2815, -1.5165, 0.0329, -0.3210, -0.0000
0.0000, 1.2128, 0.2822, -1.5199, 0.0330, -0.3217, -0.0000
0.0000, 1.2155, 0.2828, -1.5233, 0.0331, -0.3224, -0.0000
0.0000, 1.2182, 0.2834, -1.5267, 0.0332, -0.3231, -0.0000
0.0000, 1.2209, 0.2840, -1.5302, 0.0332, -0.3238, 0.0000
0.0000, 1.2237, 0.2847, -1.5336, 0.0333, -0.3245, -0.0000
0.0000, 1.2264, 0.2853, -1.5370, 0.0334, -0.3252, 0.0000
0.0000, 1.2291, 0.2859, -1.5404, 0.0335, -0.3259, 0.0000
0.0000, 1.2319, 0.2866, -1.5438, 0.0335, -0.3266, 0.0000
0.0000, 1.2346, 0.2872, -1.5472, 0.0336, -0.3273, 0.0000
0.0000, 1.2373, 0.2878, -1.5506, 0.0337, -0.3280, -0.0000
0.0000, 1.2400, 0.2885, -1.5541, 0.0338, -0.3287, -0.0000
0.0000, 1.2428, 0.2891, -1.5575, 0.0339, -0.3294, 0.0000
0.0000, 1.2455, 0.2897, -1.5609, 0.0339, -0.3302, 0.0000
0.0000, 1.2482, 0.2904, -1.5644, 0.0340, -0.3309, -0.0000
0.0000, 1.2510, 0.2910, -1.5678, 0.0341, -0.3316, 0.0000
0.0000, 1.2537, 0.2916, -1.5712, 0.0342, -0.3323, 0.0000
0.0000, 1.2564, 0.2923, -1.5746, 0.0342, -0.3330, 0.0000
0.0000, 1.2592, 0.2929, -1.5781, 0.0343, -0.3337, 0.0000
0.0000, 1.2619, 0.2935, -1.5815, 0.0344, -0.3344, -0.0000
0.0000, 1.2646, 0.2942, -1.5849, 0.0345, -0.3351, 0.0000
0.0000, 1.2674, 0.2948, -1.5884, 0.0345, -0.3358, 0.0000
0.0000, 1.2701, 0.2954, -1.5918, 0.0346, -0.3365, -0.0000
0.0000, 1.2728, 0.2961, -1.5952, 0.0347, -0.3372, -0.0000
0.0000, 1.2756, 0.2967, -1.5987, 0.0348, -0.3379, -0.0000
0.0000, 1.2783, 0.2974, -1.6021, 0.0349, -0.3386, 0.0000
0.0000, 1.2810, 0.2980, -1.6055, 0.0349, -0.3393, -0.0000
0.0000, 1.2838, 0.2986, -1.6090, 0.0350, -0.3400, -0.0000
0.0000, 1.2865, 0.2993, -1.6124, 0.0351, -0.3407, 0.0000
0.0000, 1.2893, 0.2999, -1.6158, 0.0352, -0.3414, 0.0000
0.0000, 1.2920, 0.3005, -1.6193, 0.0352, -0.3421, 0.0000
0.0000, 1.2948, 0.3012, -1.6227, 0.0353, -0.3428, -0.0000
0.0000, 1.2975, 0.3018, -1.6262, 0.0354, -0.3435, -0.0000
0.0000, 1.3002, 0.3024, -1.6296, 0.0355, -0.3442, -0.0000
0.0000, 1.3030, 0.3031, -1.6331, 0.0356, -0.3449, 0.0000
0.0000, 1.3057, 0.3037, -1.6365, 0.0356, -0.3456, -0.0000
0.0000, 1.3085, 0.3043, -1.6400, 0.0357, -0.3463, -0.0000
0.0000, 1.3112, 0.3050, -1.6434, 0.0358, -0.3470, 0.0000
0.0000, 1.3140, 0.3056, -1.6468, 0.0359, -0.3477, 0.0000
0.0000, 1.3167, 0.3062, -1.6503, 0.0360, -0.3484, -0.0000
0.0000, 1.3195, 0.3069, -1.6537, 0.0360, -0.3491, -0.0000
0.0000, 1.3222, 0.3075, -1.6572, 0.0361, -0.3498, -0.0000
0.0000, 1.3249, 0.3082, -1.6606, 0.0362, -0.3505, -0.0000
0.0000, 1.3277, 0.3088, -1.6640, 0.0363, -0.3511, 0.0000
0.0000, 1.3304, 0.3094, -1.6675, 0.0363, -0.3518, -0.0000
0.0000, 1.3331, 0.3101, -1.6709, 0.0364, -0.3525, 0.0000
0.0000, 1.3358, 0.3107, -1.6743, 0.0365, -0.3531, 0.0000
0.0000, 1.3386, 0.3113, -1.6778, 0.0366, -0.3538, 0.0000
0.0000, 1.3413, 0.3120, -1.6812, 0.0367, -0.3545, -0.0000
0.0000, 1.3440, 0.3126, -1.6846, 0.0367, -0.3551, -0.0000
0.0000, 1.3467, 0.3132, -1.6880, 0.0368, -0.3558, 0.0000
0.0000, 1.3495, 0.3139, -1.6915, 0.0369, -0.3565, -0.0000
0.0000, 1.3522, 0.3145, -1.6949, 0.0370, -0.3571, -0.0000
0.0000, 1.3549, 0.3151, -1.6983, 0.0371, -0.3578, 0.0000
0.0000, 1.3577, 0.3158, -1.7018, 0.0371, -0.3584, 0.0000
0.0000, 1.3604, 0.3164, -1.7052, 0.0372, -0.3591, -0.0000
0.0000, 1.3631, 0.3170, -1.7086, 0.0373, -0.3598, -0.0000
0.0000, 1.3659, 0.3177, -1.7121, 0.0374, -0.3605, -0.0000
0.0000, 1.3686, 0.3183, -1.7155, 0.0375, -0.3611, -0.0000
0.0000, 1.3713, 0.3189, -1.7190, 0.0375, -0.3618, -0.0000
0.0000, 1.3741, 0.3196, -1.7224, 0.0376, -0.3624, -0.0000
0.0000, 1.3768, 0.3202, -1.7258, 0.0377, -0.3631, 0.0000
0.0000, 1.3795, 0.3208, -1.7293, 0.0378, -0.3638, 0.0000
0.0000, 1.3823, 0.3215, -1.7327, 0.0379, -0.3645, 0.0000
0.0000, 1.3850, 0.3221, -1.7362, 0.0379, -0.3651, -0.0000
0.0000, 1.3878, 0.3227, -1.7396, 0.0380, -0.3658, -0.0000
0.0000, 1.3905, 0.3234, -1.7431, 0.0381, -0.3665, -0.0000
0.0000, 1.3933, 0.3240, -1.7465, 0.0382, -0.3671, -0.0000
0.0000, 1.3960, 0.3247, -1.7500, 0.0383, -0.3678, -0.0000
0.0000, 1.3988, 0.3253, -1.7534, 0.0384, -0.3685, 0.0000
0.0000, 1.4015, 0.3259, -1.7569, 0.0384, -0.3691, 0.0000
0.0000, 1.4043, 0.3266, -1.7604, 0.0385, -0.3698, -0.0000
0.0000, 1.4070, 0.3272, -1.7638, 0.0386, -0.3705, -0.0000
0.0000, 1.4098, 0.3278, -1.7673, 0.0387, -0.3712, -0.0000
0.0000, 1.4125, 0.3285, -1.7707, 0.0388, -0.3718, -0.0000
0.0000, 1.4153, 0.3291, -1.7742, 0.0388, -0.3725, -0.0000
0.0000, 1.4180, 0.3297, -1.7776, 0.0389, -0.3732, 0.0000
0.0000, 1.4208, 0.3304, -1.7811, 0.0390, -0.3738, -0.0000
0.0000, 1.4235, 0.3310, -1.7846, 0.0391, -0.3745, 0.0000
0.0000, 1.4263, 0.3316, -1.7880, 0.0392, -0.3752, -0.0000
0.0000, 1.4290, 0.3323, -1.7915, 0.0393, -0.3759, 0.0000
0.0000, 1.4318, 0.3329, -1.7950, 0.0393, -0.3765, 0.0000
0.0000, 1.4345, 0.3336, -1.7984, 0.0394, -0.3772, 0.0000
0.0000, 1.4373, 0.3342, -1.8019, 0.0395, -0.3779, -0.0000
0.0000, 1.4401, 0.3348, -1.8053, 0.0396, -0.3785, 0.0000
0.0000, 1.4428, 0.3355, -1.8088, 0.0397, -0.3792, 0.0000
0.0000, 1.4456, 0.3361, -1.8123, 0.0398, -0.3799, -0.0000
0.0000, 1.4483, 0.3367, -1.8157, 0.0398, -0.3805, -0.0000
0.0000, 1.4511, 0.3374, -1.8192, 0.0399, -0.3812, -0.0000
0.0000, 1.4538, 0.3380, -1.8227, 0.0400, -0.3819, -0.0000
0.0000, 1.4566, 0.3386, -1.8261, 0.0401, -0.3825, 0.0000
0.0000, 1.4594, 0.3393, -1.8296, 0.0402, -0.3832, 0.0000
0.0000, 1.4621, 0.3399, -1.8331, 0.0403, -0.3839, -0.0000
0.0000, 1.4649, 0.3405, -1.8365, 0.0403, -0.3845, 0.0000
0.0000, 1.4676, 0.3412, -1.8400, 0.0404, -0.3852, 0.0000
0.0000, 1.4704, 0.3418, -1.8435, 0.0405, -0.3859, 0.0000
0.0000, 1.4732, 0.3425, -1.8469, 0.0406, -0.3865, -0.0000
0.0000, 1.4759, 0.3431, -1.8504, 0.0407, -0.3872, -0.0000
0.0000, 1.4787, 0.3437, -1.8539, 0.0408, -0.3879, -0.0000
0.0000, 1.4814, 0.3444, -1.8573, 0.0408, -0.3885, -0.0000
0.0000, 1.4842, 0.3450, -1.8608, 0.0409, -0.3892, -0.0000
0.0000, 1.4870, 0.3456, -1.8643, 0.0410, -0.3898, -0.0000
0.0000, 1.4897, 0.3463, -1.8677, 0.0411, -0.3905, -0.0000
0.0000, 1.4925, 0.3469, -1.8712, 0.0412, -0.3911, 0.0000
0.0000, 1.4952, 0.3475, -1.8747, 0.0413, -0.3918, 0.0000
0.0000, 1.4980, 0.3482, -1.8781, 0.0413, -0.3925, -0.0000
0.0000, 1.5007, 0.3488, -1.8816, 0.0414, -0.3931, 0.0000
0.0000, 1.5035, 0.3494, -1.8851, 0.0415, -0.3938, 0.0000
0.0000, 1.5062, 0.3501, -1.8885, 0.0416, -0.3944, -0.0000
0.0000, 1.5090, 0.3507, -1.8920, 0.0417, -0.3951, 0.0000
0.0000, 1.5118, 0.3513, -1.8954, 0.0418, -0.3957, -0.0000
0.0000, 1.5145, 0.3519, -1.8989, 0.0418, -0.3964, 0.0000
0.0000, 1.5173, 0.3526, -1.9024, 0.0419, -0.3970, -0.0000
0.0000, 1.5200, 0.3532, -1.9059, 0.0420, -0.3977, 0.0000
0.0000, 1.5228, 0.3538, -1.9093, 0.0421, -0.3983, -0.0000
0.0000, 1.5255, 0.3545, -1.9128, 0.0422, -0.3990, -0.0000
0.0000, 1.5283, 0.3551, -1.9162, 0.0423, -0.3996, -0.0000
0.0000, 1.5310, 0.3557, -1.9197, 0.0424, -0.4003, 0.0000
0.0000, 1.5338, 0.3564, -1.9231, 0.0424, -0.4009, 0.0000
0.0000, 1.5365, 0.3570, -1.9266, 0.0425, -0.4015, 0.0000
0.0000, 1.5393, 0.3576, -1.9301, 0.0426, -0.4022, -0.0000
0.0000, 1.5420, 0.3582, -1.9335, 0.0427, -0.4028, -0.0000
0.0000, 1.5448, 0.3589, -1.9370, 0.0428, -0.4035, -0.0000
0.0000, 1.5475, 0.3595, -1.9404, 0.0429, -0.4041, 0.0000
0.0000, 1.5503, 0.3601, -1.9439, 0.0429, -0.4047, -0.0000
0.0000, 1.5530, 0.3608, -1.9473, 0.0430, -0.4054, -0.0000
0.0000, 1.5558, 0.3614, -1.9508, 0.0431, -0.4060, -0.0000
0.0000, 1.5585, 0.3620, -1.9542, 0.0432, -0.4066, -0.0000
0.0000, 1.5613, 0.3626, -1.9577, 0.0433, -0.4073, -0.0000
0.0000, 1.5640, 0.3633, -1.9611, 0.0434, -0.4079, -0.0000
0.0000, 1.5668, 0.3639, -1.9646, 0.0435, -0.4085, 0.0000
0.0000, 1.5695, 0.3645, -1.9680, 0.0435, -0.4092, -0.0000
0.0000, 1.5723, 0.3652, -1.9715, 0.0436, -0.4098, 0.0000
0.0000, 1.5750, 0.3658, -1.9749, 0.0437, -0.4104, -0.0000
0.0000, 1.5777, 0.3664, -1.9784, 0.0438, -0.4110, -0.0000
0.0000, 1.5805, 0.3670, -1.9818, 0.0439, -0.4116, 0.0000
0.0000, 1.5832, 0.3676, -1.9852, 0.0440, -0.4123, 0.0000
0.0000, 1.5859, 0.3683, -1.9887, 0.0441, -0.4129, -0.0000
0.0000, 1.5887, 0.3689, -1.9921, 0.0442, -0.4135, 0.0000
0.0000, 1.5914, 0.3695, -1.9956, 0.0442, -0.4141, 0.0000
0.0000, 1.5941, 0.3701, -1.9990, 0.0443, -0.4147, -0.0000
0.0000, 1.5969, 0.3708, -2.0025, 0.0444, -0.4153, -0.0000
0.0000, 1.5996, 0.3714, -2.0059, 0.0445, -0.4160, -0.0000
0.0000, 1.6024, 0.3720, -2.0093, 0.0446, -0.4166, -0.0000
0.0000, 1.6051, 0.3726, -2.0128, 0.0447, -0.4172, -0.0000
0.0000, 1.6078, 0.3732, -2.0162, 0.0448, -0.4178, 0.0000
0.0000, 1.6105, 0.3739, -2.0196, 0.0448, -0.4184, 0.0000
0.0000, 1.6133, 0.3745, -2.0231, 0.0449, -0.4190, 0.0000
0.0000, 1.6160, 0.3751, -2.0265, 0.0450, -0.4196, 0.0000
0.0000, 1.6187, 0.3757, -2.0299, 0.0451, -0.4202, -0.0000
0.0000, 1.6214, 0.3763, -2.0333, 0.0452, -0.4208, 0.0000
0.0000, 1.6242, 0.3770, -2.0368, 0.0453, -0.4214, -0.0000
0.0000, 1.6269, 0.3776, -2.0402, 0.0454, -0.4220, -0.0000
0.0000, 1.6296, 0.3782, -2.0436, 0.0455, -0.4226, -0.0000
0.0000, 1.6323, 0.3788, -2.0470, 0.0456, -0.4232, 0.0000
0.0000, 1.6350, 0.3794, -2.0504, 0.0456, -0.4238, -0.0000
0.0000, 1.6377, 0.3800, -2.0539, 0.0457, -0.4244, -0.0000
0.0000, 1.6405, 0.3807, -2.0573, 0.0458, -0.4249, 0.0000
0.0000, 1.6432, 0.3813, -2.0607, 0.0459, -0.4255, -0.0000
0.0000, 1.6459, 0.3819, -2.0641, 0.0460, -0.4261, -0.0000
0.0000, 1.6486, 0.3825, -2.0675, 0.0461, -0.4267, 0.0000
0.0000, 1.6513, 0.3831, -2.0709, 0.0462, -0.4273, -0.0000
0.0000, 1.6540, 0.3837, -2.0743, 0.0463, -0.4279, -0.0000
0.0000, 1.6567, 0.3843, -2.0777, 0.0463, -0.4284, 0.0000
0.0000, 1.6594, 0.3850, -2.0812, 0.0464, -0.4290, -0.0000
0.0000, 1.6621, 0.3856, -2.0845, 0.0465, -0.4296, 0.0000
0.0000, 1.6648, 0.3862, -2.0879, 0.0466, -0.4302, -0.0000
0.0000, 1.6675, 0.3868, -2.0913, 0.0467, -0.4307, 0.0000
0.0000, 1.6702, 0.3874, -2.0947, 0.0468, -0.4313, 0.0000
0.0000, 1.6729, 0.3880, -2.0981, 0.0469, -0.4319, -0.0000
0.0000, 1.6756, 0.3886, -2.1015, 0.0470, -0.4324, -0.0000
0.0000, 1.6783, 0.3892, -2.1049, 0.0471, -0.4330, -0.0000
0.0000, 1.6810, 0.3898, -2.1083, 0.0471, -0.4336, 0.0000
0.0000, 1.6837, 0.3904, -2.1117, 0.0472, -0.4341, 0.0000
0.0000, 1.6864, 0.3910, -2.1151, 0.0473, -0.4347, -0.0000
0.0000, 1.6891, 0.3917, -2.1185, 0.0474, -0.4353, 0.0000
0.0000, 1.6918, 0.3923, -2.1219, 0.0475, -0.4358, -0.0000
0.0000, 1.6944, 0.3929, -2.1252, 0.0476, -0.4363, 0.0000
0.0000, 1.6971, 0.3935, -2.1286, 0.0477, -0.4369, -0.0000
0.0000, 1.6998, 0.3941, -2.1320, 0.0478, -0.4374, 0.0000
0.0000, 1.7025, 0.3947, -2.1354, 0.0479, -0.4380, 0.0000
0.0000, 1.7052, 0.3953, -2.1387, 0.0479, -0.4385, -0.0000
0.0000, 1.7078, 0.3959, -2.1421, 0.0480, -0.4391, -0.0000
0.0000, 1.7105, 0.3965, -2.1455, 0.0481, -0.4396, -0.0000
0.0000, 1.7132, 0.3971, -2.1488, 0.0482, -0.4402, 0.0000
0.0000, 1.7159, 0.3977, -2.1522, 0.0483, -0.4407, -0.0000
0.0000, 1.7185, 0.3983, -2.1556, 0.0484, -0.4412, -0.0000
0.0000, 1.7212, 0.3989, -2.1589, 0.0485, -0.4418, 0.0000
0.0000, 1.7239, 0.3995, -2.1623, 0.0486, -0.4423, 0.0000
0.0000, 1.7265, 0.4001, -2.1656, 0.0487, -0.4428, 0.0000
0.0000, 1.7292, 0.4007, -2.1690, 0.0488, -0.4434, -0.0000
0.0000, 1.7319, 0.4013, -2.1723, 0.0489, -0.4439, -0.0000
0.0000, 1.7345, 0.4019, -2.1757, 0.0489, -0.4444, -0.0000
0.0000, 1.7372, 0.4025, -2.1790, 0.0490, -0.4449, 0.0000
0.0000, 1.7398, 0.4030, -2.1824, 0.0491, -0.4454, -0.0000
0.0000, 1.7425, 0.4036, -2.1857, 0.0492, -0.4460, -0.0000
0.0000, 1.7451, 0.4042, -2.1890, 0.0493, -0.4465, -0.0000
0.0000, 1.7478, 0.4048, -2.1924, 0.0494, -0.4470, -0.0000
0.0000, 1.7504, 0.4054, -2.1957, 0.0495, -0.4475, -0.0000
0.0000, 1.7531, 0.4060, -2.1991, 0.0496, -0.4480, 0.0000
0.0000, 1.7557, 0.4066, -2.2024, 0.0497, -0.4485, -0.0000
0.0000, 1.7583, 0.4072, -2.2057, 0.0498, -0.4490, 0.0000
0.0000, 1.7610, 0.4078, -2.2090, 0.0499, -0.4495, 0.0000
0.0000, 1.7636, 0.4084, -2.2123, 0.0500, -0.4500, -0.0000
0.0000, 1.7662, 0.4089, -2.2157, 0.0500, -0.4505, -0.0000
0.0000, 1.7689, 0.4095, -2.2190, 0.0501, -0.4510, -0.0000
0.0000, 1.7715, 0.4101, -2.2223, 0.0502, -0.4515, 0.0000
0.0000, 1.7741, 0.4107, -2.2256, 0.0503, -0.4520, -0.0000
0.0000, 1.7767, 0.4113, -2.2289, 0.0504, -0.4525, 0.0000
0.0000, 1.7794, 0.4119, -2.2322, 0.0505, -0.4530, 0.0000
0.0000, 1.7820, 0.4125, -2.2355, 0.0506, -0.4534, -0.0000
0.0000, 1.7846, 0.4130, -2.2388, 0.0507, -0.4539, -0.0000
0.0000, 1.7872, 0.4136, -2.2421, 0.0508, -0.4544, -0.0000
0.0000, 1.7898, 0.4142, -2.2454, 0.0509, -0.4549, -0.0000
0.0000, 1.7924, 0.4148, -2.2487, 0.0510, -0.4553, -0.0000
0.0000, 1.7950, 0.4154, -2.2520, 0.0511, -0.4558, 0.0000
0.0000, 1.7977, 0.4159, -2.2553, 0.0512, -0.4563, -0.0000
0.0000, 1.8003, 0.4165, -2.2585, 0.0513, -0.4567, 0.0000
0.0000, 1.8029, 0.4171, -2.2618, 0.0513, -0.4572, -0.0000
0.0000, 1.8054, 0.4176, -2.2651, 0.0514, -0.4576, -0.0000
0.0000, 1.8080, 0.4182, -2.2683, 0.0515, -0.4581, -0.0000
0.0000, 1.8106, 0.4188, -2.2716, 0.0516, -0.4586, -0.0000
0.0000, 1.8132, 0.4194, -2.2749, 0.0517, -0.4590, -0.0000
0.0000, 1.8158, 0.4199, -2.2782, 0.0518, -0.4595, 0.0000
0.0000, 1.8184, 0.4205, -2.2814, 0.0519, -0.4599, 0.0000
0.0000, 1.8210, 0.4211, -2.2847, 0.0520, -0.4604, -0.0000
0.0000, 1.8236, 0.4217, -2.2879, 0.0521, -0.4608, -0.0000
0.0000, 1.8261, 0.4222, -2.2912, 0.0522, -0.4612, 0.0000
0.0000, 1.8287, 0.4228, -2.2944, 0.0523, -0.4617, -0.0000
0.0000, 1.8313, 0.4234, -2.2977, 0.0524, -0.4621, -0.0000
0.0000, 1.8338, 0.4239, -2.3009, 0.0524, -0.4625, 0.0000
0.0000, 1.8364, 0.4245, -2.3041, 0.0525, -0.4630, 0.0000
0.0000, 1.8390, 0.4251, -2.3074, 0.0526, -0.4634, 0.0000
0.0000, 1.8415, 0.4256, -2.3106, 0.0527, -0.4638, 0.0000
0.0000, 1.8441, 0.4262, -2.3138, 0.0528, -0.4642, 0.0000
0.0000, 1.8466, 0.4267, -2.3170, 0.0529, -0.4646, -0.0000
0.0000, 1.8492, 0.4273, -2.3203, 0.0530, -0.4651, -0.0000
0.0000, 1.8518, 0.4279, -2.3235, 0.0531, -0.4655, 0.0000
0.0000, 1.8543, 0.4284, -2.3267, 0.0532, -0.4659, -0.0000
0.0000, 1.8569, 0.4290, -2.3299, 0.0533, -0.4663, 0.0000
0.0000, 1.8594, 0.4295, -2.3331, 0.0534, -0.4667, -0.0000
0.0000, 1.8620, 0.4301, -2.3363, 0.0535, -0.4671, -0.0000
0.0000, 1.8645, 0.4307, -2.3395, 0.0536, -0.4675, 0.0000
0.0000, 1.8670, 0.4312, -2.3427, 0.0537, -0.4679, -0.0000
0.0000, 1.8696, 0.4318, -2.3459, 0.0537, -0.4683, 0.0000
0.0000, 1.8721, 0.4323, -2.3491, 0.0538, -0.4687, 0.0000
0.0000, 1.8746, 0.4329, -2.3523, 0.0539, -0.4691, 0.0000
0.0000, 1.8772, 0.4334, -2.3555, 0.0540, -0.4695, -0.0000
0.0000, 1.8797, 0.4340, -2.3587, 0.0541, -0.4699, 0.0000
0.0000, 1.8822, 0.4345, -2.3619, 0.0542, -0.4703, 0.0000
0.0000, 1.8848, 0.4351, -2.3651, 0.0543, -0.4707, -0.0000
0.0000, 1.8873, 0.4356, -2.3683, 0.0544, -0.4710, 0.0000
0.0000, 1.8898, 0.4362, -2.3715, 0.0545, -0.4714, -0.0000
0.0000, 1.8923, 0.4367, -2.3746, 0.0546, -0.4718, -0.0000
0.0000, 1.8948, 0.4373, -2.3778, 0.0547, -0.4722, 0.0000
0.0000, 1.8974, 0.4378, -2.3810, 0.0548, -0.4726, -0.0000
0.0000, 1.8999, 0.4384, -2.3841, 0.0549, -0.4729, -0.0000
0.0000, 1.9024, 0.4389, -2.3873, 0.0550, -0.4733, 0.0000
0.0000, 1.9049, 0.4395, -2.3904, 0.0550, -0.4737, 0.0000
0.0000, 1.9074, 0.4400, -2.3936, 0.0551, -0.4740, 0.0000
0.0000, 1.9099, 0.4405, -2.3967, 0.0552, -0.4744, -0.0000
0.0000, 1.9124, 0.4411, -2.3999, 0.0553, -0.4747, 0.0000
0.0000, 1.9149, 0.4416, -2.4030, 0.0554, -0.4751, -0.0000
0.0000, 1.9173, 0.4421, -2.4062, 0.0555, -0.4754, 0.0000
0.0000, 1.9198, 0.4427, -2.4093, 0.0556, -0.4758, 0.0000
0.0000, 1.9223, 0.4432, -2.4124, 0.0557, -0.4761, -0.0000
0.0000, 1.9248, 0.4437, -2.4155, 0.0558, -0.4765, 0.0000
0.0000, 1.9273, 0.4443, -2.4187, 0.0559, -0.4768, 0.0000
0.0000, 1.9298, 0.4448, -2.4218, 0.0560, -0.4772, 0.0000
0.0000, 1.9322, 0.4454, -2.4249, 0.0561, -0.4775, 0.0000
0.0000, 1.9347, 0.4459, -2.4280, 0.0561, -0.4778, 0.0000
0.0000, 1.9372, 0.4464, -2.4311, 0.0562, -0.4782, -0.0000
0.0000, 1.9396, 0.4469, -2.4342, 0.0563, -0.4785, -0.0000
0.0000, 1.9421, 0.4475, -2.4374, 0.0564, -0.4788, -0.0000
0.0000, 1.9445, 0.4480, -2.4405, 0.0565, -0.4792, 0.0000
0.0000, 1.9470, 0.4485, -2.4435, 0.0566, -0.4795, -0.0000
0.0000, 1.9494, 0.4490, -2.4466, 0.0567, -0.4798, 0.0000
0.0000, 1.9519, 0.4496, -2.4497, 0.0568, -0.4801, 0.0000
0.0000, 1.9543, 0.4501, -2.4528, 0.0569, -0.4804, -0.0000
0.0000, 1.9568, 0.4506, -2.4559, 0.0570, -0.4807, 0.0000
0.0000, 1.9592, 0.4511, -2.4590, 0.0571, -0.4810, 0.0000
0.0000, 1.9617, 0.4516, -2.4620, 0.0572, -0.4813, 0.0000
0.0000, 1.9641, 0.4522, -2.4651, 0.0573, -0.4816, 0.0000
0.0000, 1.9665, 0.4527, -2.4681, 0.0574, -0.4819, 0.0000
0.0000, 1.9689, 0.4532, -2.4712, 0.0574, -0.4822, -0.0000
0.0000, 1.9714, 0.4537, -2.4743, 0.0575, -0.4825, -0.0000
0.0000, 1.9738, 0.4542, -2.4773, 0.0576, -0.4828, 0.0000
0.0000, 1.9762, 0.4547, -2.4804, 0.0577, -0.4831, 0.0000
0.0000, 1.9786, 0.4553, -2.4834, 0.0578, -0.4834, 0.0000
0.0000, 1.9810, 0.4558, -2.4864, 0.0579, -0.4836, 0.0000
0.0000, 1.9834, 0.4563, -2.4895, 0.0580, -0.4839, 0.0000
0.0000, 1.9858, 0.4568, -2.4925, 0.0581, -0.4842, 0.0000
0.0000, 1.9883, 0.4573, -2.4955, 0.0582, -0.4844, -0.0000
0.0000, 1.9906, 0.4578, -2.4985, 0.0583, -0.4847, 0.0000
0.0000, 1.9930, 0.4583, -2.5015, 0.0584, -0.4849, 0.0000
0.0000, 1.9954, 0.4588, -2.5046, 0.0585, -0.4852, -0.0000
0.0000, 1.9978, 0.4593, -2.5076, 0.0585, -0.4855, 0.0000
0.0000, 2.0002, 0.4598, -2.5106, 0.0586, -0.4857, -0.0000
0.0000, 2.0026, 0.4603, -2.5136, 0.0587, -0.4860, 0.0000
0.0000, 2.0049, 0.4608, -2.5166, 0.0588, -0.4862, -0.0000
0.0000, 2.0073, 0.4613, -2.5195, 0.0589, -0.4864, -0.0000
0.0000, 2.0097, 0.4618, -2.5226, 0.0590, -0.4867, -0.0000
0.0000, 2.0121, 0.4623, -2.5255, 0.0591, -0.4869, -0.0000
0.0000, 2.0144, 0.4628, -2.5285, 0.0592, -0.4872, -0.0000
0.0000, 2.0168, 0.4633, -2.5315, 0.0593, -0.4874, -0.0000
0.0000, 2.0191, 0.4638, -2.5344, 0.0593, -0.4876, -0.0000
0.0000, 2.0215, 0.4643, -2.5374, 0.0594, -0.4879, 0.0000
0.0000, 2.0239, 0.4648, -2.5404, 0.0595, -0.4881, -0.0000
0.0000, 2.0262, 0.4653, -2.5434, 0.0596, -0.4883, 0.0000
0.0000, 2.0286, 0.4657, -2.5463, 0.0597, -0.4885, 0.0000
0.0000, 2.0309, 0.4662, -2.5492, 0.0598, -0.4887, 0.0000
0.0000, 2.0333, 0.4667, -2.5522, 0.0599, -0.4890, -0.0000
0.0000, 2.0356, 0.4672, -2.5552, 0.0600, -0.4892, -0.0000
0.0000, 2.0379, 0.4677, -2.5581, 0.0601, -0.4894, 0.0000
0.0000, 2.0403, 0.4682, -2.5611, 0.0602, -0.4896, 0.0000
0.0000, 2.0426, 0.4687, -2.5640, 0.0603, -0.4898, 0.0000
0.0000, 2.0449, 0.4691, -2.5669, 0.0604, -0.4900, -0.0000
0.0000, 2.0472, 0.4696, -2.5698, 0.0605, -0.4902, -0.0000
0.0000, 2.0496, 0.4701, -2.5728, 0.0605, -0.4904, -0.0000
0.0000, 2.0519, 0.4706, -2.5757, 0.0606, -0.4906, 0.0000
0.0000, 2.0542, 0.4711, -2.5786, 0.0607, -0.4908, 0.0000
0.0000, 2.0565, 0.4715, -2.5815, 0.0608, -0.4910, 0.0000
0.0000, 2.0588, 0.4720, -2.5844, 0.0609, -0.4912, -0.0000
0.0000, 2.0611, 0.4725, -2.5873, 0.0610, -0.4913, 0.0000
0.0000, 2.0634, 0.4730, -2.5902, 0.0611, -0.4915, -0.0000
0.0000, 2.0656, 0.4734, -2.5930, 0.0612, -0.4917, 0.0000
0.0000, 2.0679, 0.4739, -2.5959, 0.0613, -0.4919, 0.0000
0.0000, 2.0702, 0.4744, -2.5988, 0.0614, -0.4920, 0.0000
0.0000, 2.0725, 0.4748, -2.6017, 0.0615, -0.4922, -0.0000
0.0000, 2.0748, 0.4753, -2.6045, 0.0616, -0.4923, -0.0000
0.0000, 2.0770, 0.4758, -2.6074, 0.0617, -0.4925, 0.0000
0.0000, 2.0793, 0.4762, -2.6102, 0.0617, -0.4926, 0.0000
0.0000, 2.0816, 0.4767, -2.6131, 0.0618, -0.4928, 0.0000
0.0000, 2.0838, 0.4772, -2.6159, 0.0619, -0.4929, 0.0000
0.0000, 2.0861, 0.4776, -2.6188, 0.0620, -0.4931, -0.0000
0.0000, 2.0883, 0.4781, -2.6216, 0.0621, -0.4932, 0.0000
0.0000, 2.0906, 0.4785, -2.6245, 0.0622, -0.4934, 0.0000
0.0000, 2.0928, 0.4790, -2.6273, 0.0623, -0.4935, -0.0000
0.0000, 2.0950, 0.4794, -2.6301, 0.0624, -0.4936, -0.0000
0.0000, 2.0972, 0.4799, -2.6329, 0.0625, -0.4937, -0.0000
0.0000, 2.0995, 0.4803, -2.6357, 0.0626, -0.4938, 0.0000
0.0000, 2.1017, 0.4808, -2.6385, 0.0627, -0.4939, 0.0000
0.0000, 2.1039, 0.4812, -2.6413, 0.0628, -0.4941, 0.0000
0.0000, 2.1061, 0.4817, -2.6441, 0.0629, -0.4942, -0.0000
0.0000, 2.1083, 0.4821, -2.6469, 0.0630, -0.4943, 0.0000
0.0000, 2.1105, 0.4826, -2.6496, 0.0631, -0.4943, -0.0000
0.0000, 2.1127, 0.4830, -2.6524, 0.0632, -0.4944, -0.0000
0.0000, 2.1148, 0.4835, -2.6551, 0.0632, -0.4945, -0.0000
0.0000, 2.1170, 0.4839, -2.6579, 0.0633, -0.4946, -0.0000
0.0000, 2.1192, 0.4843, -2.6606, 0.0634, -0.4947, -0.0000
0.0000, 2.1214, 0.4848, -2.6634, 0.0635, -0.4947, 0.0000
0.0000, 2.1235, 0.4852, -2.6661, 0.0636, -0.4948, 0.0000
0.0000, 2.1257, 0.4856, -2.6688, 0.0637, -0.4948, -0.0000
0.0000, 2.1278, 0.4861, -2.6715, 0.0638, -0.4949, -0.0000
0.0000, 2.1300, 0.4865, -2.6742, 0.0639, -0.4950, 0.0000
0.0000, 2.1321, 0.4869, -2.6770, 0.0640, -0.4950, -0.0000
0.0000, 2.1343, 0.4873, -2.6796, 0.0641, -0.4950, 0.0000
0.0000, 2.1364, 0.4878, -2.6824, 0.0642, -0.4951, 0.0000
0.0000, 2.1385, 0.4882, -2.6851, 0.0643, -0.4952, 0.0000
0.0000, 2.1407, 0.4886, -2.6877, 0.0644, -0.4952, 0.0000
0.0000, 2.1428, 0.4890, -2.6904, 0.0645, -0.4952, -0.0000
0.0000, 2.1449, 0.4895, -2.6931, 0.0646, -0.4952, 0.0000
0.0000, 2.1470, 0.4899, -2.6958, 0.0647, -0.4953, 0.0000
0.0000, 2.1491, 0.4903, -2.6984, 0.0648, -0.4953, 0.0000
0.0000, 2.1512, 0.4907, -2.7011, 0.0649, -0.4953, -0.0000
0.0000, 2.1533, 0.4911, -2.7037, 0.0650, -0.4953, -0.0000
0.0000, 2.1554, 0.4915, -2.7064, 0.0651, -0.4953, -0.0000
0.0000, 2.1574, 0.4919, -2.7090, 0.0652, -0.4953, 0.0000
0.0000, 2.1595, 0.4923, -2.7116, 0.0653, -0.4953, 0.0000
0.0000, 2.1615, 0.4927, -2.7142, 0.0654, -0.4952, -0.0000
0.0000, 2.1636, 0.4931, -2.7168, 0.0655, -0.4952, 0.0000
0.0000, 2.1656, 0.4935, -2.7194, 0.0656, -0.4952, 0.0000
0.0000, 2.1677, 0.4939, -2.7220, 0.0657, -0.4951, 0.0000
0.0000, 2.1697, 0.4943, -2.7245, 0.0658, -0.4951, 0.0000
0.0000, 2.1717, 0.4947, -2.7271, 0.0659, -0.4950, -0.0000
0.0000, 2.1737, 0.4951, -2.7296, 0.0660, -0.4950, 0.0000
0.0000, 2.1758, 0.4955, -2.7322, 0.0661, -0.4949, -0.0000
0.0000, 2.1778, 0.4959, -2.7348, 0.0662, -0.4949, 0.0000
0.0000, 2.1798, 0.4963, -2.7373, 0.0663, -0.4948, 0.0000
0.0000, 2.1818, 0.4967, -2.7398, 0.0664, -0.4948, -0.0000
0.0000, 2.1838, 0.4970, -2.7424, 0.0665, -0.4947, -0.0000
0.0000, 2.1858, 0.4974, -2.7449, 0.0666, -0.4946, -0.0000
0.0000, 2.1878, 0.4978, -2.7474, 0.0666, -0.4945, 0.0000
0.0000, 2.1897, 0.4982, -2.7499, 0.0668, -0.4944, 0.0000
0.0000, 2.1917, 0.4985, -2.7524, 0.0668, -0.4943, 0.0000
0.0000, 2.1937, 0.4989, -2.7548, 0.0669, -0.4942, 0.0000
0.0000, 2.1956, 0.4993, -2.7573, 0.0670, -0.4941, -0.0000
0.0000, 2.1975, 0.4997, -2.7598, 0.0671, -0.4939, 0.0000
0.0000, 2.1995, 0.5000, -2.7622, 0.0672, -0.4938, 0.0000
0.0000, 2.2014, 0.5004, -2.7647, 0.0673, -0.4937, -0.0000
0.0000, 2.2033, 0.5007, -2.7671, 0.0674, -0.4935, -0.0000
0.0000, 2.2052, 0.5011, -2.7695, 0.0675, -0.4934, -0.0000
0.0000, 2.2072, 0.5015, -2.7720, 0.0676, -0.4932, -0.0000
0.0000, 2.2091, 0.5018, -2.7744, 0.0677, -0.4931, 0.0000
0.0000, 2.2110, 0.5022, -2.7768, 0.0678, -0.4929, 0.0000
0.0000, 2.2129, 0.5025, -2.7792, 0.0679, -0.4928, -0.0000
0.0000, 2.2147, 0.5029, -2.7816, 0.0680, -0.4926, 0.0000
0.0000, 2.2166, 0.5032, -2.7839, 0.0681, -0.4924, 0.0000
0.0000, 2.2185, 0.5036, -2.7863, 0.0682, -0.4922, 0.0000
0.0000, 2.2204, 0.5039, -2.7887, 0.0683, -0.4921, 0.0000
0.0000, 2.2223, 0.5043, -2.7911, 0.0684, -0.4919, -0.0000
0.0000, 2.2241, 0.5046, -2.7934, 0.0685, -0.4917, -0.0000
0.0000, 2.2260, 0.5049, -2.7958, 0.0686, -0.4915, 0.0000
0.0000, 2.2278, 0.5053, -2.7981, 0.0687, -0.4913, 0.0000
0.0000, 2.2297, 0.5056, -2.8005, 0.0688, -0.4911, 0.0000
0.0000, 2.2315, 0.5059, -2.8028, 0.0689, -0.4909, 0.0000
0.0000, 2.2334, 0.5063, -2.8051, 0.0690, -0.4907, -0.0000
0.0000, 2.2352, 0.5066, -2.8074, 0.0691, -0.4904, 0.0000
0.0000, 2.2370, 0.5069, -2.8097, 0.0692, -0.4902, 0.0000
0.0000, 2.2388, 0.5073, -2.8120, 0.0693, -0.4900, 0.0000
0.0000, 2.2406, 0.5076, -2.8143, 0.0694, -0.4897, -0.0000
0.0000, 2.2424, 0.5079, -2.8166, 0.0695, -0.4895, -0.0000
0.0000, 2.2442, 0.5082, -2.8188, 0.0696, -0.4892, 0.0000
0.0000, 2.2460, 0.5085, -2.8211, 0.0697, -0.4890, 0.0000
0.0000, 2.2477, 0.5089, -2.8233, 0.0698, -0.4887, 0.0000
0.0000, 2.2495, 0.5092, -2.8256, 0.0699, -0.4884, 0.0000
0.0000, 2.2513, 0.5095, -2.8278, 0.0700, -0.4882, 0.0000
0.0000, 2.2530, 0.5098, -2.8300, 0.0701, -0.4879, 0.0000
0.0000, 2.2548, 0.5101, -2.8323, 0.0702, -0.4876, 0.0000
0.0000, 2.2565, 0.5104, -2.8344, 0.0703, -0.4873, -0.0000
0.0000, 2.2582, 0.5107, -2.8366, 0.0704, -0.4870, -0.0000
0.0000, 2.2600, 0.5110, -2.8388, 0.0705, -0.4867, -0.0000
0.0000, 2.2617, 0.5113, -2.8410, 0.0706, -0.4864, -0.0000
0.0000, 2.2634, 0.5116, -2.8432, 0.0707, -0.4861, -0.0000
0.0000, 2.2652, 0.5119, -2.8454, 0.0708, -0.4858, 0.0000
0.0000, 2.2669, 0.5122, -2.8476, 0.0709, -0.4855, -0.0000
0.0000, 2.2686, 0.5125, -2.8497, 0.0710, -0.4851, -0.0000
0.0000, 2.2702, 0.5128, -2.8519, 0.0710, -0.4848, 0.0000
0.0000, 2.2720, 0.5131, -2.8540, 0.0711, -0.4845, -0.0000
0.0000, 2.2736, 0.5134, -2.8561, 0.0712, -0.4841, -0.0000
0.0000, 2.2753, 0.5137, -2.8582, 0.0713, -0.4838, 0.0000
0.0000, 2.2770, 0.5140, -2.8604, 0.0714, -0.4835, -0.0000
0.0000, 2.2786, 0.5142, -2.8625, 0.0715, -0.4831, 0.0000
0.0000, 2.2803, 0.5145, -2.8646, 0.0716, -0.4828, -0.0000
0.0000, 2.2820, 0.5148, -2.8667, 0.0717, -0.4824, -0.0000
0.0000, 2.2836, 0.5151, -2.8688, 0.0718, -0.4820, 0.0000
0.0000, 2.2853, 0.5154, -2.8709, 0.0719, -0.4817, -0.0000
0.0000, 2.2869, 0.5157, -2.8730, 0.0720, -0.4813, -0.0000
0.0000, 2.2886, 0.5159, -2.8750, 0.0721, -0.4809, 0.0000
0.0000, 2.2902, 0.5162, -2.8771, 0.0722, -0.4805, -0.0000
0.0000, 2.2918, 0.5165, -2.8792, 0.0723, -0.4802, -0.0000
0.0000, 2.2935, 0.5167, -2.8812, 0.0724, -0.4798, 0.0000
0.0000, 2.2951, 0.5170, -2.8833, 0.0725, -0.4794, 0.0000
0.0000, 2.2967, 0.5173, -2.8853, 0.0726, -0.4790, 0.0000
0.0000, 2.2983, 0.5176, -2.8873, 0.0727, -0.4786, -0.0000
0.0000, 2.2999, 0.5178, -2.8894, 0.0728, -0.4782, -0.0000
0.0000, 2.3015, 0.5181, -2.8914, 0.0729, -0.4778, -0.0000
0.0000, 2.3030, 0.5183, -2.8934, 0.0730, -0.4773, 0.0000
0.0000, 2.3046, 0.5186, -2.8954, 0.0731, -0.4769, -0.0000
0.0000, 2.3062, 0.5188, -2.8974, 0.0732, -0.4765, -0.0000
0.0000, 2.3078, 0.5191, -2.8994, 0.0732, -0.4761, -0.0000
0.0000, 2.3094, 0.5194, -2.9014, 0.0733, -0.4756, 0.0000
0.0000, 2.3109, 0.5196, -2.9033, 0.0734, -0.4752, -0.0000
0.0000, 2.3125, 0.5199, -2.9053, 0.0735, -0.4748, 0.0000
0.0000, 2.3140, 0.5201, -2.9073, 0.0736, -0.4743, -0.0000
0.0000, 2.3156, 0.5204, -2.9093, 0.0737, -0.4739, -0.0000
0.0000, 2.3171, 0.5206, -2.9112, 0.0738, -0.4735, 0.0000
0.0000, 2.3186, 0.5209, -2.9131, 0.0739, -0.4730, 0.0000
0.0000, 2.3202, 0.5211, -2.9151, 0.0740, -0.4725, 0.0000
0.0000, 2.3217, 0.5213, -2.9170, 0.0741, -0.4720, -0.0000
0.0000, 2.3232, 0.5216, -2.9189, 0.0742, -0.4716, -0.0000
0.0000, 2.3247, 0.5218, -2.9208, 0.0743, -0.4711, 0.0000
0.0000, 2.3262, 0.5221, -2.9227, 0.0744, -0.4706, -0.0000
0.0000, 2.3276, 0.5223, -2.9245, 0.0745, -0.4701, -0.0000
0.0000, 2.3291, 0.5225, -2.9264, 0.0746, -0.4696, 0.0000
0.0000, 2.3306, 0.5227, -2.9282, 0.0747, -0.4691, 0.0000
0.0000, 2.3320, 0.5229, -2.9301, 0.0748, -0.4685, 0.0000
0.0000, 2.3335, 0.5232, -2.9319, 0.0749, -0.4680, 0.0000
0.0000, 2.3349, 0.5234, -2.9337, 0.0750, -0.4675, 0.0000
0.0000, 2.3363, 0.5236, -2.9356, 0.0751, -0.4669, 0.0000
0.0000, 2.3378, 0.5238, -2.9374, 0.0752, -0.4664, -0.0000
0.0000, 2.3392, 0.5240, -2.9392, 0.0753, -0.4659, -0.0000
0.0000, 2.3406, 0.5242, -2.9410, 0.0754, -0.4653, -0.0000
0.0000, 2.3420, 0.5244, -2.9427, 0.0755, -0.4647, -0.0000
0.0000, 2.3434, 0.5247, -2.9445, 0.0756, -0.4642, 0.0000
0.0000, 2.3448, 0.5248, -2.9463, 0.0756, -0.4636, -0.0000
0.0000, 2.3462, 0.5250, -2.9480, 0.0757, -0.4630, 0.0000
0.0000, 2.3475, 0.5252, -2.9497, 0.0758, -0.4624, 0.0000
0.0000, 2.3488, 0.5254, -2.9514, 0.0759, -0.4618, 0.0000
0.0000, 2.3502, 0.5256, -2.9531, 0.0760, -0.4611, 0.0000
0.0000, 2.3515, 0.5258, -2.9548, 0.0761, -0.4605, 0.0000
0.0000, 2.3528, 0.5260, -2.9564, 0.0762, -0.4599, 0.0000
0.0000, 2.3541, 0.5262, -2.9581, 0.0763, -0.4592, 0.0000
0.0000, 2.3554, 0.5263, -2.9597, 0.0764, -0.4586, 0.0000
0.0000, 2.3567, 0.5265, -2.9614, 0.0765, -0.4579, -0.0000
0.0000, 2.3580, 0.5267, -2.9630, 0.0766, -0.4573, 0.0000
0.0000, 2.3593, 0.5269, -2.9647, 0.0767, -0.4566, 0.0000
0.0000, 2.3605, 0.5270, -2.9663, 0.0768, -0.4559, 0.0000
0.0000, 2.3618, 0.5272, -2.9678, 0.0769, -0.4552, -0.0000
0.0000, 2.3630, 0.5274, -2.9694, 0.0770, -0.4545, -0.0000
0.0000, 2.3643, 0.5275, -2.9710, 0.0771, -0.4539, 0.0000
0.0000, 2.3655, 0.5277, -2.9726, 0.0772, -0.4531, 0.0000
0.0000, 2.3667, 0.5278, -2.9741, 0.0773, -0.4524, -0.0000
0.0000, 2.3679, 0.5280, -2.9756, 0.0774, -0.4517, 0.0000
0.0000, 2.3691, 0.5281, -2.9771, 0.0775, -0.4509, -0.0000
0.0000, 2.3703, 0.5283, -2.9786, 0.0776, -0.4502, 0.0000
0.0000, 2.3715, 0.5284, -2.9802, 0.0777, -0.4495, 0.0000
0.0000, 2.3726, 0.5286, -2.9816, 0.0778, -0.4487, -0.0000
0.0000, 2.3738, 0.5287, -2.9831, 0.0779, -0.4480, 0.0000
0.0000, 2.3750, 0.5288, -2.9846, 0.0780, -0.4472, 0.0000
0.0000, 2.3761, 0.5290, -2.9861, 0.0781, -0.4465, -0.0000
0.0000, 2.3773, 0.5291, -2.9875, 0.0782, -0.4457, 0.0000
0.0000, 2.3784, 0.5292, -2.9890, 0.0783, -0.4449, 0.0000
0.0000, 2.3795, 0.5294, -2.9904, 0.0783, -0.4441, 0.0000
0.0000, 2.3807, 0.5295, -2.9919, 0.0785, -0.4433, 0.0000
0.0000, 2.3818, 0.5296, -2.9932, 0.0785, -0.4425, -0.0000
0.0000, 2.3828, 0.5297, -2.9946, 0.0786, -0.4417, -0.0000
0.0000, 2.3839, 0.5298, -2.9960, 0.0787, -0.4408, 0.0000
0.0000, 2.3850, 0.5300, -2.9973, 0.0788, -0.4400, -0.0000
0.0000, 2.3860, 0.5301, -2.9987, 0.0789, -0.4391, -0.0000
0.0000, 2.3871, 0.5302, -3.0000, 0.0790, -0.4383, 0.0000
0.0000, 2.3882, 0.5303, -3.0014, 0.0791, -0.4375, 0.0000
0.0000, 2.3892, 0.5304, -3.0027, 0.0792, -0.4366, 0.0000
0.0000, 2.3903, 0.5305, -3.0040, 0.0793, -0.4358, 0.0000
0.0000, 2.3913, 0.5306, -3.0054, 0.0794, -0.4349, -0.0000
0.0000, 2.3923, 0.5307, -3.0067, 0.0795, -0.4341, 0.0000
0.0000, 2.3934, 0.5308, -3.0080, 0.0796, -0.4332, -0.0000
0.0000, 2.3944, 0.5309, -3.0093, 0.0797, -0.4323, -0.0000
0.0000, 2.3954, 0.5310, -3.0106, 0.0798, -0.4315, 0.0000
0.0000, 2.3964, 0.5311, -3.0118, 0.0799, -0.4306, 0.0000
0.0000, 2.3974, 0.5312, -3.0131, 0.0800, -0.4297, -0.0000
0.0000, 2.3984, 0.5313, -3.0143, 0.0800, -0.4287, 0.0000
0.0000, 2.3993, 0.5314, -3.0156, 0.0801, -0.4278, 0.0000
0.0000, 2.4003, 0.5314, -3.0168, 0.0802, -0.4269, 0.0000
0.0000, 2.4013, 0.5315, -3.0180, 0.0803, -0.4260, 0.0000
0.0000, 2.4023, 0.5316, -3.0193, 0.0804, -0.4252, 0.0000
0.0000, 2.4033, 0.5317, -3.0206, 0.0805, -0.4243, -0.0000
0.0000, 2.4043, 0.5318, -3.0218, 0.0806, -0.4234, 0.0000
0.0000, 2.4053, 0.5319, -3.0231, 0.0807, -0.4225, -0.0000
0.0000, 2.4063, 0.5320, -3.0243, 0.0808, -0.4216, 0.0000
0.0000, 2.4073, 0.5321, -3.0256, 0.0808, -0.4208, -0.0000
0.0000, 2.4082, 0.5322, -3.0268, 0.0809, -0.4199, 0.0000
0.0000, 2.4092, 0.5322, -3.0280, 0.0810, -0.4189, -0.0000
0.0000, 2.4101, 0.5323, -3.0291, 0.0811, -0.4180, -0.0000
0.0000, 2.4110, 0.5324, -3.0303, 0.0812, -0.4170, -0.0000
0.0000, 2.4120, 0.5324, -3.0315, 0.0813, -0.4161, 0.0000
0.0000, 2.4129, 0.5325, -3.0327, 0.0814, -0.4152, -0.0000
0.0000, 2.4137, 0.5326, -3.0338, 0.0814, -0.4142, -0.0000
0.0000, 2.4146, 0.5326, -3.0349, 0.0815, -0.4132, 0.0000
0.0000, 2.4156, 0.5327, -3.0361, 0.0816, -0.4123, -0.0000
0.0000, 2.4165, 0.5328, -3.0372, 0.0817, -0.4113, -0.0000
0.0000, 2.4174, 0.5329, -3.0384, 0.0818, -0.4104, -0.0000
0.0000, 2.4183, 0.5329, -3.0395, 0.0819, -0.4095, 0.0000
0.0000, 2.4192, 0.5330, -3.0406, 0.0820, -0.4085, -0.0000
0.0000, 2.4200, 0.5330, -3.0417, 0.0821, -0.4075, 0.0000
0.0000, 2.4209, 0.5331, -3.0428, 0.0821, -0.4065, 0.0000
0.0000, 2.4217, 0.5331, -3.0439, 0.0822, -0.4055, -0.0000
0.0000, 2.4225, 0.5332, -3.0449, 0.0823, -0.4045, 0.0000
0.0000, 2.4233, 0.5332, -3.0459, 0.0824, -0.4034, -0.0000
0.0000, 2.4242, 0.5333, -3.0470, 0.0825, -0.4024, -0.0000
0.0000, 2.4250, 0.5333, -3.0480, 0.0826, -0.4014, 0.0000
0.0000, 2.4258, 0.5334, -3.0490, 0.0827, -0.4004, -0.0000
0.0000, 2.4266, 0.5334, -3.0500, 0.0827, -0.3993, -0.0000
0.0000, 2.4273, 0.5334, -3.0510, 0.0828, -0.3983, 0.0000
0.0000, 2.4281, 0.5334, -3.0519, 0.0829, -0.3972, 0.0000
0.0000, 2.4289, 0.5335, -3.0529, 0.0830, -0.3962, 0.0000
0.0000, 2.4296, 0.5335, -3.0538, 0.0831, -0.3951, -0.0000
0.0000, 2.4303, 0.5335, -3.0547, 0.0832, -0.3940, -0.0000
0.0000, 2.4310, 0.5335, -3.0556, 0.0833, -0.3928, 0.0000
0.0000, 2.4317, 0.5335, -3.0565, 0.0833, -0.3917, 0.0000
0.0000, 2.4324, 0.5335, -3.0573, 0.0834, -0.3905, -0.0000
0.0000, 2.4331, 0.5335, -3.0582, 0.0835, -0.3894, 0.0000
0.0000, 2.4337, 0.5335, -3.0590, 0.0836, -0.3882, 0.0000
0.0000, 2.4343, 0.5335, -3.0598, 0.0837, -0.3871, 0.0000
0.0000, 2.4350, 0.5335, -3.0606, 0.0837, -0.3859, -0.0000
0.0000, 2.4356, 0.5335, -3.0613, 0.0838, -0.3847, -0.0000
0.0000, 2.4362, 0.5335, -3.0622, 0.0839, -0.3835, -0.0000
0.0000, 2.4368, 0.5334, -3.0628, 0.0840, -0.3823, -0.0000
0.0000, 2.4374, 0.5334, -3.0636, 0.0840, -0.3811, 0.0000
0.0000, 2.4379, 0.5334, -3.0643, 0.0841, -0.3799, 0.0000
0.0000, 2.4385, 0.5334, -3.0650, 0.0842, -0.3787, -0.0000
0.0000, 2.4390, 0.5333, -3.0657, 0.0843, -0.3774, -0.0000
0.0000, 2.4396, 0.5333, -3.0664, 0.0844, -0.3761, -0.0000
0.0000, 2.4401, 0.5332, -3.0670, 0.0844, -0.3748, -0.0000
0.0000, 2.4406, 0.5332, -3.0676, 0.0845, -0.3736, 0.0000
0.0000, 2.4411, 0.5331, -3.0683, 0.0846, -0.3723, -0.0000
0.0000, 2.4416, 0.5331, -3.0689, 0.0847, -0.3710, -0.0000
0.0000, 2.4421, 0.5330, -3.0695, 0.0847, -0.3697, 0.0000
0.0000, 2.4426, 0.5330, -3.0701, 0.0848, -0.3684, 0.0000
0.0000, 2.4430, 0.5329, -3.0706, 0.0849, -0.3671, -0.0000
0.0000, 2.4435, 0.5329, -3.0712, 0.0849, -0.3657, -0.0000
0.0000, 2.4439, 0.5328, -3.0717, 0.0850, -0.3644, 0.0000
0.0000, 2.4443, 0.5327, -3.0722, 0.0851, -0.3630, -0.0000
0.0000, 2.4447, 0.5326, -3.0727, 0.0852, -0.3617, -0.0000
0.0000, 2.4452, 0.5326, -3.0733, 0.0852, -0.3603, -0.0000
0.0000, 2.4455, 0.5325, -3.0737, 0.0853, -0.3589, -0.0000
0.0000, 2.4459, 0.5324, -3.0742, 0.0854, -0.3575, -0.0000
0.0000, 2.4462, 0.5323, -3.0746, 0.0855, -0.3561, -0.0000
0.0000, 2.4466, 0.5322, -3.0750, 0.0855, -0.3547, 0.0000
0.0000, 2.4469, 0.5321, -3.0754, 0.0856, -0.3533, -0.0000
0.0000, 2.4473, 0.5320, -3.0758, 0.0856, -0.3519, -0.0000
0.0000, 2.4476, 0.5319, -3.0762, 0.0857, -0.3504, 0.0000
0.0000, 2.4479, 0.5318, -3.0766, 0.0858, -0.3490, 0.0000
0.0000, 2.4483, 0.5317, -3.0770, 0.0858, -0.3476, 0.0000
0.0000, 2.4485, 0.5316, -3.0773, 0.0859, -0.3461, -0.0000
0.0000, 2.4488, 0.5315, -3.0777, 0.0860, -0.3446, -0.0000
0.0000, 2.4491, 0.5314, -3.0780, 0.0860, -0.3432, -0.0000
0.0000, 2.4494, 0.5313, -3.0784, 0.0861, -0.3417, 0.0000
0.0000, 2.4496, 0.5312, -3.0786, 0.0862, -0.3402, 0.0000
0.0000, 2.4499, 0.5310, -3.0789, 0.0862, -0.3387, 0.0000
0.0000, 2.4502, 0.5309, -3.0793, 0.0863, -0.3373, 0.0000
0.0000, 2.4504, 0.5308, -3.0796, 0.0863, -0.3358, -0.0000
0.0000, 2.4507, 0.5307, -3.0799, 0.0864, -0.3343, 0.0000
0.0000, 2.4510, 0.5306, -3.0802, 0.0865, -0.3329, 0.0000
0.0000, 2.4512, 0.5305, -3.0805, 0.0865, -0.3314, -0.0000
0.0000, 2.4515, 0.5304, -3.0808, 0.0866, -0.3299, 0.0000
0.0000, 2.4517, 0.5302, -3.0811, 0.0866, -0.3284, 0.0000
0.0000, 2.4519, 0.5301, -3.0813, 0.0867, -0.3269, -0.0000
0.0000, 2.4522, 0.5300, -3.0816, 0.0868, -0.3254, -0.0000
0.0000, 2.4523, 0.5298, -3.0818, 0.0868, -0.3239, -0.0000
0.0000, 2.4526, 0.5297, -3.0820, 0.0869, -0.3224, 0.0000
0.0000, 2.4527, 0.5296, -3.0823, 0.0869, -0.3209, 0.0000
0.0000, 2.4530, 0.5295, -3.0825, 0.0870, -0.3194, -0.0000
0.0000, 2.4531, 0.5293, -3.0827, 0.0871, -0.3178, 0.0000
0.0000, 2.4534, 0.5292, -3.0829, 0.0871, -0.3163, -0.0000
0.0000, 2.4535, 0.5291, -3.0832, 0.0872, -0.3148, -0.0000
0.0000, 2.4537, 0.5289, -3.0834, 0.0872, -0.3133, -0.0000
0.0000, 2.4539, 0.5288, -3.0835, 0.0873, -0.3118, -0.0000
0.0000, 2.4541, 0.5287, -3.0837, 0.0873, -0.3103, 0.0000
0.0000, 2.4542, 0.5285, -3.0839, 0.0874, -0.3087, 0.0000
0.0000, 2.4543, 0.5284, -3.0840, 0.0875, -0.3071, 0.0000
0.0000, 2.4544, 0.5282, -3.0840, 0.0875, -0.3055, -0.0000
0.0000, 2.4545, 0.5280, -3.0842, 0.0876, -0.3039, 0.0000
0.0000, 2.4546, 0.5279, -3.0843, 0.0876, -0.3023, -0.0000
0.0000, 2.4546, 0.5277, -3.0843, 0.0877, -0.3007, -0.0000
0.0000, 2.4547, 0.5276, -3.0844, 0.0877, -0.2991, -0.0000
0.0000, 2.4548, 0.5274, -3.0844, 0.0878, -0.2975, -0.0000
0.0000, 2.4548, 0.5273, -3.0845, 0.0879, -0.2959, -0.0000
0.0000, 2.4549, 0.5271, -3.0845, 0.0879, -0.2943, -0.0000
0.0000, 2.4548, 0.5269, -3.0845, 0.0880, -0.2926, -0.0000
0.0000, 2.4548, 0.5267, -3.0844, 0.0880, -0.2909, 0.0000
0.0000, 2.4548, 0.5265, -3.0843, 0.0881, -0.2892, -0.0000
0.0000, 2.4547, 0.5263, -3.0842, 0.0881, -0.2875, -0.0000
0.0000, 2.4547, 0.5261, -3.0842, 0.0882, -0.2858, -0.0000
0.0000, 2.4546, 0.5259, -3.0840, 0.0882, -0.2841, 0.0000
0.0000, 2.4545, 0.5257, -3.0839, 0.0883, -0.2823, 0.0000
0.0000, 2.4544, 0.5255, -3.0838, 0.0884, -0.2806, -0.0000
0.0000, 2.4543, 0.5253, -3.0836, 0.0884, -0.2788, -0.0000
0.0000, 2.4542, 0.5251, -3.0834, 0.0885, -0.2771, -0.0000
0.0000, 2.4540, 0.5249, -3.0832, 0.0885, -0.2753, -0.0000
0.0000, 2.4539, 0.5247, -3.0830, 0.0886, -0.2735, -0.0000
0.0000, 2.4537, 0.5244, -3.0827, 0.0886, -0.2717, -0.0000
0.0000, 2.4535, 0.5242, -3.0825, 0.0887, -0.2699, 0.0000
0.0000, 2.4533, 0.5240, -3.0822, 0.0888, -0.2681, -0.0000
0.0000, 2.4531, 0.5238, -3.0819, 0.0888, -0.2663, 0.0000
0.0000, 2.4528, 0.5235, -3.0816, 0.0889, -0.2644, 0.0000
0.0000, 2.4526, 0.5233, -3.0813, 0.0889, -0.2626, 0.0000
0.0000, 2.4524, 0.5231, -3.0810, 0.0890, -0.2608, 0.0000
0.0000, 2.4521, 0.5228, -3.0806, 0.0890, -0.2589, -0.0000
0.0000, 2.4518, 0.5225, -3.0802, 0.0891, -0.2570, 0.0000
0.0000, 2.4515, 0.5223, -3.0799, 0.0891, -0.2551, 0.0000
0.0000, 2.4513, 0.5220, -3.0795, 0.0892, -0.2532, -0.0000
0.0000, 2.4509, 0.5218, -3.0790, 0.0892, -0.2513, -0.0000
0.0000, 2.4505, 0.5215, -3.0786, 0.0893, -0.2494, 0.0000
0.0000, 2.4502, 0.5212, -3.0781, 0.0894, -0.2475, 0.0000
0.0000, 2.4499, 0.5210, -3.0777, 0.0894, -0.2456, 0.0000
0.0000, 2.4495, 0.5207, -3.0772, 0.0895, -0.2436, -0.0000
0.0000, 2.4491, 0.5204, -3.0767, 0.0895, -0.2417, -0.0000
0.0000, 2.4487, 0.5202, -3.0761, 0.0896, -0.2397, 0.0000
0.0000, 2.4483, 0.5199, -3.0756, 0.0896, -0.2377, 0.0000
0.0000, 2.4479, 0.5196, -3.0751, 0.0897, -0.2357, -0.0000
0.0000, 2.4475, 0.5193, -3.0745, 0.0897, -0.2337, 0.0000
0.0000, 2.4471, 0.5190, -3.0740, 0.0898, -0.2318, -0.0000
0.0000, 2.4466, 0.5187, -3.0733, 0.0898, -0.2298, -0.0000
0.0000, 2.4462, 0.5185, -3.0728, 0.0899, -0.2278, 0.0000
0.0000, 2.4458, 0.5182, -3.0722, 0.0899, -0.2258, 0.0000
0.0000, 2.4453, 0.5179, -3.0716, 0.0899, -0.2238, -0.0000
0.0000, 2.4449, 0.5176, -3.0710, 0.0900, -0.2218, -0.0000
0.0000, 2.4445, 0.5173, -3.0705, 0.0900, -0.2198, 0.0000
0.0000, 2.4440, 0.5170, -3.0699, 0.0901, -0.2178, -0.0000
0.0000, 2.4436, 0.5168, -3.0693, 0.0901, -0.2159, 0.0000
0.0000, 2.4432, 0.5165, -3.0688, 0.0901, -0.2139, 0.0000
0.0000, 2.4427, 0.5162, -3.0681, 0.0902, -0.2119, -0.0000
0.0000, 2.4423, 0.5159, -3.0675, 0.0902, -0.2099, -0.0000
0.0000, 2.4418, 0.5156, -3.0669, 0.0903, -0.2079, 0.0000
0.0000, 2.4413, 0.5153, -3.0662, 0.0903, -0.2059, 0.0000
0.0000, 2.4408, 0.5150, -3.0656, 0.0904, -0.2039, -0.0000
0.0000, 2.4404, 0.5147, -3.0650, 0.0904, -0.2019, 0.0000
0.0000, 2.4399, 0.5144, -3.0644, 0.0904, -0.1999, 0.0000
0.0000, 2.4394, 0.5141, -3.0637, 0.0905, -0.1979, 0.0000
0.0000, 2.4389, 0.5139, -3.0631, 0.0905, -0.1959, -0.0000
0.0000, 2.4384, 0.5136, -3.0624, 0.0906, -0.1939, -0.0000
0.0000, 2.4380, 0.5133, -3.0617, 0.0906, -0.1919, -0.0000
0.0000, 2.4374, 0.5130, -3.0610, 0.0906, -0.1899, -0.0000
0.0000, 2.4368, 0.5126, -3.0603, 0.0907, -0.1878, 0.0000
0.0000, 2.4362, 0.5123, -3.0595, 0.0907, -0.1857, -0.0000
0.0000, 2.4357, 0.5120, -3.0588, 0.0908, -0.1837, -0.0000
0.0000, 2.4351, 0.5117, -3.0580, 0.0908, -0.1816, -0.0000
0.0000, 2.4346, 0.5114, -3.0573, 0.0909, -0.1796, 0.0000
0.0000, 2.4340, 0.5111, -3.0566, 0.0909, -0.1775, 0.0000
0.0000, 2.4334, 0.5108, -3.0558, 0.0910, -0.1755, -0.0000
0.0000, 2.4328, 0.5105, -3.0549, 0.0910, -0.1734, 0.0000
0.0000, 2.4321, 0.5101, -3.0541, 0.0911, -0.1712, -0.0000
0.0000, 2.4315, 0.5098, -3.0532, 0.0911, -0.1691, 0.0000
0.0000, 2.4308, 0.5095, -3.0524, 0.0912, -0.1670, 0.0000
0.0000, 2.4301, 0.5092, -3.0515, 0.0912, -0.1649, -0.0000
0.0000, 2.4294, 0.5088, -3.0506, 0.0913, -0.1627, 0.0000
0.0000, 2.4287, 0.5085, -3.0497, 0.0913, -0.1606, 0.0000
0.0000, 2.4280, 0.5081, -3.0488, 0.0914, -0.1584, 0.0000
0.0000, 2.4272, 0.5078, -3.0478, 0.0914, -0.1563, 0.0000
0.0000, 2.4265, 0.5075, -3.0468, 0.0915, -0.1541, 0.0000
0.0000, 2.4257, 0.5071, -3.0458, 0.0915, -0.1519, 0.0000
0.0000, 2.4249, 0.5068, -3.0449, 0.0916, -0.1497, 0.0000
0.0000, 2.4241, 0.5064, -3.0438, 0.0916, -0.1475, 0.0000
0.0000, 2.4233, 0.5060, -3.0428, 0.0917, -0.1452, 0.0000
0.0000, 2.4225, 0.5057, -3.0417, 0.0917, -0.1430, -0.0000
0.0000, 2.4216, 0.5053, -3.0406, 0.0918, -0.1408, -0.0000
0.0000, 2.4208, 0.5049, -3.0395, 0.0918, -0.1385, 0.0000
0.0000, 2.4199, 0.5046, -3.0385, 0.0919, -0.1363, 0.0000
0.0000, 2.4190, 0.5042, -3.0373, 0.0919, -0.1340, -0.0000
0.0000, 2.4181, 0.5038, -3.0361, 0.0919, -0.1317, -0.0000
0.0000, 2.4172, 0.5034, -3.0349, 0.0920, -0.1293, 0.0000
0.0000, 2.4162, 0.5030, -3.0337, 0.0920, -0.1270, 0.0000
0.0000, 2.4152, 0.5026, -3.0325, 0.0921, -0.1247, 0.0000
0.0000, 2.4142, 0.5022, -3.0312, 0.0921, -0.1223, 0.0000
0.0000, 2.4132, 0.5018, -3.0299, 0.0922, -0.1199, 0.0000
0.0000, 2.4122, 0.5014, -3.0286, 0.0922, -0.1175, -0.0000
0.0000, 2.4112, 0.5010, -3.0273, 0.0922, -0.1151, 0.0000
0.0000, 2.4102, 0.5005, -3.0259, 0.0923, -0.1127, 0.0000
0.0000, 2.4092, 0.5001, -3.0246, 0.0923, -0.1104, 0.0000
0.0000, 2.4081, 0.4997, -3.0233, 0.0924, -0.1079, 0.0000
0.0000, 2.4070, 0.4993, -3.0219, 0.0924, -0.1055, 0.0000
0.0000, 2.4060, 0.4989, -3.0205, 0.0924, -0.1031, -0.0000
0.0000, 2.4049, 0.4984, -3.0191, 0.0925, -0.1006, 0.0000
0.0000, 2.4038, 0.4980, -3.0177, 0.0925, -0.0982, -0.0000
0.0000, 2.4027, 0.4976, -3.0162, 0.0925, -0.0958, -0.0000
0.0000, 2.4016, 0.4972, -3.0149, 0.0926, -0.0933, -0.0000
0.0000, 2.4006, 0.4967, -3.0135, 0.0926, -0.0910, 0.0000
0.0000, 2.3994, 0.4963, -3.0120, 0.0926, -0.0885, -0.0000
0.0000, 2.3983, 0.4959, -3.0106, 0.0927, -0.0861, -0.0000
0.0000, 2.3973, 0.4955, -3.0093, 0.0927, -0.0837, -0.0000
0.0000, 2.3962, 0.4950, -3.0078, 0.0927, -0.0813, 0.0000
0.0000, 2.3951, 0.4946, -3.0064, 0.0927, -0.0788, 0.0000
0.0000, 2.3940, 0.4942, -3.0049, 0.0928, -0.0764, 0.0000
0.0000, 2.3929, 0.4937, -3.0034, 0.0928, -0.0739, -0.0000
0.0000, 2.3918, 0.4933, -3.0020, 0.0928, -0.0715, -0.0000
0.0000, 2.3906, 0.4929, -3.0005, 0.0928, -0.0690, -0.0000
0.0000, 2.3895, 0.4925, -2.9991, 0.0929, -0.0666, -0.0000
0.0000, 2.3884, 0.4920, -2.9976, 0.0929, -0.0642, -0.0000
0.0000, 2.3873, 0.4916, -2.9961, 0.0929, -0.0618, -0.0000
0.0000, 2.3862, 0.4912, -2.9947, 0.0929, -0.0594, -0.0000
0.0000, 2.3850, 0.4907, -2.9932, 0.0929, -0.0569, 0.0000
0.0000, 2.3839, 0.4903, -2.9917, 0.0930, -0.0545, 0.0000
0.0000, 2.3827, 0.4898, -2.9901, 0.0930, -0.0520, 0.0000
0.0000, 2.3815, 0.4894, -2.9885, 0.0930, -0.0495, -0.0000
0.0000, 2.3803, 0.4889, -2.9869, 0.0930, -0.0470, -0.0000
0.0000, 2.3791, 0.4885, -2.9854, 0.0931, -0.0445, 0.0000
0.0000, 2.3779, 0.4880, -2.9838, 0.0931, -0.0420, -0.0000
0.0000, 2.3766, 0.4876, -2.9822, 0.0931, -0.0395, 0.0000
0.0000, 2.3754, 0.4871, -2.9805, 0.0931, -0.0370, -0.0000
0.0000, 2.3741, 0.4867, -2.9789, 0.0931, -0.0344, -0.0000
0.0000, 2.3728, 0.4862, -2.9772, 0.0932, -0.0319, -0.0000
0.0000, 2.3715, 0.4857, -2.9754, 0.0932, -0.0293, 0.0000
0.0000, 2.3701, 0.4853, -2.9737, 0.0932, -0.0267, 0.0000
0.0000, 2.3687, 0.4848, -2.9719, 0.0932, -0.0241, -0.0000
0.0000, 2.3673, 0.4843, -2.9701, 0.0933, -0.0214, 0.0000
0.0000, 2.3659, 0.4838, -2.9683, 0.0933, -0.0188, -0.0000
0.0000, 2.3645, 0.4833, -2.9664, 0.0933, -0.0162, -0.0000
0.0000, 2.3630, 0.4828, -2.9646, 0.0933, -0.0135, -0.0000
0.0000, 2.3615, 0.4823, -2.9627, 0.0934, -0.0108, 0.0000
0.0000, 2.3601, 0.4818, -2.9607, 0.0934, -0.0081, -0.0000
0.0000, 2.3585, 0.4813, -2.9588, 0.0934, -0.0054, -0.0000
0.0000, 2.3570, 0.4808, -2.9568, 0.0935, -0.0027, -0.0000
0.0000, 2.3554, 0.4803, -2.9548, 0.0935, 0.0001, 0.0000
0.0000, 2.3539, 0.4798, -2.9528, 0.0935, 0.0028, 0.0000
0.0000, 2.3523, 0.4792, -2.9508, 0.0935, 0.0056, -0.0000
0.0000, 2.3507, 0.4787, -2.9487, 0.0936, 0.0083, -0.0000
0.0000, 2.3491, 0.4782, -2.9467, 0.0936, 0.0111, -0.0000
0.0000, 2.3475, 0.4777, -2.9446, 0.0936, 0.0139, -0.0000
0.0000, 2.3458, 0.4771, -2.9425, 0.0937, 0.0167, -0.0000
0.0000, 2.3442, 0.4766, -2.9404, 0.0937, 0.0195, -0.0000
0.0000, 2.3425, 0.4760, -2.9383, 0.0937, 0.0223, 0.0000
0.0000, 2.3408, 0.4755, -2.9360, 0.0937, 0.0252, 0.0000
0.0000, 2.3391, 0.4749, -2.9338, 0.0937, 0.0281, 0.0000
0.0000, 2.3374, 0.4744, -2.9316, 0.0938, 0.0309, -0.0000
0.0000, 2.3357, 0.4738, -2.9294, 0.0938, 0.0338, 0.0000
0.0000, 2.3340, 0.4733, -2.9273, 0.0938, 0.0366, 0.0000
0.0000, 2.3322, 0.4727, -2.9250, 0.0938, 0.0395, -0.0000
0.0000, 2.3305, 0.4722, -2.9228, 0.0938, 0.0423, -0.0000
0.0000, 2.3287, 0.4716, -2.9205, 0.0939, 0.0453, 0.0000
0.0000, 2.3269, 0.4710, -2.9181, 0.0939, 0.0482, 0.0000
0.0000, 2.3251, 0.4705, -2.9159, 0.0939, 0.0511, -0.0000
0.0000, 2.3234, 0.4699, -2.9136, 0.0939, 0.0539, 0.0000
0.0000, 2.3217, 0.4694, -2.9114, 0.0939, 0.0568, -0.0000
0.0000, 2.3199, 0.4689, -2.9092, 0.0939, 0.0596, -0.0000
0.0000, 2.3183, 0.4683, -2.9070, 0.0939, 0.0624, 0.0000
0.0000, 2.3166, 0.4678, -2.9047, 0.0940, 0.0652, 0.0000
0.0000, 2.3149, 0.4672, -2.9026, 0.0940, 0.0680, -0.0000
0.0000, 2.3132, 0.4667, -2.9003, 0.0940, 0.0709, 0.0000
0.0000, 2.3115, 0.4661, -2.8981, 0.0940, 0.0737, -0.0000
0.0000, 2.3098, 0.4656, -2.8959, 0.0940, 0.0764, -0.0000
0.0000, 2.3081, 0.4651, -2.8937, 0.0940, 0.0792, 0.0000
0.0000, 2.3065, 0.4645, -2.8916, 0.0940, 0.0819, 0.0000
0.0000, 2.3049, 0.4640, -2.8895, 0.0940, 0.0846, -0.0000
0.0000, 2.3033, 0.4635, -2.8874, 0.0940, 0.0873, 0.0000
0.0000, 2.3017, 0.4630, -2.8854, 0.0941, 0.0899, 0.0000
0.0000, 2.3002, 0.4625, -2.8833, 0.0941, 0.0926, 0.0000
0.0000, 2.2986, 0.4620, -2.8812, 0.0941, 0.0952, -0.0000
0.0000, 2.2969, 0.4615, -2.8791, 0.0941, 0.0980, -0.0000
0.0000, 2.2954, 0.4610, -2.8770, 0.0941, 0.1006, 0.0000
0.0000, 2.2938, 0.4605, -2.8750, 0.0941, 0.1032, 0.0000
0.0000, 2.2922, 0.4600, -2.8729, 0.0941, 0.1059, 0.0000
0.0000, 2.2906, 0.4594, -2.8709, 0.0942, 0.1085, -0.0000
0.0000, 2.2891, 0.4590, -2.8689, 0.0942, 0.1110, -0.0000
0.0000, 2.2876, 0.4585, -2.8668, 0.0942, 0.1137, -0.0000
0.0000, 2.2860, 0.4579, -2.8647, 0.0942, 0.1163, -0.0000
0.0000, 2.2844, 0.4575, -2.8627, 0.0943, 0.1189, -0.0000
0.0000, 2.2828, 0.4569, -2.8606, 0.0943, 0.1215, -0.0000
0.0000, 2.2813, 0.4564, -2.8586, 0.0943, 0.1241, 0.0000
0.0000, 2.2797, 0.4559, -2.8565, 0.0944, 0.1267, 0.0000
0.0000, 2.2781, 0.4554, -2.8545, 0.0944, 0.1292, -0.0000
0.0000, 2.2766, 0.4550, -2.8525, 0.0944, 0.1318, 0.0000
0.0000, 2.2750, 0.4545, -2.8505, 0.0944, 0.1344, -0.0000
0.0000, 2.2735, 0.4540, -2.8485, 0.0945, 0.1369, 0.0000
0.0000, 2.2719, 0.4535, -2.8464, 0.0945, 0.1395, -0.0000
0.0000, 2.2704, 0.4530, -2.8444, 0.0945, 0.1420, -0.0000
0.0000, 2.2688, 0.4525, -2.8424, 0.0945, 0.1446, 0.0000
0.0000, 2.2672, 0.4521, -2.8403, 0.0946, 0.1472, 0.0000
0.0000, 2.2656, 0.4516, -2.8383, 0.0946, 0.1497, 0.0000
0.0000, 2.2640, 0.4511, -2.8362, 0.0946, 0.1523, -0.0000
0.0000, 2.2624, 0.4506, -2.8341, 0.0946, 0.1549, -0.0000
0.0000, 2.2609, 0.4501, -2.8321, 0.0946, 0.1574, 0.0000
0.0000, 2.2593, 0.4496, -2.8301, 0.0946, 0.1599, -0.0000
0.0000, 2.2578, 0.4492, -2.8281, 0.0947, 0.1624, 0.0000
0.0000, 2.2562, 0.4487, -2.8261, 0.0947, 0.1650, -0.0000
0.0000, 2.2547, 0.4482, -2.8240, 0.0947, 0.1675, -0.0000
0.0000, 2.2531, 0.4477, -2.8220, 0.0947, 0.1700, -0.0000
0.0000, 2.2516, 0.4473, -2.8200, 0.0947, 0.1725, 0.0000
0.0000, 2.2501, 0.4468, -2.8180, 0.0947, 0.1750, -0.0000
0.0000, 2.2486, 0.4463, -2.8161, 0.0947, 0.1774, -0.0000
0.0000, 2.2472, 0.4459, -2.8141, 0.0947, 0.1799, -0.0000
0.0000, 2.2457, 0.4454, -2.8122, 0.0947, 0.1822, 0.0000
0.0000, 2.2443, 0.4450, -2.8103, 0.0947, 0.1846, -0.0000
0.0000, 2.2429, 0.4445, -2.8085, 0.0947, 0.1870, -0.0000
0.0000, 2.2415, 0.4441, -2.8066, 0.0947, 0.1893, -0.0000
0.0000, 2.2402, 0.4436, -2.8048, 0.0947, 0.1917, 0.0000
0.0000, 2.2388, 0.4432, -2.8029, 0.0947, 0.1940, 0.0000
0.0000, 2.2375, 0.4428, -2.8011, 0.0947, 0.1963, 0.0000
0.0000, 2.2362, 0.4423, -2.7994, 0.0947, 0.1985, 0.0000
0.0000, 2.2348, 0.4419, -2.7975, 0.0947, 0.2009, 0.0000
0.0000, 2.2336, 0.4415, -2.7958, 0.0947, 0.2031, -0.0000
0.0000, 2.2324, 0.4411, -2.7941, 0.0947, 0.2053, 0.0000
0.0000, 2.2312, 0.4407, -2.7925, 0.0947, 0.2074, 0.0000
0.0000, 2.2300, 0.4403, -2.7909, 0.0946, 0.2096, 0.0000
0.0000, 2.2289, 0.4399, -2.7893, 0.0946, 0.2116, 0.0000
0.0000, 2.2279, 0.4395, -2.7878, 0.0946, 0.2137, 0.0000
0.0000, 2.2268, 0.4392, -2.7863, 0.0946, 0.2157, -0.0000
0.0000, 2.2257, 0.4388, -2.7848, 0.0946, 0.2177, 0.0000
0.0000, 2.2248, 0.4384, -2.7834, 0.0946, 0.2197, -0.0000
0.0000, 2.2238, 0.4381, -2.7820, 0.0946, 0.2217, -0.0000
0.0000, 2.2228, 0.4377, -2.7806, 0.0945, 0.2236, 0.0000
0.0000, 2.2219, 0.4374, -2.7793, 0.0945, 0.2254, -0.0000
0.0000, 2.2210, 0.4370, -2.7780, 0.0945, 0.2273, -0.0000
0.0000, 2.2201, 0.4367, -2.7766, 0.0945, 0.2292, 0.0000
0.0000, 2.2192, 0.4364, -2.7754, 0.0945, 0.2310, -0.0000
0.0000, 2.2184, 0.4361, -2.7742, 0.0945, 0.2328, -0.0000
0.0000, 2.2176, 0.4358, -2.7730, 0.0945, 0.2345, 0.0000
0.0000, 2.2169, 0.4355, -2.7719, 0.0944, 0.2362, -0.0000
0.0000, 2.2163, 0.4352, -2.7709, 0.0944, 0.2378, -0.0000
0.0000, 2.2156, 0.4349, -2.7699, 0.0944, 0.2394, 0.0000
0.0000, 2.2149, 0.4346, -2.7688, 0.0944, 0.2410, 0.0000
0.0000, 2.2143, 0.4343, -2.7678, 0.0944, 0.2426, 0.0000
0.0000, 2.2138, 0.4340, -2.7669, 0.0944, 0.2441, 0.0000
0.0000, 2.2132, 0.4338, -2.7660, 0.0944, 0.2456, -0.0000
0.0000, 2.2127, 0.4335, -2.7651, 0.0944, 0.2471, -0.0000
0.0000, 2.2122, 0.4332, -2.7643, 0.0944, 0.2486, -0.0000
0.0000, 2.2118, 0.4330, -2.7635, 0.0944, 0.2500, -0.0000
0.0000, 2.2114, 0.4327, -2.7627, 0.0944, 0.2513, 0.0000
0.0000, 2.2110, 0.4325, -2.7620, 0.0944, 0.2527, -0.0000
0.0000, 2.2106, 0.4322, -2.7612, 0.0945, 0.2541, 0.0000
0.0000, 2.2103, 0.4319, -2.7606, 0.0945, 0.2553, 0.0000
0.0000, 2.2101, 0.4317, -2.7599, 0.0946, 0.2566, -0.0000
0.0000, 2.2098, 0.4314, -2.7594, 0.0946, 0.2578, -0.0000
0.0000, 2.2096, 0.4312, -2.7588, 0.0947, 0.2590, 0.0000
0.0000, 2.2094, 0.4310, -2.7583, 0.0947, 0.2601, -0.0000
0.0000, 2.2093, 0.4307, -2.7578, 0.0948, 0.2613, -0.0000
0.0000, 2.2092, 0.4305, -2.7573, 0.0948, 0.2623, 0.0000
0.0000, 2.2092, 0.4303, -2.7570, 0.0949, 0.2634, -0.0000
0.0000, 2.2091, 0.4301, -2.7566, 0.0949, 0.2644, -0.0000
0.0000, 2.2091, 0.4299, -2.7562, 0.0949, 0.2654, -0.0000
0.0000, 2.2091, 0.4297, -2.7558, 0.0950, 0.2664, 0.0000
0.0000, 2.2091, 0.4295, -2.7556, 0.0950, 0.2673, -0.0000
0.0000, 2.2092, 0.4293, -2.7553, 0.0951, 0.2683, -0.0000
0.0000, 2.2093, 0.4291, -2.7551, 0.0951, 0.2691, 0.0000
0.0000, 2.2094, 0.4289, -2.7549, 0.0952, 0.2700, 0.0000
0.0000, 2.2096, 0.4287, -2.7547, 0.0952, 0.2709, 0.0000
0.0000, 2.2098, 0.4286, -2.7546, 0.0952, 0.2716, -0.0000
0.0000, 2.2100, 0.4284, -2.7545, 0.0953, 0.2724, -0.0000
0.0000, 2.2102, 0.4282, -2.7544, 0.0953, 0.2732, 0.0000
0.0000, 2.2105, 0.4281, -2.7544, 0.0954, 0.2738, 0.0000
0.0000, 2.2109, 0.4279, -2.7544, 0.0954, 0.2745, 0.0000
0.0000, 2.2112, 0.4278, -2.7545, 0.0954, 0.2751, 0.0000
0.0000, 2.2116, 0.4277, -2.7546, 0.0955, 0.2756, -0.0000
0.0000, 2.2121, 0.4276, -2.7548, 0.0955, 0.2762, -0.0000
0.0000, 2.2126, 0.4275, -2.7550, 0.0955, 0.2766, -0.0000
0.0000, 2.2131, 0.4273, -2.7553, 0.0956, 0.2771, 0.0000
0.0000, 2.2137, 0.4272, -2.7556, 0.0956, 0.2775, 0.0000
0.0000, 2.2143, 0.4272, -2.7559, 0.0956, 0.2779, 0.0000
0.0000, 2.2149, 0.4271, -2.7563, 0.0956, 0.2782, -0.0000
0.0000, 2.2156, 0.4270, -2.7568, 0.0956, 0.2785, 0.0000
0.0000, 2.2164, 0.4270, -2.7573, 0.0957, 0.2787, -0.0000
0.0000, 2.2172, 0.4269, -2.7579, 0.0956, 0.2789, -0.0000
0.0000, 2.2179, 0.4269, -2.7584, 0.0957, 0.2791, 0.0000
0.0000, 2.2188, 0.4269, -2.7591, 0.0957, 0.2792, 0.0000
0.0000, 2.2197, 0.4268, -2.7598, 0.0956, 0.2792, 0.0000
0.0000, 2.2206, 0.4268, -2.7605, 0.0956, 0.2793, -0.0000
0.0000, 2.2216, 0.4268, -2.7612, 0.0956, 0.2793, -0.0000
0.0000, 2.2226, 0.4268, -2.7621, 0.0956, 0.2793, -0.0000
0.0000, 2.2236, 0.4269, -2.7629, 0.0955, 0.2792, -0.0000
0.0000, 2.2247, 0.4269, -2.7638, 0.0955, 0.2791, 0.0000
0.0000, 2.2257, 0.4269, -2.7647, 0.0954, 0.2791, -0.0000
0.0000, 2.2269, 0.4270, -2.7657, 0.0954, 0.2789, 0.0000
0.0000, 2.2281, 0.4270, -2.7668, 0.0953, 0.2786, -0.0000
0.0000, 2.2293, 0.4271, -2.7678, 0.0953, 0.2784, 0.0000
0.0000, 2.2305, 0.4272, -2.7689, 0.0952, 0.2782, 0.0000
0.0000, 2.2317, 0.4273, -2.7700, 0.0951, 0.2779, -0.0000
0.0000, 2.2331, 0.4274, -2.7713, 0.0950, 0.2775, -0.0000
0.0000, 2.2345, 0.4275, -2.7726, 0.0949, 0.2771, 0.0000
0.0000, 2.2359, 0.4276, -2.7739, 0.0949, 0.2767, 0.0000
0.0000, 2.2373, 0.4277, -2.7753, 0.0948, 0.2762, 0.0000
0.0000, 2.2389, 0.4278, -2.7767, 0.0947, 0.2756, 0.0000
0.0000, 2.2404, 0.4280, -2.7782, 0.0946, 0.2751, -0.0000
0.0000, 2.2420, 0.4281, -2.7796, 0.0945, 0.2745, 0.0000
0.0000, 2.2436, 0.4283, -2.7812, 0.0944, 0.2738, 0.0000
0.0000, 2.2453, 0.4284, -2.7829, 0.0944, 0.2731, -0.0000
0.0000, 2.2471, 0.4286, -2.7846, 0.0943, 0.2723, -0.0000
0.0000, 2.2489, 0.4288, -2.7863, 0.0942, 0.2715, -0.0000
0.0000, 2.2506, 0.4290, -2.7881, 0.0941, 0.2707, -0.0000
0.0000, 2.2525, 0.4292, -2.7899, 0.0940, 0.2698, 0.0000
0.0000, 2.2544, 0.4294, -2.7918, 0.0939, 0.2689, 0.0000
0.0000, 2.2563, 0.4296, -2.7937, 0.0938, 0.2680, -0.0000
0.0000, 2.2582, 0.4298, -2.7956, 0.0937, 0.2670, -0.0000
0.0000, 2.2603, 0.4301, -2.7977, 0.0937, 0.2660, 0.0000
0.0000, 2.2623, 0.4303, -2.7997, 0.0936, 0.2650, 0.0000
0.0000, 2.2643, 0.4305, -2.8017, 0.0935, 0.2640, 0.0000
0.0000, 2.2664, 0.4308, -2.8039, 0.0934, 0.2628, -0.0000
0.0000, 2.2685, 0.4310, -2.8060, 0.0933, 0.2617, -0.0000
0.0000, 2.2707, 0.4313, -2.8083, 0.0932, 0.2605, 0.0000
0.0000, 2.2729, 0.4316, -2.8105, 0.0931, 0.2593, -0.0000
0.0000, 2.2752, 0.4319, -2.8129, 0.0930, 0.2580, -0.0000
0.0000, 2.2776, 0.4322, -2.8153, 0.0930, 0.2566, -0.0000
0.0000, 2.2799, 0.4325, -2.8177, 0.0929, 0.2553, -0.0000
0.0000, 2.2822, 0.4328, -2.8201, 0.0928, 0.2539, -0.0000
0.0000, 2.2847, 0.4331, -2.8227, 0.0927, 0.2525, 0.0000
0.0000, 2.2872, 0.4334, -2.8252, 0.0926, 0.2510, 0.0000
0.0000, 2.2897, 0.4338, -2.8279, 0.0925, 0.2494, 0.0000
0.0000, 2.2923, 0.4341, -2.8306, 0.0924, 0.2478, 0.0000
0.0000, 2.2950, 0.4345, -2.8334, 0.0923, 0.2462, 0.0000
0.0000, 2.2976, 0.4348, -2.8362, 0.0922, 0.2445, -0.0000
